2771 12880
306.736 4.56904 1
148.031 6.1461 1
248.136 9.23466 1
281.316 18.0211 1
315.143 24.8279 2
118.126 25.7649 1
108.861 28.8394 4
324.726 33.7261 2
300.404 36.5806 5
316.266 37.8066 1
103.589 40.0922 5
143.811 42.1969 12
261.749 43.5519 1
307.079 48.5938 1
203.001 52.0419 12
217.494 52.9219 4
224.961 53.3282 8
316.129 52.9379 1
186.821 53.1681 6
234.547 54.3125 6
198.141 54.7578 1
91.6461 68.4532 15
306.709 71.12 7
10.0237 71.2804 1
249.116 66.3296 18
285.096 78.4254 5
185.604 77.8558 1
269.076 81.9883 7
16.7403 82.0447 1
150.918 85.2495 8
185.404 83.575 1
250.698 83.8445 14
304.008 89.4911 4
183.534 90.3031 22
161.404 94.3788 1
166.199 92.6905 13
303.069 98.3893 3
29.8379 99.5478 1
91.6816 96.0721 28
106.956 97.7121 6
50.7412 100.814 1
283.924 101.911 13
67.7346 101.445 30
230.232 97.3863 10
271.469 103.289 15
67.6208 112.714 5
301.583 112.907 2
321.115 112.17 3
38.5472 117.414 1
243.411 114.443 26
166.955 119.884 9
153.685 119.795 8
67.903 121.217 21
173.881 123.774 1
19.3427 128.299 6
29.8467 129.148 6
297.833 131.994 10
14.6158 132.341 1
147.107 128.553 19
63.3959 131.952 11
224.336 132.045 9
182.271 135.964 25
331.76 133.753 1
102.848 137.168 7
171.572 139.078 12
245.832 138.859 15
145.529 139.109 3
184.011 139.637 2
245.532 145.926 3
270.159 145.707 2
227.375 145.693 12
44.6687 151.07 9
146.51 150.06 8
183.643 150.833 9
325.015 154.099 4
15.8987 152.035 1
244.686 153.105 26
176.046 152.848 35
106.459 154.967 2
296.559 153.894 24
7.32974 157.192 1
89.9026 156.891 1
148.328 153.955 35
209.651 155.196 14
267.484 157.115 3
95.6257 157.6 2
141.795 154.093 18
191.946 158.197 7
200.162 158.121 10
102.431 158.547 1
226.145 159.297 17
230.616 158.229 6
134.251 160.824 18
246.578 159.348 11
132.993 162.722 10
102.931 164.583 21
127.309 166.908 2
175.213 168.259 31
57.7461 171.271 2
63.4738 170.4 3
117.109 170.196 21
154.601 172.367 7
32.3836 170.379 8
104.467 169.126 11
169.336 171.585 1
88.4027 171.462 8
6.81057 174.282 1
254.324 173.902 13
13.0277 174.992 1
209.757 174.836 3
226.699 175.766 5
53.5895 179.714 29
87.8445 176.612 1
243.703 176.498 7
155.525 180.997 3
29.3496 182.522 1
53.3228 184.441 2
226.914 183.577 1
254.236 183.006 15
242.809 184.719 13
110.881 186.023 22
4.64185 188.428 1
100.29 190.259 8
288.935 184.517 11
159.542 190.855 3
21.1246 192.985 4
216.896 192.758 3
40.6043 193.398 17
266.528 193.617 4
238.833 195.627 5
161.085 197.759 6
102.087 199.175 7
35.189 200.046 10
109.922 201.313 5
188.139 203.334 14
62.2186 203.178 10
230.504 205.128 24
58.8175 207.947 1
165.663 209.732 5
270.198 210.015 3
99.9058 214.027 1
251.081 221.323 13
273.562 214.858 2
77.7265 217.321 6
326.381 219.148 1
168.387 218.943 15
68.9263 220.516 6
254.105 221.738 1
76.2811 223.843 6
196.169 224.137 1
96.7759 224.571 14
88.2934 224.95 24
292.396 225.258 13
32.5223 227.13 6
61.4567 224.783 34
232.702 224.902 17
39.4815 232.828 6
53.931 232.046 5
250.834 235.423 4
64.7737 239.723 7
199.429 239.473 6
232.049 238.554 8
249.343 242.191 18
52.5599 240.364 26
16.3078 244.517 1
89.8928 246.498 2
249.069 245.289 4
191.629 246.638 5
15.567 251.476 2
5.56736 252.318 1
68.6886 253.389 16
244.712 257.348 10
78.9412 262.525 25
19.8189 273.827 5
44.4601 272.805 7
213.103 272.889 7
242.256 274.379 16
206.794 279.507 4
18.7511 279.85 5
106.423 282.535 18
244.593 279.195 11
14.4453 284.267 1
239.125 281.395 9
21.7104 287.617 3
121.774 284.37 21
97.3399 296.551 5
100.538 303.202 2
220.786 312.622 34
110.87 329.503 15
9.84181 333.909 1
107.923 346.133 16
104.238 357.677 27
239.378 357.486 1
7.79179 367.032 1
99.6363 373.307 27
217.683 375.79 11
33.5045 375.394 3
100.396 376.047 6
21.1846 379.123 2
100.389 382.199 1
175.482 386.188 21
217.961 382.006 36
28.2733 385.942 4
96.387 388.9 21
205.303 387.262 11
229.466 391.78 11
222.516 393.485 2
146.984 395.564 16
194.647 397.787 31
65.2178 399.515 4
202.093 399.226 2
106.854 400.4 17
170.284 402.397 4
164.275 408.192 6
92.9186 410.036 1
157.673 409.755 10
195.612 409.586 14
180.071 408.368 35
113.535 411.12 25
145.712 410.536 25
126.438 410.766 39
188.412 414.893 4
196.232 415.562 2
268.274 417.479 1
139.607 418.711 3
198.738 419.623 1
240.38 420.569 2
45.0219 421.636 3
115.898 422.901 3
322.085 422.484 1
290.825 423.69 2
133.985 424.567 38
96.4071 427.025 5
122.716 423.396 3
263.027 426.92 1
298.232 425.978 3
62.243 429.054 4
205.814 429.991 6
315.273 431.064 2
29.8847 432.379 2
155.269 432.763 7
285.929 434.794 2
122.954 435.772 2
83.2343 436.642 5
140.821 433.468 9
208.726 436.36 8
167.703 437.507 14
252.502 438.117 12
44.7348 440.225 6
177.041 439.859 5
223.458 441.955 7
312.302 442.214 4
9.86009 444.373 2
186.779 446.769 7
108.488 446.379 8
277.316 447.004 6
66.6972 448.871 6
154.639 449.449 8
248.923 450.318 3
29.8299 452.543 3
122.012 453.523 3
165.09 453.268 9
256.877 452.798 10
215.919 455.148 5
313.266 457.378 2
271.809 458.195 13
90.2748 457.305 43
45.6116 461.654 9
189 461.775 2
110.191 466.825 1
213.33 471.557 3
67.611 470.938 13
166.1 472.278 12
266.128 472.615 11
56.3067 474.507 2
87.1356 474.931 4
177.22 476.508 6
330.516 477.421 1
128.533 476.799 19
228.094 476.363 8
219.684 477.063 12
296.773 482.394 4
193.321 482.47 6
49.2928 487.386 12
201.573 485.391 19
258.815 486.741 6
6.9296 491.12 3
323.866 492.922 1
218.221 491.852 15
113.946 491.841 11
104.835 494.95 4
332.306 495.678 1
228.116 496.608 7
300.064 495.197 12
283.269 496.456 16
70.6787 497.395 15
295.249 501.301 10
189.031 502.207 14
140.256 504.766 6
34.0572 506.898 12
134.989 507.593 1
231.36 504.928 10
256.283 507.028 15
330.525 507.706 1
20.5456 510.34 3
320.921 510.557 1
205.718 508.816 11
99.4616 512.64 1
51.5415 515.387 9
278.62 515.159 14
165.642 516.677 7
31.2256 522.071 1
251.254 522.048 1
5.6243 525.699 1
123.306 523.247 5
324.616 527.027 1
209.1 528.532 13
312.684 528.861 5
29.2932 532.164 1
195.263 529.427 8
73.8055 531.424 13
184.843 531.71 10
176.835 534.586 6
284.826 535.965 3
269.384 535.501 20
150.852 536.382 7
27.8111 539.281 3
258.87 541.2 2
139.633 541.902 2
240.883 543.103 10
222.287 542.102 29
103.341 544.614 9
98.4733 548.206 2
260.42 546.273 14
318.036 550.921 1
305.183 551.126 7
53.2036 551.28 10
180.291 553.544 22
273.657 554.78 20
263.453 561.106 2
131.757 559.852 9
26.4223 571.554 4
239.86 570.566 9
80.2055 571.145 6
234.034 572.258 3
76.9758 572.759 2
310.758 574.818 6
300.305 578.553 2
166.641 580.843 1
27.8604 581.765 1
185.115 581.138 6
135.032 586.602 1
263.192 586.517 1
252.009 588.281 2
113.651 590.501 1
242.841 590.566 1
312.194 4.73872 1
285.396 5.63952 1
124.022 6.87583 1
238.522 6.98766 1
254.792 8.38324 1
270.439 8.6194 1
136.611 12.5577 1
127.283 12.903 1
288.611 16.3534 1
323.72 16.7039 1
116.716 18.5013 1
123.229 20.5005 1
253.278 20.9417 2
328.425 21.2229 1
239.251 26.2855 6
136.738 27.5634 1
306.365 28.0131 4
241.381 34.4713 4
287.933 33.7445 1
120.791 37.777 2
307.621 38.1342 4
109.87 40.5663 10
321.196 37.6741 1
113.508 42.0546 1
128.11 48.4154 9
271.265 48.5184 8
321.104 50.301 1
114.398 54.0547 4
303.433 51.5011 3
123.549 55.1272 4
134.313 56.3489 6
168.879 56.8893 4
217.291 61.515 3
332.338 60.0269 1
225.1 60.7074 1
281.115 59.7879 7
303.612 60.9651 2
259.061 64.4378 13
326.858 63.1247 1
154.486 67.9414 3
126.6 70.2047 1
265.227 71.1923 8
15.1172 71.3969 1
282.144 72.6372 12
296.288 74.7845 3
217.724 77.4424 9
191.825 76.8604 19
234.015 80.6889 20
331.829 81.2948 1
252.833 82.6315 6
118.275 82.8479 16
197.869 85.2343 7
157.314 88.8701 7
191.828 89.66 21
240.967 87.0225 1
272.74 89.6367 3
316.366 88.6648 5
208.614 90.7921 11
172.236 89.4094 10
251.923 92.095 1
22.6955 97.076 3
179.419 97.1656 9
315.143 97.0867 2
238.559 95.948 4
293.304 99.5653 10
157.902 100.469 16
162.62 99.2708 4
247.505 98.6092 7
112.576 98.3259 17
326.116 99.4963 2
119.705 100.996 1
77.0338 105.697 25
279.229 102.365 8
177.961 103.958 8
22.9122 105.312 3
34.7539 105.703 8
196.363 105.74 21
50.5006 107.176 10
217.8 106.805 3
60.8782 108.044 5
227.017 109.967 7
317.073 107.432 2
169.857 105.419 6
112.79 110.141 4
152.279 109.567 6
105.98 110.398 1
186.571 110.978 3
157.434 113.057 3
308.079 114.92 4
74.0641 114.343 6
175.984 117.084 20
316.076 115.406 1
325.635 116.504 1
116.85 119.155 4
187.275 122.704 20
254.449 123.208 3
331.562 121.557 1
51.9024 122.684 9
23.1725 123.618 1
37.8028 124.257 4
107.411 125.097 1
225.962 125.085 2
312.591 126.754 3
72.1064 126.69 2
196.699 127.637 3
166.397 128.792 17
179.64 130.406 11
278.087 133.012 18
21.7809 134.436 4
241.025 137.716 12
29.99 134.721 1
40.9618 135.209 17
53.4642 136.003 9
112.749 136.112 30
310.858 136.953 10
71.7481 137.835 18
231.225 138.902 8
254.775 138.783 3
121.994 138.14 7
194.626 138.305 4
331.469 139.399 1
317.82 141.056 1
14.2391 142.285 1
57.9352 144.457 3
305.15 146.011 8
169.543 143.997 11
177.294 144.604 8
253.979 144.887 4
312.654 148.026 2
51.3339 150.584 12
61.8387 149.395 2
221.668 152.426 5
42.3097 151.778 3
208.265 152.501 5
230.765 152.272 1
239.438 153.096 8
303.1 151.568 2
78.6011 154.814 11
311.482 154.641 12
12.3632 156.361 1
162.803 158.181 19
183.086 158.646 11
120.23 158.118 1
252.848 160.48 10
275.38 158.956 22
75.0993 160.9 18
316.808 159.868 1
325.361 160.16 1
18.2349 161.504 1
35.609 163.384 4
147.349 166.413 16
204.09 163.891 7
280.689 163.78 8
54.1043 164.117 1
167.062 166.203 6
190.372 168.877 35
222.765 168.272 22
85.5224 169.664 21
111.767 162.141 13
139.706 168.109 4
242.594 169.776 10
39.0553 169.282 12
130.871 173.345 8
205.813 172.285 9
160.801 171.531 9
236.283 173.004 3
74.6023 173.031 25
299.619 173.244 1
44.969 173.598 9
29.0536 177.393 7
216.8 175.68 19
61.6888 176.132 12
123.063 183.189 30
172.301 178.104 36
104.176 178.165 24
17.9932 177.638 2
115.26 179.063 5
86.1895 183.587 21
259.908 181.785 5
297.317 183.57 5
320.787 181.72 2
42.1607 183.428 3
236.23 182.677 5
309.161 182.923 3
5.71991 183.765 1
22.2859 183.581 1
277.021 185.073 5
33.6916 184.538 4
58.6022 187.257 5
248.221 190.26 5
181.789 190.878 3
14.0472 189.268 1
27.0199 189.268 5
73.9062 192.48 20
223.845 189.728 23
321.803 188.519 1
119.754 192.063 24
262.964 191.512 14
287.83 193.347 4
307.236 191.837 7
329.816 193.464 2
183.257 198.738 28
247.293 197.942 18
229.273 195.464 8
275.169 196.008 18
46.8068 199.715 20
330.92 196.895 1
14.8669 198.95 1
41.6801 202.063 6
57.4162 202.261 4
242.29 201.884 10
300.579 204.324 11
319.335 204.971 1
18.4903 206.301 2
278.879 207.355 7
105.228 211.258 12
109.046 208.333 7
182.56 210.226 10
273.015 207.817 1
259.66 213.686 9
63.5805 213.793 5
6.29695 212.018 2
236.413 214.25 18
289.455 213.094 12
297.987 209.873 17
182.622 218.973 24
58.8249 216.6 4
243.868 217.056 1
107.701 219.536 3
267.998 218.723 13
272.819 221.219 4
39.4107 223.799 16
176.352 225.433 33
67.9282 231.892 11
317.527 229.207 1
326.425 228.382 1
94.5413 233.125 29
183.1 231.514 9
197.318 230.029 4
300.957 230.267 12
77.9163 232.693 11
265.849 234.029 17
12.1058 234.504 1
45.5592 233.653 2
58.8032 234.61 6
238.555 234.671 9
99.6427 238.587 4
34.5613 239.102 13
85.9793 239.941 4
280.727 239.93 6
316.678 240.231 2
6.6474 241.787 1
61.7846 243.077 22
242.538 242.133 20
21.3479 246.131 1
263.177 246.784 7
36.9739 248.527 9
48.6208 250.341 13
76.7716 248.435 19
83.7958 250.245 8
241.197 251.344 14
292.476 250.37 6
30.554 252.153 9
207.6 251.622 4
57.5365 254.84 5
19.1413 256.374 1
8.59673 256.687 1
327.507 257.938 1
26.694 262.247 4
88.8509 260.472 10
69.1404 268.052 7
249.487 270.505 22
7.03353 269.509 1
77.938 270.921 10
49.9169 271.953 10
35.2005 273.449 4
57.1092 275.795 9
213.931 278.418 4
6.6729 278.71 1
23.4234 279.34 3
48.6047 281.867 18
88.369 282.044 27
115.335 281.782 3
215.786 285.787 5
128.168 287.202 4
31.6594 285.954 2
244.326 287.074 10
10.9852 288.044 1
17.1609 287.625 1
50.5301 289.963 3
89.3676 290.271 9
117.75 290.524 6
22.9026 292.208 1
231.243 295.797 33
31.98 297.126 6
6.10659 298.839 1
108.165 306.542 47
113.369 316.615 24
69.5099 318.598 1
78.5158 318.592 3
98.3667 318.987 1
10.2137 321.203 1
59.7389 322.352 4
222.841 321.77 52
75.0588 325.423 4
12.1306 338.038 1
221.367 337.624 52
5.18142 347.673 1
224.048 348.973 38
53.2237 354.779 7
84.7552 356.653 14
268.335 359.397 3
78.9348 361.994 6
90.9267 361.643 1
224.555 362.566 30
236.848 362.682 8
100.576 365.261 1
248.085 366.529 1
294.123 366.989 1
108.021 377.311 24
20.1535 376.221 2
259.453 376.25 1
8.30113 376.602 1
226.983 377.354 39
54.2119 379.71 1
195.664 381.359 5
26.7124 382.283 5
264.255 381.375 1
91.961 382.029 6
63.5552 384.299 1
225.141 385.42 8
106.79 388.374 40
246.568 389.239 1
173.537 389.775 19
49.7209 391.597 6
214.497 395.22 35
27.929 392.67 9
184.885 391.402 9
20.0146 392.443 1
94.6404 393.965 1
206.49 398.242 32
64.332 396.085 4
155.977 397.359 29
226.827 397.077 5
283.482 398.202 1
23.3201 400.017 2
117.23 400.828 15
81.3372 401.553 2
155.032 402.55 6
231.543 402.545 2
150.201 404.548 12
201.332 407.147 14
97.4871 408.407 6
120.837 407.868 14
191.319 405.045 12
260.506 409.58 4
66.9074 411.663 8
34.8622 412.51 3
231.76 412.765 6
166.591 413.179 20
202.892 414.647 19
271.498 413.758 3
83.3751 415.958 4
134.827 415.97 1
178.868 415.824 7
6.04457 416.849 1
244.887 418.602 4
50.5484 418.338 2
144.875 418.811 2
166.94 421.244 8
16.3639 421.428 1
124.962 420.379 16
187.785 421.174 31
201.673 422.945 21
302.618 422.548 2
102.011 422.633 2
209.354 423.652 2
196.847 424.766 1
275.9 425.663 3
69.0561 425.614 2
319.263 427.084 1
35.206 428.227 3
122.082 430.923 19
161.935 428.587 11
243.644 429.353 3
287.463 429.21 1
41.3979 431.42 4
148.734 427.63 8
215.114 432.759 14
296.775 432.58 7
18.1379 432.562 1
88.2394 432.43 3
199.058 433.819 7
257.429 432.734 2
104.092 433.885 9
95.1416 435.652 5
183.353 436.45 9
52.6259 435.659 5
265.828 436.137 1
313.536 437.385 3
227.511 437.584 4
332.093 437.55 1
59.595 439.266 7
148.482 438.847 16
322.309 439.278 1
14.8542 439.525 1
90.0117 440.451 4
106.538 440.45 6
126.754 442.907 18
134.239 440.241 10
236.068 440.335 9
282.104 439.874 2
193.21 440.55 6
20.3899 442.748 2
114.535 443.383 8
291.37 443.266 7
72.3329 444.067 7
202.852 444.443 11
162.577 444.314 6
251.287 444.622 6
319.121 444.628 2
327.624 444.697 1
78.6942 447.337 4
263.837 447.416 6
34.5597 447.741 5
127.473 450.333 9
168.666 447.677 2
54.0898 448.824 4
219.852 449.506 7
306.329 449.559 8
41.6142 451.497 6
314.645 451.013 2
321.846 450.643 1
84.9304 451.691 1
133.325 451.666 2
227.92 452.74 6
276.739 452.983 6
14.4675 453.265 2
109.078 453.619 8
185.661 452.759 2
98.2498 455.532 13
149.883 456.402 3
195.12 457.074 13
324.993 456.469 1
52.9461 458.5 10
241.273 458.937 29
71.4124 458.17 11
167.435 457.995 7
179.707 457.786 10
221.91 458.44 18
262.549 458.257 5
59.9356 460.472 7
112.734 460.38 6
157.824 459.828 8
253.081 459.716 15
13.4329 460.86 1
143.756 461.529 7
208.266 461.35 12
281.398 460.95 1
322.598 462.148 1
310.486 463.817 7
52.8121 465.356 3
119.84 464.113 5
18.9293 465.283 1
74.599 466.829 8
173.669 466.195 8
217.586 465.285 3
261.536 464.871 1
270.104 465.861 9
6.84312 465.397 2
86.7674 466.932 11
97.315 466.68 4
201.424 467.283 13
81.5149 468.072 2
188.379 467.672 4
282.109 469.222 12
329.448 469.224 1
34.7689 471.462 10
136.055 469.389 6
180.027 469.763 3
57.1528 471.403 1
167.171 471.042 1
264.198 471.027 2
257.532 471.289 10
244.285 473.499 3
44.5062 473.844 13
75.6481 475.807 12
143.266 476.494 4
297.41 475.834 13
325.883 474.164 2
27.8631 475.361 5
95.8895 475.298 10
128.629 475.325 2
313.124 476.362 2
306.26 477.802 2
105.073 481.15 12
208.264 478.59 20
262.106 479.833 9
292.371 480.154 4
88.2937 480.412 15
137.434 480.478 14
159.301 481.481 12
190.669 480.433 1
238.456 480.368 6
54.8638 482.251 18
275.977 481.475 1
270.446 483.486 11
323.103 483.009 1
61.4579 484.757 7
166.677 484.903 11
11.7288 485.128 1
97.0118 485.845 10
120.47 486.814 11
224.082 485.93 9
255.664 485.309 7
33.2178 486.98 4
107.344 486.024 2
148.455 486.056 7
87.9304 488.423 2
232.261 489.193 11
287.525 489.901 6
318.094 489.244 2
17.9141 489.831 1
77.8957 490.948 13
126.603 491.26 6
161.131 490.988 14
184.945 491.034 11
266.958 490.177 12
305.214 490.522 1
66.2475 490.998 1
204.643 494.348 5
297.704 493.427 7
193.011 494.87 15
84.864 497.151 10
134.811 495.195 2
249.33 494.992 13
124.606 496.868 8
144.634 496.903 15
179.183 497.831 11
22.2212 497.191 2
32.9211 497.895 9
56.9453 498.412 5
172.195 497.185 1
262.811 500.202 4
110.73 499.512 1
222.375 498.138 3
258.398 500.282 6
318.251 499.309 3
40.5261 501.889 8
151.636 500.003 4
307.18 500.168 3
211.793 502.435 11
79.8031 502.832 12
91.731 502.102 2
103.838 503.335 10
245.387 501.992 13
327.729 502.465 2
129.644 504.071 13
228.548 504.739 7
178.107 504.921 2
220.205 506.402 13
281.961 506.899 14
314.764 506.556 3
112.623 507.558 12
169.698 508.393 11
205.92 507.243 1
58.8503 508.925 18
95.2018 508.527 14
147.948 507.81 16
291.183 510.058 7
65.2381 513.965 6
178.825 512.856 12
240.419 512.081 12
50.134 515.802 3
327.378 512.487 2
34.516 515.707 8
117.533 513.52 3
126.822 515.111 16
216.953 513.88 10
152.074 517.294 11
250.18 516.749 17
18.2452 517.307 1
60.1368 520.433 13
207.455 516.509 5
312.547 518.734 4
134.262 518.441 6
235.534 520.099 19
173.651 519.691 18
190.72 519.366 3
198.134 519.92 11
288.981 518.769 9
82.1736 521.522 20
319.719 520.443 2
205.792 523.26 7
44.5971 524.117 2
272.245 525.07 12
91.1939 526.286 26
189.568 529.37 15
293.252 525.192 1
73.9174 528.645 9
154.532 527.395 15
9.9098 526.811 1
34.1406 528.516 11
65.6973 527.254 3
54.9419 528.281 3
129.634 528.051 9
282.16 529.687 16
163.922 532.795 14
41.0703 533.554 10
143.708 535.866 9
228.434 532.153 13
82.8869 533.434 16
107.967 534.091 15
320.548 532.357 2
13.9693 534.076 1
237.417 536.387 20
33.5862 540.464 11
304.192 537.761 8
115.527 541.019 5
222.271 538.836 5
291.423 538.013 3
100.079 543.621 25
182.703 540.393 12
204.289 540.104 1
214.306 541.577 4
83.3407 544.968 4
94.1697 541.005 1
159.257 541.201 16
314.29 542.607 6
193.407 546.713 15
68.2769 545.901 19
143.91 545.265 3
51.5886 547.299 5
111.108 548.523 20
176.839 546.562 7
259.22 545.929 1
7.69015 548.431 1
135.942 548.866 15
235.088 547.927 16
122.54 548.915 3
268.287 548.938 9
143.938 554.869 6
224.497 552.036 4
256.011 553.554 8
246.407 553.512 6
12.9379 554.282 1
125.86 557.437 12
214.737 555.079 15
313.085 555.038 4
87.5715 556.361 19
111.189 557.48 3
197.639 557.292 12
306.126 557.827 3
332.121 558.217 1
145.537 561.053 7
249.204 559.035 3
6.12786 559.638 2
95.2163 561.037 9
176.302 561.834 7
295.495 562.554 11
319.626 561.127 1
42.6005 561.022 4
75.2957 563.802 6
282.506 562.109 5
269.516 563.422 15
31.7902 564.111 3
64.1456 563.912 4
166.896 564.583 11
140.51 565.397 14
303.767 564.97 2
5.82289 565.679 2
87.8314 565.644 3
290.401 567.096 7
280.289 568.423 1
42.7516 568.518 8
159.707 569.332 7
249.241 569.217 7
270.98 569.711 2
116.117 572.015 11
8.20328 572.998 1
256.447 573.102 6
122.721 576.195 4
40.2016 579.248 6
238.23 576.841 1
331.293 576.562 1
108.991 578.855 3
198.12 580.365 3
315.512 579.939 2
60.3737 581.321 2
91.2286 580.89 1
219.899 581.172 1
253.185 580.637 2
77.9135 583.187 1
206.844 583.207 1
327.562 583.356 1
193.281 585.277 1
66.8732 585.75 1
123.699 586.117 1
284.982 587.038 1
12.3746 588.961 1
54.2535 588.989 2
175.592 588.693 1
146.538 589.922 1
257.143 590.247 2
266.957 590.169 1
5.03979 591.177 1
294.922 591.129 1
118.571 591.513 1
154.067 594.001 2
246.042 594.188 1
280.798 594.158 1
316.883 11.5421 2
262.738 56.1114 21
290.862 71.0171 13
242.036 112.383 18
32.2273 146.103 10
286.874 161.458 8
164.021 177.914 9
7.32544 197.666 2
289.887 223.288 3
20.702 231.324 1
76.1187 261.454 2
176.84 406.493 5
227.532 477.295 1
113.743 492.863 3
283.241 497.19 1
70.5894 498.282 2
155.968 500.586 5
193.733 510.71 9
275.585 511.987 5
162.023 515.7 16
279.74 539.363 11
60.5317 541.142 22
300.564 39.8208 1
168.381 48.3031 2
240.686 54.9003 9
92.2633 72.1219 1
206.947 82.8094 7
253.165 86.1143 2
181.769 90.2528 2
41.1568 99.2776 10
64.4014 129.884 3
143.758 133.904 3
183.089 135.497 1
67.415 147.034 4
172.647 169.268 3
184.922 171.919 8
275.835 179.828 4
54.4321 181.631 1
69.0217 182.01 27
175.179 195.735 3
234.188 196.523 5
156.554 204.393 6
62.4649 205.632 2
31.1357 209.512 1
193.619 215.362 5
252.024 224.697 1
91.3418 225.434 2
169.121 231.783 9
212.503 270.585 1
227.751 288.441 7
214.043 334.976 1
109.339 344.439 1
196.074 401.873 1
127.197 412.343 2
194.454 412.355 2
302.708 485.183 7
217.949 494.126 1
205.941 511.25 1
73.4404 531.309 1
263.61 534.366 4
24.1231 538.449 1
147.798 538.042 2
223.792 544.74 2
101.608 545.857 1
300.896 550.561 2
51.9456 552.744 3
178.867 553.064 1
129.091 559.018 6
79.4648 568.275 2
237.877 571.785 1
251.02 571.963 1
226.356 572.405 3
25.6571 578.554 1
162.42 577.539 2
297.613 576.947 3
111.149 588.084 2
247.084 587.277 1
276.746 14.035 1
141.094 17.5964 2
101.526 20.1556 1
290.517 22.066 2
254.987 24.7413 1
238.885 27.9774 1
123.315 41.3605 2
311.921 42.5687 1
324.872 53.8441 2
167.888 61.2759 4
138.389 59.7449 2
303.853 74.1118 1
13.7172 78.1643 1
266.986 78.7004 1
315.68 77.4126 1
285.276 82.2863 4
220.732 82.147 2
194.229 87.2245 8
162.948 87.6935 23
243.809 90.9215 2
25.9489 91.2192 1
159.127 103.918 1
79.0918 109.4 6
98.14 106.122 10
37.9142 108.129 4
198.827 109.257 3
51.5479 109.948 1
227.479 111.156 2
283.148 118.104 3
191.683 126.226 3
233.49 129.231 1
172.777 133.329 17
279.626 134.687 5
23.8639 136.574 1
114.524 136.178 2
155.384 136.883 38
189.818 135.278 19
256.432 145.686 1
34.0155 148.103 2
306.854 147.223 1
280.794 152.666 9
225.996 155.99 1
78.4589 160.438 5
188.208 162.652 2
287.628 164.94 8
305.7 163.778 3
322.075 165.55 1
115.134 166.71 6
143.873 169.109 7
194.772 170.739 1
246.639 170.249 6
172.806 182.622 15
64.9288 183.634 10
106.916 182.594 13
125.457 188.37 7
87.2364 186.45 5
29.9506 190.479 1
194.015 191.426 1
72.8652 196.628 5
248.764 199.546 11
281.257 197.589 5
46.3312 204.187 1
301.302 208.104 1
241.546 210.031 4
320.542 212.628 1
10.8465 213.392 1
184.759 217.084 3
273.348 218.891 1
41.0283 217.255 4
258.239 229.896 13
23.9673 233.943 1
186.413 235.65 14
243.414 238.758 4
269.069 239.323 3
36.9474 239.957 1
65.771 245.604 13
322.144 241.994 1
48.8602 250.87 2
295.693 252.138 1
244.93 254.754 1
93.1378 254.067 19
61.9336 267.484 4
12.3506 269.553 2
39.7189 273.089 1
84.9722 275.168 19
255.207 273.001 3
130.462 276.659 1
214.26 292.913 6
90.5767 295.629 6
18.9089 298.284 2
232.799 300.405 7
109.251 305.605 4
224.012 325.359 3
87.3682 357.326 1
188.788 360.794 4
226.281 365.002 4
225.949 373.718 4
108.784 383.038 1
161.269 395.141 16
207.5 399.766 7
204.168 410.504 1
134.822 424.335 2
324.836 430.527 1
217.662 434.095 1
164.243 435.649 6
185.943 439.87 3
153.259 442.672 6
131.157 442.931 2
122.608 443.177 1
268.515 448.536 3
73.7763 448.833 2
307.368 453.14 1
88.9716 456.783 4
240.322 462.817 14
76.66 470.272 2
300.025 477.111 1
121.56 489.008 2
12.1297 498.243 1
31.793 501.346 1
213.087 503.83 1
104.351 505.417 1
170.988 510.468 1
38.7473 517.62 1
256.282 518.182 4
22.5367 520.39 1
273.697 526.762 1
155.532 528.901 1
34.4263 530.704 1
168.661 533.844 11
108.889 536.115 1
18.0595 538.01 2
243.43 538.675 6
122.497 540.9 11
183.686 542.268 1
320.134 545.012 2
71.7038 548.936 11
196.519 545.177 4
137.357 550.45 1
234.6 550.864 1
37.5631 553.686 4
275.654 553.624 2
150.305 556.301 5
217.384 557.051 1
18.297 558.33 1
126.195 559.898 2
186.865 557.727 6
200.017 559.926 1
299.881 562.326 1
98.8881 564.913 6
169.813 566.266 1
34.2243 567.634 1
65.4071 568.768 2
46.2239 574.078 1
289.325 573.355 1
265.704 577.462 1
130.948 581.389 2
240.588 582.225 1
307.267 581.471 1
34.2095 583.84 2
106.69 585.438 1
217.166 586.238 1
287.422 588.957 1
102.499 48.7366 3
208.219 64.9489 5
241.121 139.958 9
219.787 170.062 6
308.358 232.378 2
44.9487 238.563 2
273.661 241.204 1
90.6754 94.3575 1
244.696 154.901 1
59.0954 158.97 2
227.864 209.74 1
228.63 231.972 5
28.6588 233.668 3
240.347 279.136 5
218.298 312.692 4
173.87 377.674 7
213.717 384.529 7
134.188 406.109 9
113.917 414.32 1
273.616 22.3299 1
295.06 37.0725 1
108.625 51.8509 1
175.263 66.2213 10
213.222 68.5324 1
203.991 93.9156 3
266.209 99.1144 3
292.237 95.1718 2
88.9436 115.512 1
288.237 142.787 2
239.878 147.306 4
79.7421 161.679 1
262.624 164.059 1
311.408 171.143 1
136.362 186.269 2
209.135 196.27 2
84.4631 205.255 1
245.995 208.83 4
51.9415 216.475 2
67.378 248.599 1
185.769 255.643 3
70.0656 276.783 3
97.4557 278.274 1
34.065 302.431 2
240.949 306.364 1
232.091 332.829 2
117.858 379.336 3
162.345 402.921 8
216.299 405.712 8
20.6623 506.971 1
224.041 565.587 1
310.718 565.623 1
178.647 574.196 1
217.51 211.99 6
217.492 39.6272 1
87.2801 93.0933 6
186.87 147.18 1
95.7271 247.583 3
211.63 323.136 5
106.535 340.243 3
211.503 384.593 1
238.651 73.2137 1
93.6804 135.281 1
107.531 214.647 1
122.682 275.657 1
249.156 336.071 1
135.973 380.136 1
180.093 430.585 1
128.483 224.115 1
78.0895 87.3304 1
195.749 148.376 5
94.1915 354.606 2
160.284 75.1541 1
176.477 282.044 2
265.878 31.6083 1
117.858 32.886 2
128.562 41.5174 5
163.766 47.9999 5
180.53 50.2811 6
197.295 51.6369 1
298.1 52.1105 7
209.274 52.6619 5
275.066 60.6124 6
203.578 82.7518 5
166.443 86.1028 4
298.733 144.092 2
293.262 172.675 10
105.878 186.076 7
177.638 192.735 2
255.637 199.199 5
174.231 202.806 8
226.365 202.883 9
287.781 206.658 1
33.8215 215.221 2
26.4367 223.285 4
190.302 225.033 4
170.988 231.895 1
312.396 235.47 2
241.292 244.798 7
311.013 248.748 3
28.0859 281.287 4
28.3466 291.902 3
247.011 411.944 4
217.383 425.395 2
292.343 436.567 2
262.547 440.685 1
128.584 455.37 2
152.794 464.916 14
247.796 466.113 13
297.527 466.749 6
275.55 475.355 8
91.5891 481.305 1
155.535 486.453 2
97.922 509.933 1
246.17 525.469 21
28.8664 536.836 2
317.172 548.046 1
54.5488 551.162 1
194.178 551.984 6
36.3187 556.644 2
81.5635 563.099 1
153.308 51.4543 3
193.239 58.3942 2
263.004 73.6157 1
98.3227 78.4484 12
246.123 77.1773 2
23.0647 116.57 2
231.418 125.795 1
62.1018 136.689 6
121.437 145.256 3
162.503 147.4 12
273.29 153.223 3
32.0193 166.097 5
56.2558 166.845 1
188.493 191.07 16
23.9881 203.029 1
304.707 220.382 2
80.2491 227.794 4
205.56 237.764 3
57.336 258.864 5
77.4412 281.331 12
279.385 405.906 2
252.106 408.664 1
215.526 419.628 3
36.2821 462.446 2
197.121 475.373 5
211.398 479.203 10
128.519 483.614 1
225.323 514.194 4
216.421 522.487 12
306.752 525.196 6
183.964 529.395 2
118.497 531.219 5
35.2452 550.808 1
160.381 549.904 1
61.9556 556.62 17
187.698 554.654 2
241.42 556.399 3
155.339 132.741 1
222.244 154.861 1
211.699 164.876 12
243.57 169.627 2
26.3216 218.914 3
119.7 281.502 7
25.9658 403.678 2
148.032 63.9245 1
92.2201 75.9261 2
177.321 89.1807 10
67.6515 151.049 1
199.859 243.847 5
174.681 386.884 1
194.755 405.939 1
137.304 62.9458 2
227.527 65.7893 2
267.968 83.216 4
283.34 84.8273 2
219.466 87.3377 7
95.1275 108.489 3
54.1557 115.476 1
278.419 148.102 2
255.06 162.739 3
194.806 173.892 1
211.631 184.555 13
74.6598 204.186 29
280.734 201.705 1
45.929 207.364 2
80.1358 241.296 9
62.0294 271.031 2
254.362 278.682 12
93.14 298.158 1
211.906 297.334 4
223.53 329.167 3
186.052 442.25 1
119.348 447.272 3
268.482 451.917 2
122.605 492.535 1
214.057 507.185 1
200.88 524.804 2
156.888 534.094 5
110.154 540.165 1
111.928 301.25 5
223.878 218.621 3
111.007 335.374 3
215.016 376.568 5
134.799 191.237 4
208.589 201.677 3
247.94 216.77 1
182.156 265.425 1
99.9237 276.022 2
217.594 409.375 1
213.198 209.963 2
311.786 62.869 3
294.455 58.9197 2
304.965 133.443 2
279.448 156.61 6
135.775 41.582 5
219.066 158.941 2
96.253 37.8952 2
188.868 143.237 7
96.2555 61.4504 12
161.314 141.397 1
164.117 149.514 5
98.6526 89.6432 8
155.03 147.04 9
169.649 185.838 5
170.905 192.733 1
175.27 235.567 15
230.637 309.013 15
103.868 215.707 2
35.4842 157.579 7
65.6845 193.836 2
76.5606 206.215 5
70.3406 204.298 5
81.7613 221.542 3
71.4978 214.501 12
127.813 280.802 2
40.9357 241.17 2
49.4515 257.086 4
175.605 396.001 2
29.9412 269.89 5
102.639 426.475 3
85.0933 421.486 3
69.4579 431.418 1
156.052 519.891 1
35.1114 401.327 2
51.879 423.037 4
51.623 443.227 1
34.272 434.702 1
169.151 572.814 1
106.085 514.247 11
34.594 480.335 2
94.3312 570.281 7
67.4084 552.568 4
41.8244 537.399 8
285.818 47.6548 5
247.735 38.1731 5
273.752 109.559 2
248.03 95.316 1
286.466 153.581 3
160.003 28.4809 1
270.671 137.415 7
290.75 162.504 1
203.757 89.6609 3
268.846 165.31 18
286.134 184.365 8
165.597 73.2204 4
146.52 58.7288 17
182.888 103.813 11
276.008 201.861 1
253.302 192.843 7
121.119 67.5722 8
276.523 222.981 5
211.915 163.375 1
211.067 181.149 5
219.698 196.533 5
114.428 94.6451 5
256.465 241.545 12
235.253 221.713 2
178.191 178.294 6
157.669 193.627 1
238.166 289.879 3
191.398 244.892 1
277.265 369.78 3
44.2484 157.613 1
243.094 361.646 5
93.4683 212.955 15
307.036 440.975 1
45.6452 180.744 3
274.565 445.419 5
299.251 517.794 3
41.2953 262.983 6
116.106 339.731 4
165.99 392.139 17
160.989 388.809 3
262.698 498.471 2
46.391 288.577 1
297.464 544.23 2
110.268 362.159 3
252.43 514.706 2
258.924 524.753 2
265.596 531.415 3
114.913 409.515 3
241.811 533.942 3
86.8969 389.211 6
213.349 524.599 7
259.979 572.41 2
171.627 484.293 3
214.354 532.686 1
113.516 433.871 5
145.691 473.093 2
202.958 531.803 13
236.762 568.175 1
152.17 485.996 3
159.899 501.123 10
96.2576 440.434 1
196.997 542.088 4
129.507 489.227 2
43.5905 405.018 2
89.443 451.593 12
147.448 552.779 5
87.6126 494.866 4
30.5628 441.354 4
125.238 535.701 2
118.163 537.326 1
32.3941 462.388 1
73.2973 512.559 11
78.4581 562.042 3
44.3082 541.018 2
245.362 66.9666 3
45.8134 199.893 1
241.924 160.039 2
112.708 156.041 11
102.282 287.219 8
48.9329 241.344 2
94.4937 282.696 9
191.616 410.021 2
140.92 414.223 1
107.845 387.597 1
280.855 82.7912 1
184.004 62.5473 1
283.124 166.392 2
142.934 61.6891 4
170.4 100.492 4
264.234 204.66 8
154.779 106.758 2
88.127 74.64 1
254.982 252.928 7
237.499 255.948 4
128.211 178.717 1
182.064 244.382 4
163.923 242.34 2
53.9038 153.289 1
97.3223 196.81 1
84.4479 188.093 2
83.326 237.152 2
90.0815 297.494 1
109.107 321.338 15
215.094 479.468 6
158.955 436.182 5
104.864 403.588 3
78.1994 495.824 2
262.512 97.1568 2
259.947 146.028 2
257.677 164.768 3
79.4426 196.482 4
210.696 319.47 2
113.429 307.609 5
167.146 380.169 2
113.109 388.428 2
130.775 408.496 1
170.909 263.87 1
210.951 407.5 11
159.044 406.705 2
129.897 432.269 1
312.146 75.8349 1
310.022 91.8277 3
308.823 106.67 1
307.321 120.501 1
281.617 26.5259 2
275.996 37.6093 1
261.738 196.388 2
261.646 502.85 1
252.364 26.7509 2
234.022 492.47 2
230.388 303.442 8
225.326 373.424 1
224.938 470.495 1
223.355 368.453 2
222.719 422.113 1
221.832 509.749 1
219.178 525.007 6
213.301 170.121 2
208.211 577.161 2
189.417 177.028 5
190.481 97.0513 6
189.767 180.995 2
182.144 515.755 5
176.283 401.501 4
173.992 51.9413 1
173.396 430.674 7
165.533 537.363 1
151.791 44.3268 6
135.815 523.908 3
117.413 544.575 4
111.052 510.996 2
110.795 191.799 3
98.5132 20.1634 1
98.1022 26.4856 3
97.4085 31.8529 1
96.7968 43.0734 3
96.0114 54.0605 3
84.5329 173.612 4
77.0686 274.907 1
76.6372 427.912 3
73.7103 108.587 2
73.9116 358.435 1
65.7986 516.944 2
66.2474 574.959 1
59.204 247.348 2
58.0412 281.169 4
39.6572 216.01 3
37.34 206.385 2
33.4722 280.493 3
25.7354 407.839 1
306.631 253.329 1
301.436 365.721 1
298.833 454.345 2
297.068 24.0345 1
289.287 448.773 2
285.221 59.9535 2
273.366 409.067 3
270.863 185.003 5
270.338 430.341 3
269.132 37.9252 3
255.966 249.006 1
254.081 81.3872 1
251.156 180.539 4
248.833 373.311 1
247.196 427.946 1
242.719 576.628 1
232.405 194.749 1
238.133 548.439 1
236.562 38.8946 1
232.695 90.5009 3
232.404 117.35 3
229.526 445.595 7
231.722 398.161 3
229.269 188.504 3
223.977 251.619 1
220.933 119.944 19
214.866 112.882 4
199.566 103.374 1
198.49 449.161 5
188.545 434.654 7
187.213 549.58 1
183.647 167.421 1
178.829 150.838 3
173.598 210.014 9
171.03 158.897 5
166.843 119.204 2
164.023 388.682 1
163.383 523.625 5
142.869 29.0725 4
139.35 450.727 3
136.479 504.788 3
133.844 574.15 3
129.444 464.067 8
123.955 497.634 3
119.931 452.772 5
117.681 522.914 4
114.819 505.238 4
109.826 54.9583 2
109.165 80.6688 3
106.432 465.939 3
104.795 395.596 1
101.899 57.8583 2
96.5918 554.242 3
92.2292 182.405 4
89.5524 518.229 2
89.5947 574.037 2
85.4344 377.317 2
78.4519 437.741 3
75.2773 419.207 1
74.4872 577.914 1
70.7242 166.304 4
67.3964 158.754 8
68.0546 539.081 5
62.3273 143.169 4
63.6497 219.326 2
62.4604 448.415 7
58.1498 123.594 2
56.6916 490.592 4
252.474 49.9297 3
197.657 495.272 3
164.676 157.833 1
107.803 479.587 4
104.866 142.629 11
90.7049 495.812 4
287.216 531.649 2
256.932 461.039 1
250.542 272.674 1
245.746 172.711 2
222.532 287.616 3
175.834 72.0524 1
138.845 41.9125 1
141.275 520.562 9
120.64 328.518 2
86.6097 154.083 3
80.4995 275.531 1
72.7059 207.054 4
60.7985 102.24 2
269.742 516.207 2
261.829 141.956 2
260.059 536.056 2
240.668 155.96 1
236.023 254.269 2
238.192 276.117 4
227.574 49.5066 1
226.895 225.86 2
225.126 235.139 1
217.49 122.406 4
220.287 541.556 4
212.516 379.464 1
202.276 176.811 2
182.242 197.546 1
170.108 552.514 2
159.315 233.435 1
139.233 538.074 1
103.602 343.341 2
101.682 144.805 1
94.9614 375.387 1
90.7671 234.916 4
86.7388 70.0399 2
223.886 86.1583 1
232.834 304.818 2
223.846 333.731 2
210.246 404.852 2
159.011 378.977 1
96.7191 255.304 3
206.036 95.5361 1
208.13 207.73 4
203.246 316.317 1
202.344 374.903 1
167.276 260.604 2
149.491 90.7415 1
142.413 180.849 1
250.111 547.614 1
229.747 552.48 4
236.474 451.228 5
106.194 573.908 2
136.547 431.908 2
48.8911 508.548 1
120.001 416.727 1
298.417 163.391 2
231.221 142.846 1
190.37 171.778 1
165.167 138.705 4
110.402 169.992 1
91.6335 162.527 4
160.444 55.8559 2
56.2187 155.293 1
293.552 569.399 1
291.057 555.259 1
259.715 557.842 1
308.098 493.805 1
308.268 470.712 2
212.633 565.268 1
235.265 530.012 3
193.047 512.872 1
205.563 495.354 1
275.353 419.184 1
177.539 483.392 6
202.66 454.896 4
226.351 415.999 2
118.287 508.081 2
180.694 426.635 13
34.5744 570.656 1
112.999 480.208 2
75.2738 514.076 1
115.297 467.111 8
153.655 427.233 8
191.25 375.391 3
193.207 369.048 2
193.795 356.524 1
108.946 423.965 4
69.2479 438.595 2
289.799 197.919 5
62.4827 405.733 1
45.2158 386.147 1
35.0546 397.115 2
226.427 170.317 7
249.66 129.181 2
174.213 199.152 2
275.762 74.0801 1
70.9108 271.712 1
232.731 95.492 1
235.796 84.1504 2
257.102 50.3987 1
202.806 105.755 1
260.774 38.2116 1
212.092 79.8318 1
250.817 39.0196 1
115.544 154.337 1
89.634 169.684 2
65.1498 190.518 4
151.104 59.631 1
57.2762 131.099 1
122.33 45.1411 1
132.92 33.4088 1
176.783 531.63 9
76.9763 547.401 3
43.636 534.315 1
255.148 236.967 1
112.793 357.072 1
262.131 202.256 1
184.131 235.581 1
186.064 125.255 1
223.322 65.0593 1
162.861 58.7161 2
209.287 492.259 4
190.758 400.762 1
172.766 363.987 1
141.852 392.371 2
95.6103 432.107 1
64.022 455.642 1
288.102 226.596 1
108.14 405.973 1
96.2519 372.502 1
236.135 186.329 2
262.875 138.14 1
207.468 180.582 2
160.017 214.616 1
253.004 67.1216 1
92.8851 188.99 2
140.39 133.107 2
99.9266 165.907 2
85.2605 150.495 1
49.4734 178.631 1
59.7234 154.874 1
164.997 375.576 1
66.504 276.14 1
221.777 92.9453 3
207.808 401.947 2
110.864 390.969 1
192.756 91.2283 1
202.975 369.136 1
124.99 395.467 3
205.98 308.742 3
211.117 204.441 1
232.739 146.068 1
136.851 201.215 1
17.4247 95.2501 1
302.35 106.05 1
47.6018 127.771 2
299.051 137.001 1
281.254 153.184 1
267.805 202.83 5
239.221 431.525 1
143.972 445.754 3
185.646 59.9265 2
262.451 77.536 2
190.116 81.3261 1
311.282 131.093 2
100.574 193.995 2
228.652 198.516 1
220.333 203.583 12
197.345 207.853 3
278.037 215.65 4
312.493 227.99 1
180.794 235.668 1
97.717 244.426 1
56.7247 271.74 7
127.323 276.863 2
79.1965 284.939 2
206.796 287.441 6
215.145 288.792 1
200.796 436.566 1
222.188 452.015 4
278.08 455.861 1
136.475 474.129 4
202.006 544.787 4
57.2817 268.09 1
259.458 71.7234 1
175.689 165.25 1
238.687 192.362 3
232.291 234.397 3
141.902 406.353 6
263.798 93.598 1
282.004 87.8484 3
79.0013 113.227 2
97.9387 111.749 2
114.918 141.106 1
280.909 143.178 9
256.221 157.64 1
194.741 178.521 1
209.869 191.273 2
247.902 204.085 5
270.763 233.315 2
80.0751 244.778 3
242.981 264.231 4
90.4647 269.082 2
62.5541 275.541 2
95.8691 306.235 3
52.8737 306.913 2
113.2 379.283 4
160.936 399.45 1
241.563 466.446 1
87.0915 483.906 1
216.191 319.818 1
98.5456 401.577 4
134.757 203.677 1
85.8414 208.041 1
208.304 206.862 1
245.59 226.488 5
181.833 275.551 1
103.045 279.503 2
235.145 336.319 1
120.916 381.259 1
308.694 97.2447 2
158.871 32.1293 1
108.772 60.8181 1
232.955 286.529 1
115.172 309.17 1
28.3817 257.128 5
113.351 471.225 1
201.181 535.215 1
54.3121 491.914 2
31.9597 543.348 1
283.989 49.9489 2
302.799 66.2401 1
172.985 97.7357 2
283.831 195.853 1
245.306 181.622 3
239.827 230.561 1
185.427 225.653 4
98.1552 191.718 2
113.315 292.525 1
42.9521 291.264 1
158.092 391.573 1
175.282 550.117 2
175.5 157.574 2
225.148 192.64 1
64.1693 126.673 3
217.226 316.612 1
138.156 412.113 2
280.259 89.5077 1
213.609 92.8275 4
240.549 120.15 1
190.491 115.519 4
206.066 195.346 3
222.892 208.969 2
178.702 202.368 4
234.587 262.284 3
161.367 248.688 1
78.5759 196.008 1
87.8704 303.026 1
107.354 325.673 2
157.787 398.374 1
181.938 447.179 1
212.174 483.892 1
149.672 446.488 2
115.025 451.933 1
220.302 213.924 1
79.2192 200.058 2
208.421 325.584 1
114.168 384.546 1
210.496 221.603 1
165.48 274.42 1
210.714 414.734 8
153.934 416.56 2
244.509 70.5572 1
221.288 273.787 2
257.623 561.348 1
256.312 63.0883 1
243.692 32.5164 1
229.32 118.026 1
247.973 180.537 1
298.076 366.355 1
279.532 392.574 2
292.956 454.592 1
233.735 291.839 4
141.606 25.7272 1
287.471 480.761 1
295.752 507.724 1
271.046 445.821 1
135.069 49.4401 7
268.684 457.718 1
279.896 496.094 2
294.433 544.434 1
141.803 148.553 5
251.833 485.169 2
238.409 486.885 1
242.243 501.951 1
263.259 571.484 2
249.617 552.538 1
202.399 508.068 1
111.329 289.236 2
61.7944 143.399 1
175.396 497.122 1
140.564 461.647 1
151.702 549.71 1
140.884 517.126 1
144.44 533.528 1
108.286 433.882 1
102.495 466.282 2
42.0823 287.897 1
109.658 492.438 2
113.537 521.306 2
95.039 523.766 2
64.5294 437.68 2
70.414 482.139 4
47.0034 499.188 2
48.4921 547.253 1
261.969 156.632 3
227.156 89.6906 7
245.62 87.8314 3
103.072 88.1482 1
249.655 540.583 2
96.0416 285.471 2
112.832 367.15 4
75.5737 549.203 3
237.52 156.437 3
221.683 228.354 1
204.515 186.039 2
227.828 282.212 8
235.925 295.467 1
212.893 313.581 1
136.097 156.479 1
139.562 173.618 4
208.976 379.741 2
149.715 212.78 2
153.611 238.355 1
212.017 545.055 2
88.0562 236.463 1
105.063 321.341 2
163.408 553.969 3
97.2316 362.331 1
91.6766 377.685 1
99.9715 400.697 3
141.638 216.964 1
135.262 231.912 1
296.44 487.522 1
231.313 314 6
73.6834 452.703 2
59.3726 421.691 2
101.337 97.458 1
46.3038 188.956 1
283.614 393.593 1
207.187 534.553 1
212.507 420.874 1
201.939 388.2 2
173.661 422.957 4
270.199 116.044 1
151.689 473.56 4
240.019 186.282 1
246.299 127.238 1
229.234 100.744 1
243.39 27.6681 1
101.147 412.215 3
162.123 207.743 2
181.674 70.3989 1
163.422 381.86 1
78.721 220.84 1
233.568 276.51 2
187.541 402.039 2
212.736 309.813 1
220.254 222.145 2
127.844 423.508 1
214.543 119.461 2
150.649 224.672 1
91.3891 373.773 1
138.688 153.852 1
133.273 134.804 2
196.057 64.6661 1
138.885 206.441 1
53.8894 290.37 1
311.621 79.0567 1
312.168 57.6144 1
163.557 134.914 1
111.766 152.289 1
29.6479 156.712 2
302.051 481.768 1
202.84 547.714 3
273.476 472.155 3
290.803 433.583 3
245.429 462.837 3
187.708 457.466 2
152.717 473.989 1
96.6228 495.489 2
52.3782 439.22 1
112.471 273.064 2
69.7129 267.229 1
215.002 147.338 1
95.1044 207.385 2
274.07 52.9197 3
93.9063 154.326 2
68.5891 162.48 1
103.487 129.655 2
52.6875 156.239 1
155.299 76.8019 1
105.089 94.1135 1
157.334 45.1515 1
108.121 77.5199 1
79.0821 441.962 2
104.604 300.644 1
252.109 169.286 2
195.701 204.316 4
186.26 398.323 8
211.555 373.978 1
139.688 387.897 1
215.011 303.887 1
236.378 272.338 1
261.04 130.659 1
156.709 206.834 2
99.2843 134.791 2
84.885 88.0078 2
129.287 185.997 3
199.67 359.737 1
177.182 380.343 1
200.652 300.832 1
281.667 150.07 2
213.795 267.195 1
176.493 431.086 1
261.412 85.0155 1
22.0315 88.9487 2
23.2694 111.026 1
41.028 110.628 1
50.5024 113.179 1
57.8969 116.032 2
312.262 210.292 2
67.5384 235.482 1
76.4035 244.997 4
180.306 240.27 1
50.183 297.666 1
118.108 298.123 4
181.976 441.648 2
201.929 440.565 1
81.4629 481.429 3
252.551 500.486 2
171.442 513.627 2
127.792 520.754 3
81.6841 527.208 5
223.166 181.518 5
221.566 306.92 1
194.818 182.111 2
125.153 195.444 2
264.58 209.739 1
185.662 243.628 4
49.8072 263.062 3
90.8784 272.218 1
62.3081 283.949 4
95.6225 313.366 2
208.932 313.263 2
189.747 430.18 1
178.662 293.573 1
235.701 347.626 1
218.468 268.208 3
127.691 271.391 1
116.04 305.881 1
130.313 60.6895 2
119.036 77.6787 1
82.0148 185.462 1
167.532 239.781 1
207.741 293.8 4
43.1003 295.473 1
77.555 479.97 1
295.968 145.634 1
40.5156 128.373 2
75.574 169.443 1
74.9248 119.995 1
154.207 176.008 1
226.582 243.501 2
233.277 269.664 2
91.1373 262.172 2
106.955 330.737 2
110.164 419.663 1
138.654 457.651 1
259.325 151.341 1
139.841 400.877 9
255.598 133.807 1
177.953 393.588 1
264.446 537.36 1
143.642 538.282 2
105.898 146.385 1
164.018 236.238 1
245.642 379.119 2
288.709 502.989 1
224.419 447.409 1
150.738 424.009 4
171.964 549.726 2
80.6441 188.473 1
123.831 325.549 2
236.262 146.538 1
155.722 92.093 1
219.74 235.163 1
135.542 176.88 2
145.063 235.148 2
151.611 251.261 1
102.738 326.485 1
161.176 413.599 1
210.064 486.495 2
168.373 149.523 2
206.656 68.4854 1
279.417 499.839 1
280.239 557.988 1
230.468 381.694 3
105.138 63.8579 2
185.777 515.367 1
86.8713 155.43 2
171.18 536.251 1
151.778 559.912 1
47.6471 146.014 1
126.661 564.612 1
91.7986 513.118 1
229.148 78.7894 3
219.747 143.716 4
265.23 430.976 1
276.401 496.342 1
171.989 56.0063 2
250.095 414.835 1
266.684 512.555 1
174 128.877 2
248.211 486.414 5
258.643 531.429 1
266.235 570.952 1
158.171 209.634 1
211.081 443.564 3
162.151 231.257 2
197.677 508.729 1
181.675 475.215 1
171.044 458.392 3
176.373 482.858 3
159.772 423.511 5
179.885 527.529 3
157.316 472.268 7
167.021 498.905 6
170.186 547.118 1
145.623 450.527 4
134.017 462.346 6
140.068 533.931 1
119.463 476.909 7
127.672 496.155 1
104.303 558.108 1
87.7719 509.213 1
77.4805 542.692 1
62.4986 497.656 2
263.736 514.441 1
177.642 530.112 1
101.551 493.482 3
99.9488 525.934 4
79.7484 511.534 2
230.664 365.613 1
159.401 555.809 1
177.37 61.7299 1
213.977 227.199 1
204.201 382.298 1
284.398 461.047 2
248.697 50.0789 2
164.518 61.2812 1
66.3944 459.998 1
46.9584 451.116 1
71.4168 227.155 2
105.064 53.0242 2
101.051 63.614 1
241.884 126.126 1
224.884 98.7507 1
161.345 226.511 2
154.106 166.628 2
162.495 71.4647 1
109.593 179.776 2
104.413 120.183 3
231.003 52.1267 1
103.829 563.681 4
230.963 381.298 1
207.503 414.044 1
110.866 243.946 1
100.86 252.224 3
205.638 379.268 1
208.584 308.956 1
213.661 219.194 1
213.568 199.453 1
202.914 180.883 1
139.32 223.11 1
129.76 154.587 1
193.438 200.555 3
185.004 99.1097 1
73.4727 220.601 2
153.555 557.258 1
106.048 422.066 1
195.476 220.936 1
163.525 215.981 1
91.161 205.498 2
95.8747 185.811 1
58.5463 224.017 1
159.983 46.9995 1
215.229 398.183 2
244.574 293.689 1
260.556 222.341 2
193.728 148.594 1
88.3202 110.166 1
207.44 373.643 1
210.991 303.454 1
215.096 196.252 1
143.907 200.513 1
136.346 149.622 4
137.25 197.858 1
121.179 294.427 2
300.456 167.327 2
309.988 101.98 1
161.56 174.663 2
131.581 177.703 1
169.657 60.294 1
157.966 537.217 3
147.925 519.101 1
216.156 483.558 2
51.5913 533.232 1
68.7476 455.079 1
88.7799 396.676 1
70.8016 236.479 1
222.42 126.521 2
105.897 150.503 1
36.7097 153.29 1
270.628 167.692 2
253.556 283.778 3
259.05 219.235 1
210.946 367.478 1
214.266 300.942 1
227.263 274.799 1
237.895 265.815 3
232.701 180.022 1
154.575 197.794 2
140.919 145.138 1
197.086 345.412 1
194.894 304.795 1
318.127 74.4624 1
63.3887 164.21 1
75.5041 183.375 1
230.651 183.006 1
32.99 222.631 1
260.215 93.4217 1
34.2097 117.998 1
23.7441 130.976 1
275.088 141.284 2
72.285 143.524 3
252.109 154.004 1
90.6766 191.685 4
26.3457 195.67 2
312.339 206.595 1
21.3395 238.453 1
66.5683 273.136 1
50.2271 302.146 1
305.709 458.947 1
305.366 462.464 1
130.152 400.934 6
288.677 173.781 1
194.907 185.255 2
125.474 203.13 2
263.755 217.292 1
46.582 221.621 2
260.588 235.537 1
66.2949 300.833 1
115.224 429.147 1
72.6542 309.579 1
55.0471 194.134 1
121.988 400.949 1
144.561 430.961 2
275.375 171.485 2
265.663 225.722 1
98.4304 200.017 1
240.335 259.04 1
78.098 236.844 3
207.115 299.51 2
42.9186 300.94 1
109.035 367.759 4
113.539 447.191 1
296.51 141.358 1
134.257 458.77 1
56.7978 229.212 1
174.397 374.579 1
143.451 400.753 1
262.843 213.978 1
154.7 187.092 2
246.009 212.152 1
216.683 225.493 1
92.5952 265.481 1
88.4429 320.525 1
217.069 231.362 2
121.699 318.045 1
256.265 71.7052 1
145.274 83.3546 1
157.056 165.776 1
258.364 388.562 1
111.462 449.627 1
74.5391 481.46 2
243.73 232.283 1
168.426 376.309 2
202.369 208.576 1
217.878 217.126 1
218.066 249.134 1
149.694 409.879 1
156.703 440.701 1
86.999 217.98 3
83.546 460.835 1
133.871 170.261 1
102.786 149.19 1
157.334 224.635 2
159.414 239.281 1
88.143 194.966 2
266.385 544.034 1
154.555 227.055 2
119.278 218.698 1
163.657 185.203 1
266.274 519.184 1
216.127 547.494 1
157.046 454.757 2
169.45 556.598 1
122.47 564.849 1
94.6429 547.854 1
223.793 223.459 1
255.633 493.276 1
251.868 508.181 2
153.212 219.201 1
156.261 233.865 1
240.109 527.267 3
155.375 422.872 1
181.564 504.136 1
155.382 492.664 2
165.891 548.408 3
132.695 482.574 2
152.312 543.09 2
135.224 536.295 8
118.514 497.698 1
123.692 529.279 1
118.51 556.528 2
104.302 524.414 3
104.164 550.884 1
89.9419 542.198 1
200.86 90.7847 1
260.462 241.527 2
262.352 519.693 1
241.816 18.5894 1
235.092 384.189 5
230.945 470.339 5
220.771 431.803 2
210.472 443.797 2
190.334 228.467 1
178.655 582.261 2
156.153 558.998 1
127.074 435.55 1
117.273 549.761 1
105.614 567.694 1
238.179 125.112 2
234.917 458.149 2
216.677 163.906 2
193.082 426.873 4
178.199 56.3486 2
179.133 490.67 2
163.026 507.76 1
152.183 572.527 1
150.236 480.5 1
142.7 48.9341 2
137.851 495.972 2
95.5105 161.307 1
87.6516 103.986 1
89.8882 426.957 1
146.778 208.275 1
175.12 428.267 1
234.941 317.944 1
198.037 97.3229 1
170.733 151.863 2
108.934 241.525 1
182.191 418.75 1
122.961 515.845 2
219.884 130.505 1
77.1039 522.252 1
180.103 60.2322 1
99.7802 418.302 1
101.798 394.145 1
221.456 97.4529 1
161.781 116.742 1
87.7606 63.8161 1
129.85 198.694 1
171.903 427.119 1
171.723 206.814 2
81.1904 214.086 2
179.506 126.532 1
163.418 112.152 2
86.0376 146.762 1
64.18 97.0941 1
216.004 97.1042 2
205.261 418.895 1
205.366 361.725 1
145.203 187.556 1
121.134 297.622 1
208.299 260.132 2
92.6958 486.912 1
128.823 470.399 2
112.124 260.981 2
79.2037 257.64 1
93.559 145.227 1
90.8711 196.578 1
175.316 141.764 1
185.217 387.163 2
210.049 357.177 1
230.693 163.774 1
254.966 206.365 1
72.121 133.439 1
88.6456 198.755 2
178.838 255.216 1
67.5279 279.593 1
258.026 286.906 1
192.193 301.229 1
120.463 311.314 1
183.005 367.839 1
46.5911 216.318 1
240.856 222.532 1
106.551 291.33 1
186.025 264.902 1
263.647 321.918 1
100.455 338.943 1
45.9393 229.156 1
290.54 116.51 1
271.499 124.995 1
175.327 215.59 2
231.082 243.355 1
44.7474 305.69 1
203.424 403.68 1
104.432 407.18 2
42.442 212.692 2
108.234 293.959 1
175.73 370.301 2
228.923 278.281 1
171.579 279.131 1
227.41 332.348 2
88.9402 330.396 1
103.843 126.091 1
110.389 175.346 1
124.686 296.698 1
174.3 261.159 1
114.676 148.659 1
111.079 215.135 1
162.983 107.207 2
156.502 249.773 1
84.824 457.823 1
92.7014 277.764 1
153.489 245.962 1
111.899 423.154 1
229.261 327.384 1
125.092 152.653 4
102.221 222.177 1
117.937 359.474 1
148.306 240.132 1
123.318 279.342 1
234.252 373.038 3
211.757 548.651 1
118.826 228.424 1
100.205 256.395 1
164.034 557.759 1
150.887 520.788 1
134.542 542.113 1
114.959 566.45 1
201.649 77.0181 1
150.894 163.721 1
152.254 493.245 2
234.606 376.973 1
174.028 77.1446 2
153.21 564.906 2
131.968 434.866 2
118.205 374.378 1
109.116 47.8703 1
106.171 255.133 2
100.758 262.548 1
197.978 173.332 1
182.698 56.9441 1
173.245 541.026 2
152.403 80.8209 2
148.527 574.974 1
143.436 208.158 1
144.015 227.739 1
130.723 548.416 2
239.049 310.07 1
238.296 318.557 1
231.269 350.587 1
196.654 166.864 1
145.122 221.668 1
129.659 135.735 1
234.469 389.724 1
244.551 47.4254 1
116.019 245.084 1
185.784 270.056 1
213.11 125.2 1
127.392 159.266 1
230.22 369.053 1
228.958 355.514 1
232.996 325.979 1
260.443 170.001 1
198.154 93.5392 1
82.8864 199.319 1
192.494 389.199 1
238.998 270.306 1
160.008 108.407 1
195.635 388.317 1
218.681 301.306 1
100.938 348.922 1
105.756 334.173 3
132.929 389.937 1
92.8976 274.483 1
204.517 348.465 1
116.129 210.387 1
79.7677 426.335 1
103.64 294.306 1
252.445 203.815 1
52.0741 224.952 1
178.466 266.163 1
209.2 345.716 1
16.8124 172.916 1
222.736 297.986 1
240.564 217.678 2
265.594 243.235 1
49.1507 266.185 1
179.285 262.289 1
243.831 267.931 1
69.0373 292.178 1
259.465 297.038 1
22.5145 308.634 1
31.3857 310.804 1
50.9398 318.177 1
251.995 228.007 2
122.727 392.898 1
159.143 182.357 1
263.227 239.595 2
45.3418 315.29 1
227.832 251.841 1
161.585 264.555 1
255.378 313.112 1
214.588 155.473 2
77.9423 165.558 1
117.087 144.949 1
224.494 272.911 1
147.251 252.236 1
207.575 332.825 1
218.881 389.651 1
130.808 412.616 1
194.157 419.465 1
203.429 501.547 1
184.529 377.11 1
223.6 402.832 2
193.114 250.655 1
202.477 212.982 1
98.0191 288.294 1
187.815 381.612 1
149.96 433.803 1
190.632 380.066 1
127.257 193.122 1
233.825 168.485 1
55.899 211.637 1
107.709 189.073 1
85.7534 163.193 1
233.579 321.063 1
57.7853 312.396 1
182.826 262.084 1
112.814 232.666 1
116.512 220.794 1
152.445 179.654 1
216.863 360.181 1
50.9689 173.032 1
