4483 21149
22.6118 4.56999 1
257.472 7.43046 1
494.81 8.27115 1
27.9821 8.86574 1
221.749 8.86049 1
92.4165 9.69922 1
403.314 11.3821 3
293.092 11.179 1
100.166 11.7628 1
113.734 12.5843 1
122.344 12.6405 1
31.5258 16.4526 1
66.7768 17.9639 1
68.0241 26.0436 3
163.317 29.9395 3
192.568 30.9276 4
235.654 32.4324 4
290.604 31.85 4
286.443 33.4352 1
119.684 33.7494 3
221.747 35.1392 7
264.434 35.2551 8
253.985 36.7968 4
279.214 55.9758 3
236.477 64.7607 10
47.9081 67.482 2
269.734 69.1474 17
28.8408 71.5606 1
20.598 73.2024 2
76.4883 72.2974 4
10.141 75.6694 1
243.888 75.7791 9
230.642 83.9027 9
230.329 87.8272 2
274.558 90.6149 22
94.7437 95.0388 2
288.094 95.9353 7
98.2168 100.799 2
226.505 102.153 18
299.914 99.8061 51
90.6119 108.906 12
272.57 110.764 4
281.578 118.231 5
216.475 121.387 46
102.833 123.178 7
16.9675 130.413 1
160.886 132.917 35
12.5758 133.243 2
8.95764 135.679 1
167.318 138.63 2
179.854 136.59 43
7.5169 150.459 1
101.272 147.849 28
176.259 149.524 7
89.6803 151.269 5
298.644 154.625 9
115.27 152.097 31
80.1222 155.159 6
311.205 155.267 10
4.96412 157.617 1
135.607 159.17 22
64.8842 161.294 1
54.2259 164.221 14
150.03 163.603 34
41.9679 167.139 8
290.153 163.392 18
182.649 166.656 15
33.3185 171.16 8
26.2381 171.218 4
168.572 171.49 38
141.874 178.785 4
126.328 183.607 4
117.912 186.695 9
454.126 186.046 7
441.087 187.354 6
107.72 191.207 2
40.2968 192.001 3
427.896 191.793 3
453.314 192.741 19
44.9848 194.002 5
194.893 195.974 10
421.317 196.133 34
311.359 195.091 12
50.9454 197.184 1
91.0302 197.576 1
54.1149 198.735 1
60.6171 201.179 11
423.363 200.738 1
78.6493 201.44 15
27.3615 202.854 5
198.74 203.36 24
371.668 209.395 23
109.742 211.147 15
347.548 212.401 55
444.962 212.721 12
33.1905 213.399 4
428.131 218.563 6
409.566 221.585 23
156.397 226.456 3
407.856 230.079 2
159.521 230.747 1
43.5287 231.641 7
354.98 234.254 31
395.18 231.579 31
521.937 235.932 3
380.375 234.761 20
44.6705 237.833 3
369.542 235.483 31
344.691 237.886 16
164.238 245.709 22
496.363 246.626 4
537.259 244.404 11
50.5038 247.281 9
442.995 248.551 28
493.757 250.865 13
330.578 250.094 18
420.325 252.782 30
492.493 253.666 1
58.7866 259.817 4
414.005 254.973 21
60.5133 262.292 2
63.8028 270.403 12
429.707 271.252 8
509.457 272.681 10
454.623 272.291 11
462.455 273.705 22
519.469 273.406 20
377.889 275.025 1
445.88 273.767 25
534.726 275.06 7
544.465 274.541 8
556.19 272.977 16
73.9529 281.25 5
77.7686 280.44 9
233.032 280.453 14
388.161 290.353 1
600.099 291.253 47
610.874 299.193 11
385.157 297.628 7
286.856 304.183 2
566.06 304.398 4
21.7792 322.444 1
231.581 330.375 12
608.449 332.536 5
259.209 331.908 10
342.779 339.678 16
306.67 342.187 6
221.364 347.926 3
694.665 349.863 2
256.779 350.041 25
440.574 353.937 16
241.029 354.914 29
247.129 356.146 8
446.288 365.801 15
432.905 366.797 9
446.02 367.54 13
518.942 371.809 7
449.917 377.192 1
213.449 376.467 16
417.555 381.886 5
440.739 385.497 19
238.49 387.823 5
536.671 388.061 26
252.854 391.236 24
254.009 392.193 9
349.618 394.684 14
424.502 395.643 17
358.242 394.479 4
370.662 394.13 10
398.391 395.664 6
309.91 396.307 31
452.653 398.823 38
528.307 395.874 16
210.532 397.36 32
422.669 401.769 2
6.60728 401.97 1
284.959 403.675 49
533.692 410.376 54
230.035 402.111 31
443.505 402.942 24
400.117 406.392 62
192.85 402.323 11
337.312 406.849 5
349.577 406.853 48
371.238 409.579 36
207.219 409.184 7
175.01 412.782 5
405.989 413.409 4
538.583 415.16 11
430.288 413.077 24
285.25 413.996 16
272.425 417.625 21
527.187 424.599 8
122.096 421.638 1
539.061 422.045 1
207.289 424.1 9
169.265 423.17 49
282.358 425.08 6
613.568 426.151 9
294.208 427.354 7
270.734 428.259 8
307.55 427.713 10
375.976 429.483 7
533.812 427.782 14
425.908 430.474 32
523.537 432.537 2
319.949 434.305 2
536.592 435.002 11
186.96 433.566 24
162.467 440.233 3
130.779 441.416 23
252.101 441.212 15
174.006 444.045 6
201.87 445.998 6
159.603 445.889 11
123.101 446.994 10
459.817 446.447 14
192.208 451.46 2
266.403 450.773 27
320.054 455.369 14
324.454 455.488 1
350.659 456.681 6
357.38 457.097 2
116.893 457.195 16
204.622 458.094 15
138.966 459.994 4
281.52 466.405 12
598.452 467.58 18
10.3247 467.4 1
84.1439 466.586 1
153.761 467.874 9
105.733 466.331 9
638.75 468.252 9
223.648 471.401 38
223.548 475.551 1
266.414 470.423 41
89.6828 478.002 1
107.041 475.908 16
160.633 479.207 1
136.775 479.284 18
171.851 479.791 7
282.291 479.584 6
242.49 479.732 8
254.878 482.679 2
132.236 483.445 2
233.012 487.433 6
627.417 487.52 16
101.512 486.148 13
105.77 487.754 7
119.714 488.772 5
154.789 489.873 7
207.442 485.869 8
290.864 487.955 31
586.146 491.462 17
173.137 491.176 14
447.244 493.072 7
167.674 496.974 5
205.076 494.461 8
197.787 497.048 2
242.798 493.968 9
623.133 497.272 4
254.879 493.404 50
262.601 497.069 4
547.536 497.649 1
580.817 498.401 12
80.6763 502.19 3
440.804 501.974 10
546.427 502.636 1
308.949 501.7 8
280.904 503.567 1
69.6276 503.778 4
593.098 504.614 5
155.046 504.927 3
672.797 505.803 1
58.6095 506.886 21
77.2703 508.939 2
619.708 509.101 7
221.825 510.805 1
53.9059 512.693 1
190.493 512.414 26
207.056 513.414 15
216.931 513.689 9
644.328 514.38 3
402.993 515.331 2
246.343 513.556 20
43.5126 516.391 6
153.9 519.884 7
258.67 520.732 19
32.4009 519.733 5
27.2557 524.379 1
534.293 523.257 16
21.6559 525.422 5
396.064 526.51 23
572.26 525.663 1
644.655 524.763 8
511.714 525.295 29
578.086 524.801 4
199.569 529.351 26
405.404 528.068 4
217.635 528.15 26
409.157 529.439 1
555.057 530.208 5
11.2338 530.784 1
628.737 532.686 16
200.601 534.231 1
187.739 533.456 5
154.068 536.38 6
624.479 537.657 8
91.7272 537.821 10
596.199 538.964 17
188.204 541.032 11
206.134 541 1
606.51 539.929 12
87.1176 541.878 1
366.206 542.607 6
637.373 550.017 5
76.7367 547.42 10
207.564 550.083 10
106.571 550.475 5
203.647 553.605 3
629.745 553.264 7
636.04 558.461 10
145.919 563.693 1
373.803 565.38 8
129.235 569.879 14
116.975 570.216 8
657.14 567.197 5
692.96 577.739 1
382.722 580.652 4
367.211 582.046 1
647.854 581.775 2
638.084 583.484 1
214.093 590.571 1
331.833 591.421 1
310.091 591.633 1
696.789 592.266 1
387.471 594.294 1
79.5014 4.64848 1
112.197 4.78567 2
156.537 4.83976 2
382.553 5.33321 1
228.247 5.439 1
472.321 5.79309 1
523.728 5.87628 2
542.021 6.1541 1
58.0902 6.70226 1
512.414 6.86202 1
558.092 7.88082 1
269.661 8.71274 1
339.301 9.55387 1
261.067 11.369 1
525.878 11.3834 1
23.5351 11.6585 1
232.518 12.728 1
217.925 13.3391 1
163.945 14.2499 1
178.171 14.5335 1
200.924 13.6983 2
366.873 13.7541 2
92.0526 15.5072 1
151.682 15.1919 1
396.921 15.5069 1
409.963 15.8522 1
276.075 16.9798 2
108.675 17.9096 1
120.406 17.9934 1
50.8374 19.7784 2
347.269 20.5618 2
73.7063 22.1551 5
235.482 21.9971 1
207.08 22.9687 3
219.633 23.4905 3
411.47 23.2073 3
161.395 24.5486 1
291.242 24.3334 5
300.114 24.0056 3
196.402 25.0315 2
227.092 23.091 5
313.015 25.5855 5
91.4379 27.0009 2
212.358 30.3082 5
357.378 30.4017 1
64.9268 31.4328 3
309.177 33.8152 2
80.875 37.5601 3
89.1528 35.9982 1
238.185 35.7539 3
201.773 41.5192 7
215.749 42.4071 3
241.032 43.6801 8
278.223 45.4141 18
291.641 48.5312 15
267.826 50.9355 5
147.808 53.6498 3
284.424 54.2489 2
268.765 58.6074 5
93.0234 60.2486 5
140.056 61.2132 2
278.468 62.4925 9
138.112 67.4974 3
286.492 67.2458 19
269.702 67.9046 4
52.2845 70.6221 10
280.099 74.9209 39
77.0622 77.8948 7
290.642 78.364 1
240.572 84.2145 33
282.608 83.7967 17
289.273 87.7122 16
102.658 96.3521 11
245.683 101.989 34
295.914 97.6613 2
232.508 99.3539 11
287.793 103.823 8
240.572 104.969 3
293.695 110.437 37
107.304 106.561 25
290.753 110.5 1
242.028 111.881 1
307.074 113.444 18
95.0601 115.757 5
237.834 115.329 3
66.9084 118.424 3
84.698 117.716 10
252.46 116.664 3
61.1577 118.087 1
272.701 119.118 1
242.016 121.258 8
313.154 127.368 34
223.889 122.249 6
31.7154 127.558 5
310.239 129.208 16
153.258 128.07 1
210.567 128.862 7
121.031 132.837 3
18.6081 135.001 1
122.235 137.282 1
172.708 137.396 11
188.112 138.679 34
222.06 138.894 27
313.851 139.855 6
9.74347 141.347 1
181.05 144.808 16
128.698 145.987 11
292.311 149.256 1
154.475 148.75 26
302.545 148.991 22
12.7306 149.575 1
124.502 150.137 13
317.056 149.815 2
222.333 152.758 4
228.306 152.128 1
172.052 158.53 17
159.708 157.677 16
306.567 156.385 5
18.5326 159.622 1
315.693 160.499 71
172.536 163.3 2
181.325 162.616 6
300.433 163.093 6
175.809 168.884 1
24.3021 169.769 1
248.21 172.361 2
156.811 175.096 1
30.8856 180.428 6
18.9803 181.361 1
321.539 181.132 8
144.658 182.171 3
158.01 181.743 6
175.014 184.61 31
304.595 185.075 22
165.872 185.729 1
148.228 188.881 26
17.3304 189.908 1
123.542 197.716 15
203.044 195.329 19
328.203 196.136 4
433.154 197.426 17
38.1915 196.754 3
17.7974 203.592 1
109.458 203.385 29
433.797 205.381 12
246.43 207.218 3
397.497 204.646 16
191.628 205.905 2
420.688 206.536 27
153.255 207.389 2
42.983 207.792 10
147.464 209.153 23
462.404 208.556 10
267.72 210.997 3
321.732 211.983 7
342.45 212.502 3
403.122 210.731 38
57.9642 213.253 7
390.242 219.34 33
377.416 220.399 18
418.426 214.349 12
40.2119 215.702 2
78.8278 215.7 2
112.714 217.545 16
437.413 218.979 28
51.5805 218.485 6
63.9068 218.475 10
368.771 217.993 6
103.675 217.904 5
348.507 219.274 2
418.74 222.631 10
456.521 220.393 14
281.392 222.394 19
302.806 222.285 5
470.398 224.129 46
37.5433 222.744 4
526.195 222.079 4
197.138 220.169 12
429.288 225.858 14
546.974 225.413 4
443.679 225.807 2
520.83 228.327 10
555.079 227.507 1
19.8376 228.24 2
55.502 228.487 18
401.3 226.774 5
467.02 228.307 2
434.167 232.683 4
363.659 232.108 14
458.83 232.216 10
533.925 232.118 20
491.655 234.172 18
173.736 233.364 14
217.988 234.02 2
409.392 239.53 65
557.48 237.973 20
279.412 238.684 1
393.454 239.062 10
439.097 239.072 3
505.229 238.941 3
170.741 240.618 14
425.311 239.671 5
471.831 239.847 3
309.013 241.36 8
377.41 241.516 21
298.402 241.761 7
319.754 243.558 10
487.454 242.644 2
22.237 245.47 2
265.499 244.87 5
346.886 248.033 19
403.104 245.867 14
455.946 245.169 34
422.285 244.828 11
179.954 247.474 17
331.004 248.591 7
351.685 247.55 29
518.694 248.62 20
249.223 249.275 12
378.015 252.018 3
68.2836 250.26 14
207.402 250.664 29
341.103 251.042 13
460.542 251.68 9
228.577 252.12 26
390.701 252.54 14
412.011 252.788 1
498.675 253.889 7
372.807 254.038 7
446.152 256.698 13
482.904 255.263 18
561.554 254.858 10
185.591 255.893 2
296.08 255.805 9
524.162 256.154 7
437.649 257.917 10
467.181 257.39 22
303.06 258.523 8
369.057 261.655 5
420.08 261.269 17
472.579 262.716 1
480.202 261.388 1
76.0013 264.047 16
305.004 266.286 10
539.157 266.967 1
334.893 269.854 8
300.815 271.753 1
381.275 269.349 13
79.8014 273.992 6
420.646 282.695 16
339.701 278.562 6
493.035 278.691 13
303.803 279.575 5
381.503 280.073 19
440.714 280.848 22
450.784 281.647 20
419.389 281.775 7
522.163 280.372 10
406.709 282.199 22
374.533 285.834 9
341.291 285.059 6
115.186 285.443 8
452.773 292.725 4
740.235 290.653 1
442.134 290.96 3
584.247 294.01 16
610.401 292.508 2
396.772 294.365 25
427.635 295.47 10
193.458 295.207 17
330.018 297.799 14
359.913 296.205 4
598.316 300.027 15
560.782 299.922 14
233.716 302.238 51
320.852 302.981 6
392.598 303.096 8
576.05 303.662 13
204.688 303.437 1
441.52 304.004 3
314.607 309.726 13
345.769 308.824 6
539.305 307.614 17
569.435 308.612 6
520.34 309.879 7
529.19 311.865 8
584.593 311.724 4
328.403 313.489 2
424.017 317.668 13
30.1307 316.543 3
357.623 315.771 13
451.076 321.675 26
577.972 317.753 35
406.29 319.626 13
71.0594 319.54 7
549.85 321.713 9
608.819 322.363 15
234.817 321.954 20
600.375 323.483 4
356.27 325.1 6
362.867 324.009 2
474.986 325.642 8
305.513 326.822 10
437.612 325.599 15
17.3088 328.199 1
246.079 332.185 20
270.561 329.424 29
616.615 331.2 55
457.306 334.279 9
206.539 335.993 2
138.664 337.753 4
233.575 338.957 13
131.821 341.489 18
348.529 339.439 3
17.4692 343.236 1
379.329 346.095 4
302.946 349.358 56
567.681 347.159 5
129.577 348.186 3
279.549 349.018 30
312.774 348.206 1
702.077 353.901 4
514.396 354.25 34
92.1969 355.676 9
88.1173 358.015 7
456.006 362.069 35
700.388 360.333 3
528.76 361.34 7
282.381 359.592 13
619.015 357.302 42
694.806 360.867 6
436.995 361.758 7
246.88 370.413 18
259.692 367.718 38
442.536 365.793 2
546.343 367.743 2
109.705 368.77 1
526.817 369.869 19
283.559 369.966 8
435.443 373.689 29
537.17 372.402 11
616.546 379.622 37
385.887 374.427 3
456.286 376.438 21
227.142 377.196 9
175.96 380.117 7
241.841 382.191 11
284.36 380.586 67
523.047 381.472 4
71.9073 383.748 1
146.385 384.266 1
213.628 384.653 20
29.8203 385.139 1
399.207 383.36 14
140.318 383.915 5
329.916 385.372 4
341.745 385.775 3
350.942 384.814 9
361.347 384.431 4
286.552 389.204 7
304.373 387.972 6
415.453 393.347 11
209.348 393.217 9
408.108 396.165 23
752.576 391.042 7
389.729 392.109 7
486.853 393.345 8
263.72 393.182 1
206.498 395.128 16
241.507 395.939 2
247.995 399.035 13
22.1703 400.389 5
142.342 398.755 1
612.925 399.355 1
341.089 400.105 8
365.725 404.868 16
373.751 401.753 3
408.393 398.611 17
326.426 401.195 10
354.077 400.916 11
399.454 402.935 5
460.723 400.556 28
294.592 403.946 47
312.067 401.682 4
415.426 401.729 8
179.354 404.463 27
12.2893 403.834 1
188.555 404.427 1
212.528 408.966 33
527.778 405.524 23
85.5399 407.528 4
151.35 406.489 2
303.143 408.022 9
410.816 408.289 17
463.096 408.89 27
425.958 408.422 9
478.976 409.662 33
310.18 410.857 48
72.3269 411.022 4
181.808 412.82 7
228.165 413.975 12
253.711 413.27 20
293.125 410.622 8
442.978 414.402 27
613.869 415.141 33
165.11 411.279 5
199.412 416.259 45
319.627 411.257 22
358.896 410.982 11
93.5589 412.071 3
326.849 414.526 13
54.487 415.243 2
388.176 415.299 16
181.301 417.877 6
208.414 416.408 17
439.162 416.186 2
132.41 416.985 1
452.146 417.53 8
462.023 418.01 7
426.051 417.498 1
190.068 421.572 21
399.663 422.019 22
333.741 419.462 7
300.027 421.131 12
354.242 423.283 21
393.722 421.711 8
154.287 422.059 4
23.7255 423.242 3
143.717 424.501 5
133.04 424.504 3
276.405 423.981 1
526.139 424.392 4
47.8264 426.426 1
83.8007 425.879 1
312.003 426.269 3
543.817 426.416 15
326.569 430.804 32
211.524 428.114 14
340.355 427.451 1
434.142 433.191 14
194.089 430.348 1
449.861 433.716 29
456.703 434.314 20
277.887 433.174 5
296.401 433.58 1
309.852 434.576 21
167.748 434.218 21
368.979 433.864 2
383.585 440.15 32
393.053 437.911 25
432.587 439.125 14
520.18 437.642 11
757.382 436.652 5
341.689 438.34 1
108.557 439.083 1
531.388 441.157 6
314.259 444.336 3
237.825 441.866 11
681.189 442.199 2
188.08 443.43 13
372.398 442.918 4
255.562 447.681 9
673.792 445.59 1
468.86 447.724 4
309.087 448.626 14
56.3616 450.091 7
212.619 450.787 7
451.745 451.539 10
13.3642 454.385 1
224.196 454.161 1
542.17 455.051 16
93.8569 455.377 9
613.751 454.958 6
61.1602 456.179 2
250.921 457.544 1
305.569 456.874 3
392.325 458.578 14
403.921 458.28 14
270.113 460.433 19
324.486 460.87 2
534.983 462.225 3
335.538 463.05 11
349.269 463.309 17
197.741 462.414 11
376.006 462.757 1
26.1174 463.657 1
120.808 464.213 12
212.124 464.851 6
384.64 464.461 4
416.045 463.609 1
143.351 466.051 8
159.771 465.519 13
231.512 464.522 8
289.279 466.742 16
46.0139 467.162 1
91.9118 467.057 7
110.611 469.128 15
245.481 469.25 2
210.847 471.589 8
84.9926 472.272 3
278.718 467.968 17
318.148 472.358 3
5.66664 472.61 1
181.44 478.118 30
199.413 475.618 22
602.893 474.571 11
94.9187 474.831 3
102.544 477.881 8
637.607 474.433 4
229.586 476.032 2
196.97 476.601 4
117.836 478.517 26
294.015 476.921 13
309.937 478.459 20
567.906 479.896 10
179.253 480.719 3
202.762 481.07 5
225.569 484.087 31
69.2008 482.154 2
155.445 481.498 1
633.717 482.239 23
316.903 480.746 8
136.949 489.005 4
162.953 486.628 20
285.107 484.555 3
327.189 486.818 4
265.362 488.439 37
667.814 488.03 1
309.985 489.434 26
439.428 488.914 15
171.219 487.909 7
195.378 490.359 5
595.243 493.414 25
111.893 491.454 16
142.131 490.819 2
525.338 491.221 10
353.546 492.387 5
373.763 494.015 13
91.3251 493.141 13
234.12 493.696 8
535.125 495.784 12
719.304 494.047 13
602.485 496.391 18
215.249 497.502 35
591.541 497.486 7
178.341 498.1 13
289.519 498.302 10
445.621 498.236 1
135.573 499.793 16
192.47 501.861 20
533.765 503.553 30
258.925 505.814 31
430.634 502.165 10
625.066 505.352 9
143.244 506.758 6
175.008 504.772 21
182.675 504.409 4
215.16 504.248 32
13.9204 505.285 1
39.6834 505.536 10
640.855 507.988 23
312.647 508.902 30
542.513 507.094 6
195.214 507.487 8
243.096 507.933 15
285.063 507.446 11
521.52 509.92 10
439.016 509.589 9
334.085 508.574 4
380.311 509.718 11
417.753 511.04 23
588.025 510.64 4
151.747 512.1 11
351.748 513.944 14
358.348 513.729 33
390.171 511.757 24
426.399 514.52 18
673.288 512.966 4
80.2703 514.123 12
261.759 513.69 9
199.141 514.394 2
223.409 514.188 5
619.512 515.01 3
542.615 515.418 1
165.955 517.722 19
537.098 517.253 3
52.9397 517.555 7
67.4595 519.243 9
136.804 519.175 19
181.607 520.773 15
211.856 518.537 8
383.641 519.651 11
437.348 519.393 7
662.047 518.036 3
190.33 522.032 17
403.979 519.633 13
651.769 521.549 12
420.695 521.254 1
45.8105 522.574 9
338.26 523.311 6
364.322 522.516 2
519.751 523.603 15
552.225 521.856 2
575.974 522.058 2
59.298 523.106 12
144.99 522.657 19
454.438 526.232 4
468.214 524.994 40
409.051 524.37 3
259.743 525.982 2
374.944 525.857 9
435.765 525.22 5
101.715 528.708 17
156.185 526.824 2
229.538 529.478 15
393.285 527.571 8
447.163 527.302 5
529.756 528.595 22
661.688 526.745 11
30.2884 527.985 6
126.621 527.51 1
43.5404 530.168 6
118.604 529.707 31
166.562 528.6 1
143.261 532.713 17
380.022 531.346 3
414.71 530.228 4
482.832 530.222 1
537.76 531.589 16
647.547 530.373 2
60.4425 530.324 1
209.612 530.63 8
73.7912 532.25 12
548.006 533.071 14
429.001 535.286 20
474.108 534.996 3
583.79 532.194 24
33.3167 535.296 7
91.1483 533.775 1
684.71 533.886 2
218.709 536.696 15
658.431 534.17 10
5.30293 537.011 1
119.167 537.592 4
453.415 537.669 2
96.8232 544.039 20
143.981 541.071 2
158.446 543.021 5
625.651 543.088 11
17.0936 542.216 1
465.854 542.179 7
196.472 543.383 17
373.414 544.477 8
615.471 547.29 7
83.7823 545.879 11
608.6 546.263 5
752.502 546.346 1
366.129 549.757 4
643.989 549.003 9
5.4225 549.754 1
396.63 550.352 1
193.868 552.036 5
65.0624 554.386 14
124.124 554.246 3
211.925 555.757 6
179.347 556.552 10
115.48 556.151 14
618.133 556.044 1
16.5113 556.724 1
383.157 557.484 13
476.969 557.982 7
625.229 557.739 1
51.1378 558.448 3
637.357 558.892 3
93.131 560.266 1
391.928 560.85 2
440.489 561.232 7
604.011 562.684 6
654.206 564.077 2
5.442 565.239 1
63.03 567.262 4
488.647 567.516 16
70.4106 569.27 1
92.8895 570.685 7
41.242 569.938 1
393.154 571.27 2
369.974 571.933 4
435.068 572.003 1
51.0716 572.631 4
497.226 573.27 1
6.47223 574.74 1
182.527 574.29 1
386.568 573.89 6
656.5 574.474 6
159.989 577.455 8
105.288 578.339 1
680.738 580.174 3
342.132 580.971 1
433.857 582.702 1
349.49 584.358 1
372.811 584.504 2
642.658 585.701 1
653.064 584.621 1
700.175 585.112 1
678.283 586.242 1
363.242 587.066 2
163.476 589.553 1
470.28 591.884 1
685.141 592.108 1
315.084 592.935 1
437.698 593.008 1
602.835 592.862 1
157.377 594.383 1
219.559 594.449 1
169.704 6.70617 1
67.5922 10.1015 2
354.462 22.6565 2
286.772 39.3285 16
258.999 53.1379 22
234.114 62.1373 5
273.365 101.617 18
111.582 127.989 26
159.885 132.464 19
12.0591 160.836 3
126.899 163.387 3
343.785 201.254 39
167.463 216.646 15
39.0624 230.126 8
353.503 234.493 4
265.001 234.362 4
288.93 239.781 35
536.694 241.358 6
237.479 273.435 21
239.62 275.306 5
431.832 281.59 14
595.986 314.175 24
300.624 319.311 12
231.614 369.267 12
414.102 381.593 7
405.012 382.459 10
278.721 395.104 12
204.932 439.578 27
248.472 449.338 31
202.172 455.23 28
608.384 462.038 25
175.472 462.267 20
314.329 465.109 33
624.728 464.802 40
309.004 470.428 11
253.428 478.078 5
430.079 486.306 16
410.535 491.164 14
112.83 511.569 29
500.172 515.754 17
603.884 518.751 5
568.007 531.866 27
384.2 547.304 27
732.274 559.44 10
226.355 566.577 13
187.237 9.76337 1
79.3992 16.3759 1
292.938 16.9881 2
256.712 21.5332 1
305.379 29.4138 10
266.279 34.1167 2
63.008 62.8346 7
271.571 70.7585 2
259.68 78.2189 23
230.048 84.5299 1
95.9368 106.316 10
309 115.638 2
156.601 119.875 7
297.49 125.307 6
92.0698 151.231 2
300.152 157.513 5
137.993 160.759 1
291.648 166.065 1
148.857 173.783 10
318.321 187.847 12
47.7913 195.104 1
99.8766 194.223 6
63.3083 201.881 2
27.2945 205.443 3
520.566 218.193 34
44.1388 220.435 2
343.339 237.445 4
550.28 244.24 5
416.43 255.422 2
489.034 272.45 23
522.462 273.099 2
396.212 275.484 24
363.35 281.869 41
611.785 324.63 2
603.445 335.366 9
487.54 345.275 9
609.687 350.956 5
460.324 351.557 16
245.564 358.05 1
422.06 366.97 42
217.512 378.688 4
243.86 389.266 3
208.906 400.065 6
232.959 404.108 2
271.331 403.751 13
388.69 417.517 1
490.157 416.703 31
606.346 416.905 14
189.627 428.481 4
258.226 424.046 3
423.058 439.72 6
337.462 455.718 12
167.081 459.26 21
298.798 462.405 18
111.795 473.193 1
269.087 472.835 1
142.569 475.654 5
611.782 490.231 25
150.164 497.498 8
333.253 495.886 39
637.847 496.775 52
518.283 499.689 6
572.374 502.075 11
234.694 500.769 15
162.613 508.771 33
335.607 515.961 9
107.428 536.364 3
599.671 539.395 1
376.14 567.008 2
128.353 571.638 1
232.658 588.408 1
157.977 8.88621 1
385.837 9.12866 1
541.605 11.9386 1
26.1587 14.333 1
226.393 13.7775 1
266.046 13.2119 1
167.332 18.7427 1
182.974 19.8438 1
475.997 19.6399 1
57.0385 22.0186 1
104.932 21.9592 1
125.711 21.7556 1
139.301 21.1409 1
394.12 21.7368 1
381.303 24.2887 1
78.9018 28.0356 4
200.938 27.8669 1
228.961 33.4143 5
249.485 32.4333 1
611.212 32.0407 1
315.064 36.0016 2
352.35 37.4682 1
265.782 41.921 13
204.917 46.1722 1
295.845 50.6107 2
245.049 49.7676 1
277.764 50.7659 7
280.045 77.7986 5
242.421 87.8232 15
294.514 88.6549 8
246.312 103.238 3
280.323 101.714 26
110.359 105.715 2
235.502 125.64 5
46.9737 124.023 5
230.161 125.905 1
312.645 128.472 2
126.675 134.599 1
176.214 137.562 4
191.147 140.094 3
15.3082 143.16 1
134.428 150.134 13
305.101 149.213 2
126.839 165.917 1
302.001 171.857 25
35.8793 180.727 1
141.809 190.322 13
128.945 196.603 4
441.549 195.659 7
207.907 199.304 15
50.2967 208.83 1
443.176 207.485 7
404.772 209.022 2
274.839 215.843 42
172.393 218.213 5
437.543 223.026 4
284.998 223.983 11
308.443 228.186 16
523.782 229.35 1
410.725 239.331 3
491.876 237.129 1
182.036 241.866 1
288.319 242.003 6
559.307 243.193 11
384.09 245.523 7
428.504 244.693 3
72.5177 250.109 1
403.919 255.009 7
229.511 256.764 10
391.644 256.48 1
374.578 258.144 1
428.95 263.627 13
431.633 286.819 11
451.47 282.793 1
499.448 280.706 9
408.034 286.769 3
523.405 283.264 1
615.375 284.721 1
378.661 286.472 3
583.255 296.375 1
455.248 297.69 4
559.965 302.491 2
598.288 303.912 6
472.847 304.117 11
317.482 309.059 18
539.974 309.944 2
493.816 313.738 6
331.741 316.435 2
34.2347 318.365 1
411.532 320.158 13
423.269 319.942 1
578.544 320.012 1
452.368 321.557 1
442.423 326.815 3
269.576 332.504 2
618.157 332.314 2
232.532 346.644 1
18.7421 348.763 1
302.598 351.908 7
228.283 354.16 26
494.965 355.357 10
514.65 356.923 7
617.89 357.174 12
109.995 355.379 6
461.628 361.331 14
235.331 370.605 4
247.15 370.019 1
531.349 367.757 4
283.084 378.679 7
179.57 381.634 7
616.967 382.871 28
388.724 383.406 1
217.267 386.081 3
449.632 390.148 22
410.017 396.283 1
434.845 395.696 22
465.952 399.252 11
23.5909 402.182 1
248.622 402.336 2
296.81 406.674 8
347.902 408.737 11
370.97 405.748 6
397.503 407.243 12
532.072 410.352 15
216.056 413.072 5
429.812 409.617 11
481.31 410.207 1
412.776 411.212 1
285.244 411.567 8
201.984 416.782 3
231.843 415.637 1
442.903 416.188 1
615.367 417.974 5
181.908 419.529 3
357.733 422.39 9
460.38 419.798 4
399.878 423.032 2
624.803 426.974 11
546.635 428.236 4
328.116 432.213 2
285.544 433.098 14
438.375 438.345 16
201.899 438.257 4
250.659 436.654 6
305.856 437.475 18
386.548 443.195 3
520.228 441.239 7
405.006 441.338 25
145.588 446.651 17
312.675 449.162 1
471.482 449.326 1
218.005 452.986 2
586.392 450.731 4
454.637 455.538 1
397.013 459.152 4
542.79 456.313 1
178.707 461.793 4
611.28 470.295 18
314.04 467.146 4
169.888 475.375 2
105.589 476.57 4
119.418 479.196 2
186.114 481.031 17
312.247 482.734 3
147.384 484.485 23
222.702 489.41 4
341.075 484.519 23
175.432 489.404 1
267.607 487.76 6
201.479 491.075 2
127.847 492.666 6
442.735 492.701 5
412.041 494.672 8
356.958 496.548 5
596.759 495.198 13
195.263 503.032 1
289.17 504.195 9
129.617 506.78 25
530.625 505.508 14
259.243 506.68 5
145.182 508.344 2
173.701 507.363 3
39.9069 509.044 2
312.899 511.36 5
638.676 511.833 14
115.268 511.665 4
575.42 512.681 23
350.424 513.704 1
423.762 515.26 15
140.878 520.092 3
168.397 524.158 3
405.728 522.073 2
385.005 523.56 5
236.257 525.856 8
343.852 527.8 3
34.0881 528.571 1
53.415 531.371 9
263.543 530.794 1
524.733 529.688 2
432.603 537.226 20
643.128 536.048 17
217.259 541.176 7
478.341 539.37 1
201.918 544.203 11
18.0196 546.278 1
95.2644 547.616 3
160.674 545.562 2
625.602 546.343 1
756.233 552.908 2
397.709 560.613 1
418.988 561.39 5
454.417 557.773 4
733.942 559.509 2
638.295 562.166 3
442.592 564.024 1
605.158 565.344 1
74.3059 572.68 1
165.654 577.909 4
659.897 578.458 1
133.267 580.433 1
505.954 588.602 1
87.4717 48.8548 1
337.682 184.377 41
346.065 204.929 5
329.956 211.477 6
63.282 221.845 4
371.164 227.966 5
511.015 250.133 6
253.365 342 11
267.049 405.418 7
359.776 497.911 2
458.601 507.554 3
403.074 582.549 1
43.6024 21.3832 1
265.772 78.5641 2
93.2649 104.522 6
223.553 114.826 4
308.224 174.727 6
75.7199 202.846 1
514.587 223.605 9
476.484 228.907 5
338.604 233.961 12
550.51 269.361 3
407.802 269.452 8
236.548 309.088 4
514.414 345.778 12
472.322 345.923 2
397.501 369.553 6
419.266 368.58 7
347.449 393.229 1
323.612 395.948 9
386.264 398.465 9
601.065 418.799 2
149.01 432.647 31
191.461 433.79 1
422.682 435.934 7
263.382 456.454 1
594.474 476.908 1
107.534 481.528 1
299.883 490.773 3
318.633 491.435 8
570.047 503.145 9
335.207 503.574 1
54.9311 508.083 1
510.853 505.158 7
643.174 521.281 2
219.438 531.71 1
645.517 575.908 2
85.1758 20.344 1
413.395 19.2864 1
562.195 25.2474 1
577.847 24.8692 1
110.075 31.0229 1
267.209 41.1008 5
182.646 45.7275 2
173.272 75.4378 1
248.945 92.6237 6
309.468 96.7114 5
227.923 140.48 1
319.854 139.625 7
28.5636 145.358 1
200.496 149.714 1
94.1976 169.158 1
48.6055 185.331 1
580.101 196.859 1
111.417 210.059 3
73.4503 224.194 1
297.175 228.437 2
385.468 227.689 16
419.774 239.967 4
361.541 248.989 2
444.366 264.655 3
573.283 260.021 4
362.742 281.105 5
633.783 282.664 1
510.038 287.303 9
421.791 292.103 7
592.406 310.444 5
281.793 351.478 7
495.841 363.734 4
627.096 360.942 5
469.928 368.035 1
256.247 370.672 3
435.5 380.912 4
537.003 378.212 2
288.985 382.589 3
625.203 382.118 3
402.54 387.957 1
348.824 410.368 2
260.7 415.253 10
486.484 414.335 3
209.952 421.181 1
555.485 431.716 1
286.855 431.408 13
363.552 436.058 10
394.212 442.066 4
445.822 440.76 16
633.283 440.941 11
141.454 458.137 2
190.306 460.942 13
283.401 458.293 2
468.479 464.885 2
324.942 466.5 9
613.314 476.481 2
190.416 487.477 2
148.164 490.876 2
229.064 494.174 2
277.225 507.963 7
536.161 510.347 2
122.15 519.296 13
591.45 516.878 1
354.388 526.221 11
87.3863 528.65 2
177.514 531.534 1
239.795 536.177 1
431.695 541.31 1
570.341 542.136 1
651.016 544.764 1
96.599 557.473 1
411.303 570.358 1
449.06 568.868 1
57.692 570.626 2
628.878 29.5186 1
87.9036 99.3857 2
293.573 117.643 9
157.737 152.651 1
205.078 153.871 2
211.739 186.034 1
638.863 282.27 2
519.764 329.771 3
596.014 518.78 1
212.44 39.2442 1
309.082 183.606 2
512.039 225.704 3
215.321 282.658 12
360.289 376.104 2
303.201 391.164 1
176.679 427.844 3
269.471 485.115 1
580.338 489.856 1
325.979 501.885 1
631.973 47.248 1
152.076 57.6514 1
283.032 51.4777 1
336.332 106.467 1
609.638 136.797 1
734.651 141.336 1
341.232 162.598 1
216.908 174.991 2
82.5533 188.313 1
112.942 235.738 1
527.646 259.466 3
475.395 264.394 1
588.99 262.926 1
668.308 281.944 1
272.305 302.81 1
492.139 384.392 2
355.158 416.738 1
630.711 420.399 2
252.671 426.226 1
567.125 460.682 1
150.68 469.986 1
355.865 473.224 2
616.7 520.207 1
179.055 547.524 1
260.506 542.707 1
579.846 346.601 1
249.874 432.221 7
621.921 269.223 1
355.542 365.998 4
643.75 99.0809 1
248.742 192.492 1
130.782 270.87 1
589.614 367.681 1
254.554 454.412 3
647.194 105.537 1
233.528 53.182 7
310.024 105.509 17
86.512 110.06 4
189.105 126.237 3
47.3951 227.056 1
440.58 271.666 2
488.011 272.757 2
402.492 274.864 1
536.697 274.844 1
592.97 289.738 13
577.348 310.733 8
511.266 346.19 3
89.7565 350.08 1
255.053 360.413 2
194.773 392.779 10
273.19 392.681 13
378.569 393.768 11
235.109 401.493 3
204.103 403.339 7
195.478 404.478 4
620.548 405.825 9
607.457 415.55 1
158.211 427.041 10
402.328 430.868 2
139.856 436.714 6
170.608 449.218 7
147.077 458.116 1
106.346 465.702 1
183.949 465.021 6
97.2472 468.83 2
144.493 475.894 3
192.122 477.032 7
37.75 499.689 4
540.458 498.592 6
202.663 501.985 15
156.029 503.686 2
525.763 518.869 14
569.402 521.244 4
545.75 526.593 7
385.608 527.13 2
638.159 531.019 6
103.458 540.589 4
618.01 538.293 12
43.7738 32.5095 1
355.239 32.8379 1
295.44 59.1177 1
121.822 64.2929 8
252.224 64.8161 7
61.8227 72.6911 4
106.049 117.307 1
239.105 118.557 1
287.721 172.537 6
147.717 184.884 1
326.858 203.446 22
452.653 202.007 10
99.2355 200.943 3
60.4136 209.578 4
23.8825 221.401 7
351.514 223.682 4
447.885 236.86 2
365.026 243.671 29
471.423 244.863 4
404.278 248.317 2
488.531 309.342 6
513.566 313.635 1
226.54 316.14 9
411.675 316.835 2
433.009 316.525 2
341.258 332.495 5
720.855 345.734 2
494.253 349.669 5
225.115 356.367 3
614.918 380.582 1
449.115 384.99 6
422.866 390.541 8
431.211 394.601 4
264.92 396.656 1
298.997 410.688 4
279.178 412.464 2
367.257 420.802 2
623.05 425.909 3
262.02 435.646 4
129.838 450.937 7
168.744 452.19 22
244.892 462.279 18
589.307 466.593 7
240.003 476.567 8
333.777 486.247 10
563.682 491.424 3
65.2081 493.684 2
99.3748 494.798 4
337.751 493.921 4
633.531 497.886 3
447.675 500.958 1
233.272 500.963 5
240.744 520.153 27
385.494 519.562 4
50.9075 527.977 4
406.505 531.565 2
215.22 537.972 2
395.431 553.806 1
775.843 558.737 2
113.45 562.678 4
742.177 566.144 1
251.981 91.7327 4
240.287 233.883 9
302.889 313.986 9
254.717 349.602 4
382.581 383.271 13
272.283 401.421 3
407.737 440.09 6
623.228 480.184 6
370.167 497.837 16
455.598 557.864 1
135.909 155.25 4
435.674 187.397 6
314.9 210.763 4
387.009 206.971 5
540.466 216.312 5
391.004 368.322 9
319.536 395.452 6
273.055 425.521 2
190.436 430.21 2
460.028 441.93 2
169.861 455.11 1
41.5096 512.204 1
513.493 510.945 2
214.843 531.366 3
121.395 532.926 1
586.491 533.825 7
613.557 531.054 5
49.9822 127.402 1
239.353 126.986 3
187.277 146.594 4
173.983 158.766 1
96.1425 161.005 3
528.601 233.921 1
354.926 238.764 2
490.584 240.065 1
471.427 248.607 2
498.061 262.563 6
562.968 264.608 14
647.685 275.983 10
675.64 278.08 17
617.198 282.186 3
378.597 289.069 2
297.801 297.118 5
584.323 300.233 1
454.088 304.905 4
598.353 306.971 2
558.228 308.947 5
331.191 320.163 1
310.715 333.667 2
528.235 372.17 1
354.125 426.787 1
627.959 434.04 13
328.979 435.147 1
469.919 454.012 1
454.556 458.668 1
275.166 464.866 14
222.117 490.542 2
132.937 506.889 2
292.007 506.537 2
393.163 515.126 3
349.047 519.824 3
77.0473 522.498 6
233.712 529.536 1
56.6771 534.519 2
300.725 93.0992 3
391.437 225.524 10
84.4136 253.68 5
501.249 264.423 2
244.352 280.667 5
365.936 277.527 2
343.731 473.041 8
97.1828 143.129 4
139.144 152.607 1
134.772 181.075 1
378.613 202.023 7
355.825 207.216 8
550.602 264.053 6
602.644 289.198 3
287.251 353.647 3
608.859 358.827 9
353.099 379.512 7
290.349 389.751 6
606.19 401.189 1
591.717 482.609 4
585.111 492.249 1
644.319 494.353 1
158.754 149.227 1
321.26 150.203 5
202.228 159.81 1
111.528 219.402 1
329.986 226.172 5
514.718 257.93 5
448.435 263.873 5
653.968 276.854 3
125.81 296.75 1
256.601 296.746 1
590.88 318.075 5
465.826 333.1 1
471.184 374.316 2
441.111 388.933 5
260.218 418.056 1
311.404 420.53 3
361.269 446.631 1
396.474 445.505 1
632.896 445.867 5
548.536 456.125 2
137.689 464.227 1
330.917 467.828 6
465.933 472.424 1
208.761 167.744 1
592.216 320.763 1
363.542 199.526 3
511.942 221.791 2
591.517 278.476 2
218.292 290.79 3
229.207 388.614 1
300.959 386.818 4
481.283 268.417 1
590.259 314.137 3
616.726 345.228 12
615.467 383.795 1
778.49 567.493 1
228.999 36.737 4
611.151 428.447 2
530.4 355.411 6
506.731 345.926 5
321.286 169.071 28
543.803 400.22 9
651.292 505.814 13
644.771 498.858 4
547.371 415.576 8
610.335 490.662 1
389.987 282.326 7
328.091 272.047 1
585.515 534.856 2
55.5124 26.2354 4
523.279 516.434 7
35.2616 69.1668 4
182.423 250.514 1
466.214 535.496 9
164.174 316.31 1
230.808 385.65 8
34.1319 201.978 2
64.4683 242.526 3
384.8 564.072 1
84.3717 275.315 3
188.784 466.431 3
188.035 492.836 9
123.846 574.132 1
553.902 251.802 6
536.15 251.076 4
570.496 284.07 9
517.359 238.698 5
306.65 35.8383 1
297.211 29.8488 1
454.921 191.816 2
607.096 346.436 7
761.751 512.196 2
277.812 28.7658 3
470.188 221.259 4
535.566 295.815 2
608.543 370.815 3
266.944 30.3516 1
510.003 279.167 6
519.681 296.957 2
742.592 539.676 2
771.918 570.381 1
545.325 345.515 5
502.11 304.038 5
282.857 97.8496 3
493.322 304.709 3
619.624 435.553 12
307.671 137.688 2
613.877 449.787 4
236.506 72.8368 1
616.71 470.895 1
623.181 477.626 1
332.939 192.463 4
255.885 116.163 1
281.979 143.933 12
284.453 151.534 9
290.519 162.671 1
339.365 221.339 3
527.642 414.565 6
644.34 534.979 4
408.033 305.335 9
118.187 26.9943 1
571.699 489.835 3
643.276 564.516 2
605.275 535.078 4
479.815 417.18 5
594.146 532.512 9
474.725 416.784 3
482.8 434.479 10
108.073 58.4313 6
533.412 481.027 2
441.354 395.408 3
470.705 433.721 7
69.5514 37.1742 6
58.9689 31.5219 1
403.853 375.811 5
168.035 144.53 3
38.7651 30.8867 2
371.058 375.635 2
204.788 216.679 11
437.772 453.419 1
207.26 232.615 19
161.607 180.752 1
430.618 450.701 2
213.641 239.578 8
501.168 526.621 7
508.44 534.883 2
220.216 249.046 9
403.51 437.386 5
218.469 266.446 24
225.987 276.846 18
99.5449 155.851 3
505.161 568.902 5
149.602 223.897 10
48.7169 120.591 4
315.929 386.264 7
264.847 343.17 1
269.49 353.903 8
336.47 420.373 1
276.143 366.163 6
170.129 264.36 8
117.872 216.66 3
245.31 354.303 2
378.244 494.125 6
220.715 369.209 14
301.275 449.08 2
260.636 407.876 10
325.839 480.759 20
42.6522 200.227 1
368.473 529.546 3
375.418 552.847 5
208.203 392.158 1
140.408 329.461 3
294.882 485.513 2
367.824 557.527 4
269.657 469.212 3
308.342 517.749 10
238.059 449.655 5
277.486 497.655 2
198.885 426.053 1
179.203 448.019 7
255.629 526.374 1
42.3239 317.763 4
145.774 441.511 4
146.228 481.352 1
152.777 492.744 2
125.603 479.599 5
200.751 559.986 3
174.601 562.137 6
116.414 506.096 3
99.5386 500.022 10
159.234 563.464 4
114.963 522.992 3
149.32 567.678 4
70.8331 539.288 2
57.5738 539.786 2
546.156 243.547 18
337.568 31.5516 1
668.248 527.629 11
537.25 410.539 1
492.036 415.695 5
243.88 313.49 8
47.7781 205.341 2
59.1117 226.448 2
234.619 461.446 6
127.552 460.572 11
564.006 260.531 2
552.725 275.091 2
465.735 236.284 5
263.563 76.5144 1
404.056 212.495 1
321.14 172.347 2
546.052 400.469 1
656.026 508.582 12
592.775 468.96 4
312.705 212.212 3
459.197 378.086 1
600.91 536.32 1
156.485 214.72 2
280.272 352.108 1
283.659 359.241 2
99.2363 194.776 1
217.069 373.949 1
187.619 431.898 1
241.722 510.593 1
204.125 488.936 2
145.565 435.198 2
192.529 510.18 1
165.688 484.411 4
159.56 511.511 4
184.329 544.634 1
544.441 252.394 15
581.097 298.828 1
602.885 344.008 2
433.043 224.169 4
294.44 114.549 4
415.223 234.418 11
388.888 222.122 1
402.807 257.15 1
243.889 105.339 1
277.075 144.276 3
376.733 245.303 1
447.307 324.365 2
420.167 320.994 2
341.99 262.844 8
373.631 318.508 10
394.04 330.597 4
574.659 513.137 1
464.331 411.913 2
454.323 409.441 5
479.908 438.85 9
195.169 204.057 1
451.114 457.76 1
89.7519 102.495 3
201.327 217.896 2
307.341 330.292 2
203.021 237.393 4
396.081 424.846 1
141.136 172.763 9
86.3914 120.601 4
226.187 281.066 6
143.763 216.802 6
252.846 338.654 2
330.674 430.616 1
308.562 452.34 1
355.19 515.777 1
73.9728 276.669 3
200.857 441.81 2
216.088 508.487 3
186.668 525.707 2
148.949 504.713 9
104.561 531.523 6
76.3458 522.39 1
602.306 347.974 4
404.502 264.131 16
230.411 130.114 2
181.176 196.6 23
209.998 256.467 5
262.972 406.708 3
171.671 524.15 2
566.219 247.561 1
598.588 292.943 2
570.242 282.48 1
621.393 338.823 11
622.797 360.213 2
622.406 384.264 1
303.814 97.9509 2
313.616 135.619 8
418.513 243.253 1
326.126 161.341 19
339.431 189.629 1
641.709 497.437 1
546.454 469.541 4
484.277 422.333 7
411.564 370.647 8
389.914 372.92 1
150.837 158.483 2
421.66 432.353 2
261.335 313.103 14
285.072 390.708 1
328.518 505.582 1
311.596 494.358 5
258.131 457.993 1
255.942 487.229 1
182.682 439.06 1
214.038 478.353 7
156.66 430.938 1
196.385 511.75 1
584.855 316.778 3
502.877 292.398 2
630.679 443.779 3
290.404 122.733 1
400.146 270.533 2
424.305 294.607 2
324.035 228.085 3
417.915 331.425 1
215.977 149.359 2
356.928 284.805 7
208.066 152.09 3
372.352 335.772 1
180.734 203.415 5
120.044 176.811 1
389.817 444.585 2
204.634 267.491 1
345.567 411.953 3
225.368 304.957 5
350.015 442.619 1
317.408 416.396 2
324.804 464.268 1
183.392 488.821 5
142.551 494.075 1
208.788 156.546 2
579.571 285.562 1
631.421 369.756 6
353.139 204.982 9
271.397 325.305 3
297.089 396.565 7
518.964 265.27 1
569.982 341.366 1
368.253 274.481 1
487.68 394.079 1
314.732 241.527 1
434.261 357.038 6
651.963 511.78 2
624.783 421.628 1
588.054 528.748 3
573.798 341.369 1
543.188 431.704 1
423.787 521.436 1
382.253 386.807 1
381.343 411.8 4
321.703 420.931 11
300.837 18.2256 2
298.768 38.7898 1
272.666 104.515 3
271.249 221.141 2
268.219 225.228 2
256.736 44.6067 2
250.027 506.546 3
246.677 502.349 5
232.299 507.23 2
213.391 553.239 1
198.65 417.602 1
173.064 467.217 6
120.249 468.44 2
110.928 514.006 2
714.118 384.9 1
706.435 353.723 14
682.11 557.066 6
665.156 418.169 4
657.197 516.892 9
598.397 491.503 1
579.92 538.393 1
579.423 508.46 6
544.344 356.844 2
535.23 484.82 7
530.823 451.571 12
529.599 510.533 1
519.922 408.365 11
499.469 351.711 7
468.746 389.9 12
467.888 408.944 2
462.152 526.385 5
456.825 538.076 1
440.207 518.83 4
439.975 432.065 5
438.146 494.748 1
433.73 380.115 1
431.811 564.189 2
428.274 519.465 3
379.317 241.302 1
376.504 457.519 12
363.431 511.354 1
346.03 27.3067 1
341.841 522.407 1
333.39 213.3 4
334.212 206.758 4
328.276 179.302 3
324.412 516.316 2
321.309 493.432 6
317.084 204.371 7
311.391 488.077 4
305.637 134.427 1
305.808 164.366 2
299.15 495.348 2
297.909 401.737 1
294.601 321.247 1
292.565 349.427 2
286.588 445.49 10
282.613 28.1508 2
284.914 74.181 3
277.151 137.623 4
276.57 374.028 2
273.637 386.182 7
273.765 439.751 3
271.289 81.4048 3
264.522 205.864 4
263.702 95.169 2
263.12 216.575 2
256.084 510.468 1
249.24 314.679 1
249.993 524.447 6
247.086 306.079 1
238.271 364.617 4
237.922 340.033 6
231.569 69.2171 1
217.661 257.013 6
215.367 265.363 6
197.826 385.216 4
195.751 481.972 1
186.748 396.606 7
182.126 195.279 2
164.686 224.995 7
153.925 551.588 2
152.399 533.112 2
149.951 133.746 1
150.173 440.907 2
148.471 171.102 2
150.396 482.809 5
145.521 147.011 4
136.205 424.502 2
134.179 524.044 1
128.764 67.7212 8
127.046 434.795 4
124.126 512.877 2
112.265 196.28 2
110.747 532.308 3
105.605 135.03 2
84.3547 419.017 5
82.4417 496.601 1
72.4318 510.078 10
72.8245 482.324 2
68.5309 447.801 2
64.4042 531.163 4
55.5343 45.8195 1
45.7595 420.295 6
44.9397 382.575 3
46.6197 521.771 2
43.3863 217.063 1
571.383 531.944 2
438.788 529.068 5
415.74 492.157 1
294.736 496.849 4
266.155 369.48 7
250.948 369.381 1
244.577 45.2064 4
220.402 368.645 2
171.804 413.507 1
154.599 455.975 6
646.363 555.028 2
635.673 486.67 3
602.962 525.925 3
565.468 484.083 3
482.443 345.353 2
458.078 274.085 1
433.213 444.082 3
293.483 462.998 4
185.74 145.852 2
177.732 464.714 1
163.353 557.421 1
161.286 550.07 1
58.7615 62.518 2
632.836 429.473 5
556.363 205.583 17
553.266 306.193 4
542.452 232.019 3
534.036 506.278 2
528.963 487.981 12
527.684 452.36 3
528.904 531.057 1
493.04 309.141 2
492.12 527.625 3
445.573 193.757 15
416.635 364.792 5
416.975 395.181 2
404.926 223.446 2
400.005 251.904 1
377.48 496.701 1
376.999 316.33 4
347.025 467.038 4
342.993 258.797 2
321.829 480.003 3
299.786 114.676 4
288.177 224.187 1
281.886 448.982 6
264.72 419.461 8
263.078 472.494 6
258.638 448.834 7
259.643 349.852 2
255.754 55.2077 1
239.7 463.418 7
238.575 524.383 1
234.589 198.95 2
231.668 48.9268 4
223.895 90.8339 4
220.124 268.64 1
220.215 469.254 4
211.734 254.105 2
192.005 199.611 6
190.195 525.688 2
188.253 427.33 2
178.053 189.861 1
146.414 225.746 6
145.261 534.958 3
124.263 67.2595 2
117.078 549.109 8
114.12 134.032 4
101.104 158.733 5
94.808 513.619 4
90.2957 362.281 1
65.9894 260.517 2
448.861 437.747 1
363.263 245.087 1
332.449 232.147 2
617.768 339.702 2
618.801 385.857 1
591.065 290.589 1
580.907 524.077 1
565.735 275.61 44
561.455 501.779 6
540.801 467.753 6
498.83 342.009 1
504.305 221.602 6
472.47 406.25 1
464.409 344.264 2
412.443 242.108 4
330.8 184.388 3
316.603 396.912 1
313.294 135.225 1
281.706 386.379 1
269.788 218.136 3
253.878 308.547 2
155.269 510.887 2
142.576 159.817 11
144.634 430.182 3
124.541 474.427 8
116.598 518.565 3
543.706 201.248 4
509.462 464.595 1
501.015 289.482 1
490.809 507.878 4
426.347 288.542 7
416.355 328.195 1
397.181 268.717 3
370.996 327.02 9
321.92 220.78 8
299.914 177.311 8
287.196 118.604 2
254.825 414.326 3
245.13 339.068 1
222.629 302.061 4
217.365 108.622 1
135.605 453.764 4
136.419 493.372 1
612.305 423.105 2
571.709 276.92 5
414.503 239.913 1
333.574 374.919 4
256.002 312.416 1
509.723 260.301 3
484.301 385.37 1
636.122 539.713 3
564.108 520.891 1
619.336 432.72 4
409.347 511.088 2
563.521 275.032 1
549.302 281.437 2
539.564 280.78 1
462.804 357.047 2
267.535 525.184 1
500.252 277.717 1
391.029 386.534 3
131.932 576.603 1
217.264 487.957 4
194.664 457.448 3
296.463 46.4892 1
251.221 28.7018 2
78.4603 161.996 1
113.056 119.961 1
74.2069 32.1286 2
744.544 542.809 4
645.464 567.27 1
612.758 510.815 2
601.265 482.83 6
571.64 471.418 2
545.789 494.622 4
477.439 526.379 2
458.772 513.807 3
386.976 556.386 1
411.837 520.186 5
364.056 566.145 2
380.8 534.755 5
378.734 538.099 1
398.228 513.053 2
440.804 447.487 4
410.384 459.168 2
429.439 378.439 3
387.378 406.138 1
443.438 341.358 5
560.594 207.028 1
206.658 544.944 2
487.073 261.505 2
258.58 470.972 5
449.239 257.09 7
134.925 539.984 6
229.533 436.354 11
129.083 523.089 3
157.445 477.33 1
271.925 354.791 1
90.7573 527.682 1
323.645 292.279 1
102.403 505.318 4
381.966 207.922 8
48.97 536.693 2
214.296 361.342 2
198.247 375.622 7
86.422 486.868 3
172.034 398.887 1
329.031 237.569 12
252.046 315.754 1
154.673 414.198 2
226.441 336.568 5
87.0953 474.882 3
241.24 295.333 1
200.892 336.305 1
241.71 200.35 1
297.113 131.597 1
304.408 125.536 3
241.256 176.065 2
140.753 205.257 2
294.477 25.907 1
146.233 130.581 6
233.676 44.5746 2
108.816 157.448 4
230.392 34.266 1
50.2774 202.651 1
202.037 33.7143 3
99.7101 117.449 1
71.2108 54.2817 2
457.628 560.271 4
348.173 484.036 8
410.201 264.973 9
324.186 305.471 2
367.74 244.751 2
358.371 213.055 2
275.334 232.308 10
229.742 108.375 18
562.608 270.966 3
309.49 466.656 2
328.334 408.626 6
437.475 207.928 3
418.203 228.138 10
244.202 399.154 1
228.176 414.832 1
128.917 454.63 2
120.878 197.559 3
66.2013 169.112 3
620.908 479.846 1
576.184 497.247 1
507.266 523.87 2
599.515 413.079 1
512.898 499.733 3
514.8 407.459 1
364.137 532.391 3
383.494 497.017 6
367.734 497.474 2
399.991 458.183 1
423.554 428.307 3
352.284 498.77 4
460.107 345.045 1
519.354 268.401 1
332.384 454.505 6
323.285 452.628 1
255.024 518.431 1
491.132 268.579 1
294.184 462.447 2
439.333 306.661 1
214.924 527.361 1
491.113 247.873 2
562.588 167.227 19
508.914 221.148 2
288.157 426.509 1
237.062 478.135 2
567.649 138.423 12
438.997 245.773 1
395.457 272.938 2
248.863 388.272 2
284.843 346.481 1
227.6 400.496 1
262.739 352.33 1
431.066 182.335 2
77.1132 533.896 1
416.704 190.623 3
130.813 473.663 3
97.7672 505.896 1
69.3176 509.591 1
106.104 471.264 1
52.797 504.206 1
313.016 206.253 2
286.777 162.388 1
160.293 244.935 2
264.89 67.9186 1
215.291 117.92 1
224.743 82.2913 2
56.2195 243.98 1
97.2649 190.608 1
142.816 129.942 4
94.1289 121.143 2
60.0656 58.7463 1
599.124 310.13 1
452.781 437.924 2
317.462 488.987 4
512.886 263.54 3
265.396 417.647 1
164.833 418.226 1
218.834 102.848 5
634.627 489.532 2
537.808 460.487 1
333.948 470.984 2
353.544 433.672 3
268.536 508.094 19
273.123 463.099 3
218.305 489.986 1
179.647 457.731 2
245.136 292.799 1
310.437 133.752 1
201.429 192.01 1
102.039 211.568 6
568.503 486.102 1
498.849 496.347 2
592.236 383.146 1
525.624 412.246 1
442.305 438.248 3
502.945 361.829 3
449.696 404.192 1
545.333 197.261 1
552.435 166.956 1
253.925 466.987 2
495.556 218.68 1
559.897 136.185 8
423.345 231.321 5
393.473 264.287 2
353.934 281.261 4
383.262 224.68 3
170.08 417.825 1
222.427 294.146 1
300.71 172.853 2
286.841 115.503 1
173.836 190.145 1
173.215 130.152 1
122.033 171.392 1
586.696 320.101 1
620.342 235.268 1
606.382 410.885 2
507.041 328.26 2
275.734 369.964 1
250.258 303.251 6
248.43 302.767 1
569.431 337.328 1
513.184 242.628 3
404.268 349.15 2
118.132 141.336 3
157.267 228.362 1
165.934 232.343 2
411.78 369.627 2
444.216 379.117 3
259.784 388.075 1
256.884 424.795 1
280.628 475.921 3
555.13 503.252 6
230.566 515.657 2
225.162 127.252 1
248.004 175.427 1
152.424 203.907 1
448.759 217.709 4
130.396 222.986 3
305.494 225.974 1
465.562 262.331 1
293.581 275.59 4
610.823 285.647 1
570.352 295.939 1
500.273 308.45 2
460.904 314.199 2
328.117 316.653 1
611.071 315.605 2
230.158 344.703 2
346.027 346.514 3
545.372 372.913 1
362.237 381.347 1
242.99 384.024 1
462.28 456.005 1
199.627 488.612 1
609.378 487.342 2
214.277 492.167 1
617.302 501.696 2
74.4211 519.631 6
538.569 520.525 1
42.2131 534.614 2
474.002 538.123 1
511.412 538.677 1
141.945 548.714 3
54.5784 217.019 1
363.265 225.455 11
316.21 231.404 12
437.453 264.76 8
249.246 339.125 1
223.192 110.331 4
470.6 227.814 2
462.799 346.984 1
321.046 401.731 1
596.533 472.929 3
326.616 497.327 2
331.794 502.823 2
463.808 509.804 3
280.792 108.204 1
295.163 119.857 1
160.586 136.258 1
190.251 148.728 1
127.482 172.067 6
573.801 193.763 1
128.155 201.28 3
562.702 246.034 1
619.911 283.921 1
117.549 291.241 4
434.433 290.809 3
377.918 293.42 2
406.949 291.564 1
411.952 325.792 4
330.267 326.21 1
313.292 337.684 1
515.498 361.796 1
460.288 368.673 2
235.632 374.352 1
527.469 379.312 1
500.73 397.96 2
203.501 421.274 1
544.294 434.994 3
330.402 440.221 1
623.996 441.131 3
525.198 448.645 2
149.09 452.249 1
456.959 465.716 1
461.736 465.206 3
160.051 141.989 1
206.102 190.416 3
330.125 220.724 3
582.841 312.737 1
512.118 332.365 2
129.737 465.466 3
136.957 147.765 1
379.069 200.545 2
597.23 284.67 4
237.608 315.585 4
263.557 312.223 3
355.595 376.017 1
385.363 235.909 1
519.77 257.97 4
454.032 264.886 2
208.8 273.508 4
648.945 285.816 1
125.642 302.992 1
592.029 326.966 2
533.371 338.688 1
473.568 384.721 1
348.304 415.446 1
631.812 469.625 10
406.51 430.822 1
474.492 516.651 1
273.492 479.173 3
131.567 512.619 4
675.199 275.556 1
234.129 40.5352 3
592.757 302.422 4
565.292 286.139 1
533.365 298.906 2
516.869 300.483 1
78.7672 40.57 1
605.516 423.912 1
353.578 261.982 2
382.761 303.038 1
388.41 326.822 1
411.271 379.721 1
367.46 380.404 6
543.001 521.402 1
67.3229 211.603 1
204.138 385.423 3
379.427 520.604 2
396.135 557.216 1
222.418 466.461 1
198.858 485.474 2
365.321 221.094 1
379.653 313.671 1
305.221 311.467 2
116.282 550.609 2
536.427 218.42 5
446.442 182.856 2
566.681 279.098 3
89.9504 68.9569 3
468.087 347.108 2
592.696 473.901 1
488.005 421.807 2
380.666 369.545 7
417.822 398.845 1
601.745 530.876 3
122.844 525.019 2
620.664 276.272 2
528.614 237.638 2
602.575 336.565 1
518.026 289.463 3
497.25 285.51 1
536.584 314.685 1
327.211 214.066 2
370.409 248.68 2
622.453 434.69 1
335.441 225.619 6
511.97 360.494 1
403.117 289.834 1
490.036 357.281 3
603.665 444.744 2
281.547 227.627 2
340.048 266.509 2
372.658 324.028 2
636.916 515.452 2
75.7584 126.815 1
136.531 171.465 10
140.735 221.253 2
221.851 283.285 1
239.727 322.816 2
350.559 429.308 2
391.342 461.634 1
308.875 456.347 2
224.871 443.943 1
308.564 512.047 3
287.825 508.959 1
179.899 484.281 2
542.403 259.68 1
504.103 259.637 1
601.895 358.584 3
203.406 255.691 3
261.776 412.383 1
567.261 242.507 1
623.968 363.166 1
553.649 401.257 1
627.943 455.134 5
151.478 154.9 4
162.598 427.729 2
178.073 440.767 5
565.104 324.617 1
321.438 230.664 1
479.944 375.64 2
408.988 344.219 1
200.836 271.655 1
342.459 415.278 1
387.776 450.004 1
252.128 374.186 1
256.562 420.513 1
206.646 433.449 1
584.666 279.964 3
665.157 514.471 1
566.082 318.922 2
316.924 111.676 1
383.258 404.855 3
384.374 409.406 2
132.727 561.106 1
697.632 353.188 2
574.984 508.095 1
532.964 404.365 1
406.094 24.3875 2
515.938 502.611 1
458.804 530.989 1
434.796 495.328 1
444.134 528.703 1
299.074 134.831 3
345.841 385.89 1
364.342 528.542 3
186.894 32.7991 3
358.183 555.873 4
197.805 128.775 4
254.157 331.897 4
216.966 257.883 3
269.52 441.468 2
127.279 66.0405 1
145.767 135.623 3
102.203 139.152 1
51.4991 47.0133 1
195.355 560.258 2
111.079 354.73 1
172.104 562.109 2
150.9 553.058 1
152.025 565.89 1
108.035 562.452 4
69.4528 559.888 1
540.89 228.859 3
193.007 133.937 2
233.411 478.21 4
435.337 252.083 3
415.763 432.616 7
305.713 215.938 2
282.424 400.401 1
277.487 458.281 5
196.981 548.583 2
71.3335 203.191 1
592.218 307.136 1
599.483 346.791 1
629.137 431.298 2
633.566 511.823 1
546.161 269.437 1
592.879 425.074 1
609.559 474.328 2
586.692 473.419 1
497.508 310.467 1
508.48 358.918 6
502.4 505.616 5
455.007 411.958 1
395.824 254.304 1
265.592 54.5642 1
405.7 495.466 1
386.076 512.709 1
343.544 468.637 2
217.685 97.112 1
354.697 534.87 1
196.109 135.738 2
280.6 454.587 5
197.996 218.784 1
211.77 267.82 8
260.206 407.537 2
200.696 236.374 2
258.268 450.462 1
235.74 434.195 4
138.001 224.643 1
185.416 429.603 1
209.907 508.86 8
178.57 526.254 4
141.241 487.203 5
139.951 538.095 1
124.113 508.271 2
89.9717 548.969 1
649.953 538.758 1
514.592 461.823 3
623.093 332.67 4
408.229 211.688 1
408.814 372.059 1
279.536 345.078 1
260.986 316.749 1
282.058 390.039 1
208.876 477.672 3
486.729 292.231 2
517.874 422.27 3
487.314 366.928 2
432.437 266.327 3
420.673 293.593 2
376.293 231.955 1
389.179 270.798 2
368.891 334.485 3
282.638 122.4 2
293.63 182.814 2
379.864 444.988 1
339.562 412.863 4
211.976 115.699 3
247.896 374.735 1
214.102 304.686 1
248.285 415.617 3
170.717 208.123 1
561.675 323.099 1
414.948 244.213 2
321.454 383.944 5
473.073 391.61 2
368.009 359.091 1
368.856 429.142 1
256.073 96.5814 1
107.952 543.976 1
136.349 446.267 3
125.641 460.609 1
453.74 517.933 2
428.705 562.027 2
437.983 394.993 1
340.29 433.946 2
307.953 402.465 1
288.996 316.607 1
283.221 298.578 2
170.434 557.694 1
216.204 393.353 1
267.228 109.929 4
154.751 442.766 2
126.495 520.567 1
274.258 31.3233 2
76.3888 484.08 3
117.094 135.758 4
63.7422 57.2503 3
147.209 571.364 1
135.087 475.204 1
656.825 528.516 3
501.984 344.22 6
392.239 310.814 7
342.094 393.522 1
278.578 449.631 3
294.776 300.167 2
141.216 432.654 1
592.848 414.959 1
507.515 502.972 2
518.756 454.629 5
529.723 390.354 1
560.701 166.789 1
548.962 202.669 5
565.7 139.327 2
458.951 409.953 1
413.376 366.32 1
414.106 206.801 2
392.427 273.237 1
412.656 192.076 2
311.124 312.18 2
261.545 471.198 1
332.059 235.367 1
255.13 450.565 2
216.756 469.381 3
234.557 354.764 3
215.854 370.789 1
182.706 424.626 2
251.053 105.745 2
223.827 171.047 1
95.4668 520.984 1
221.164 86.9571 1
186.225 195.659 5
227.677 49.2387 1
156.539 246.04 1
142.628 225.298 1
118.238 65.0229 1
631.35 438.911 3
350.864 530.607 3
436.466 266.051 2
177.749 423.597 1
454.497 336.732 4
328.174 473.988 3
274.44 511.35 1
268.314 336.533 1
558.154 492.524 2
517.533 413.892 3
500.678 457.083 1
483.63 503.166 1
542.232 164.786 1
536.143 197.299 3
547.634 136.882 1
413.096 362.717 1
390.65 266.074 1
374.824 225.446 1
296.521 178.005 1
237.055 334.438 3
280.326 113.603 1
214.714 104.707 1
575.179 321.03 5
409.015 297.911 5
616.656 439.21 4
553.576 282.311 1
238.132 485.235 1
124.054 557.441 1
86.3472 513.177 2
28.9171 538.339 1
125.388 457.035 1
299.131 169.597 1
132.699 190.441 1
55.1246 171.158 1
594.838 507.222 1
541.545 525.131 2
715.442 388.01 1
519.349 496.05 2
445.964 547.398 2
367.515 534.532 3
518.472 399.893 7
375.684 484.806 1
308.755 497.218 2
527.153 301.54 1
169.832 549.755 1
203.687 508.351 3
443.091 312.674 1
103.308 547.887 2
163.146 492.624 5
397.59 309.095 3
271.564 383.249 1
482.705 224.054 3
449.195 234.152 1
292.786 339.885 4
66.3783 497.314 3
394.935 196.062 3
310.224 148.736 1
268.698 109.519 2
145.146 143.105 4
146.69 127.035 1
98.8884 120.53 3
468.11 549.885 1
377.289 368.96 8
299.271 120.065 2
522.186 387.572 2
573.007 317.091 2
459.008 395.62 1
309.176 463.328 2
452.59 242.079 1
176.825 240.203 1
293.89 93.4046 1
184.013 148.586 1
97.5632 209.864 2
87.215 214.214 3
53.4081 223.619 1
130.478 152.164 1
575.631 491.694 1
511.329 492.941 1
596.506 405.621 1
511.445 401.305 2
419.887 424.206 4
387.246 364.526 1
514.726 264.086 2
265.213 414.429 1
95.2779 501.308 2
224.768 398.546 2
167.429 444.536 3
128.358 469.45 1
282.519 343.283 1
263.763 356.886 1
434.668 228.154 1
237.13 349.974 3
358.432 242.555 8
426.439 175.285 1
411.979 187.704 2
359.743 205.096 2
317.336 231.301 2
309.574 200.206 3
283.351 157.301 2
69.393 269.567 1
264.004 81.7703 2
221.895 77.3131 2
139.42 128.393 5
105.936 144.669 1
614.325 254.216 5
635.093 230.851 4
348.706 365.879 1
102.655 254.565 1
94.6456 138.929 1
242.23 287.632 1
201.077 186.457 4
213.196 145.399 2
128.211 204.953 1
128.836 142.379 1
587.12 327.137 4
442.103 434.409 1
509.427 374.704 2
304.855 426.088 1
532.088 244.192 1
336.058 360.913 1
542.011 189.683 1
286.89 372.146 2
489.248 211.697 1
547.08 163.861 2
466.443 214.641 2
351.997 276.737 3
201.607 387.578 4
214.011 279.213 2
616.968 229.076 1
456.608 206.314 3
532.902 216.031 1
403.297 367.299 3
526.885 392.436 1
617.24 402.233 2
33.3675 514.252 2
208.127 133.949 1
89.5716 211.639 2
248.823 226.955 6
276.433 228.252 2
308.547 246.355 1
290.196 264.043 3
386.512 264.598 2
497.264 261.251 2
352.088 268.144 2
611.904 282.699 1
327.63 320.07 1
303.01 369.789 2
524.086 375 1
545.232 376.85 2
326.78 410.057 3
298.421 438.533 1
462.231 460.346 1
117.99 473.702 1
345.867 515.29 2
227.111 533.173 1
408.9 536.351 1
42.0961 538.477 1
406.999 262.059 1
271.524 410.556 1
92.9011 144.546 1
74.5733 147.762 2
609.588 363.994 2
243.84 452.465 1
156.833 142.173 4
222.64 147.029 1
314.977 147.529 1
190.944 153.814 1
572.936 208.791 1
66.6356 227.971 1
304.558 233.039 1
625.008 290.334 5
117.832 295.063 1
399.285 301.057 2
596.307 316.139 3
515.169 366.948 2
461.581 374.208 1
618.631 370.745 1
204.082 426.986 3
353.715 442.846 1
624.569 447.797 4
460.908 472.774 2
672.153 277.185 2
378.612 194.461 3
211.981 282.199 2
649.4 296.954 1
425.066 358.048 2
555.789 223.512 1
617.418 308.133 1
47.195 61.3863 1
249.671 293.24 7
333.842 393.215 3
475.071 512.538 3
287.623 479.775 4
236.542 490.501 1
252.423 515.93 2
220.829 125.706 1
171.36 151.645 4
386.651 260.279 1
394.953 289.521 1
295.434 270.138 1
323.554 287.589 1
224.368 270.391 1
353.478 331.604 1
544.749 422.301 1
232.242 286.926 2
343.814 381.847 1
51.4419 257.251 1
227.735 347.495 1
426.756 458.83 4
216.383 381.243 1
506.977 540.431 1
233.39 457.544 1
318.383 513.294 1
303.151 509.089 2
233.167 522.272 1
366.764 223.899 1
518.511 315.222 1
78.3399 245.566 2
479.453 507.573 3
560.907 237.259 1
580.697 282.208 1
547.101 395.381 1
356.569 386.726 1
559.747 497.023 2
357.481 502.563 2
506.449 256.328 4
219.85 144.935 2
450.143 261.216 3
325.626 219.351 1
72.1193 134.505 1
335.842 275.851 1
511.485 365.485 1
623.955 437.306 1
463.654 367.77 1
549.15 421.392 1
597.202 458.597 1
448.702 407.593 5
518.817 449.434 1
92.6964 295.913 1
307.722 416.595 2
347.186 438.041 2
326.822 445.322 1
131.287 460.32 1
629.305 448.993 2
203.7 261.28 7
569.196 236.768 2
624.678 349.982 1
248.202 275.09 1
357.606 372.318 1
655.739 285.441 1
318.118 236.685 2
387.529 279.653 1
401.801 357.644 2
198.029 277.895 1
224.204 332.923 1
371.228 275.167 2
447.987 210.419 1
291.572 100.216 1
605.541 529.28 1
475.063 400.367 6
245.451 289.406 5
195.953 449.097 1
158.65 556.942 1
561.554 288.3 2
589.169 332.649 4
455.563 211.817 2
602.24 427.1 2
602.511 437.514 1
271.674 49.0835 2
244.884 39.1177 1
464.953 319.725 1
490.949 351.448 2
395.177 245.934 5
472.08 420.636 1
385.524 328.172 2
297.873 223.852 1
292.677 327.862 1
332.538 383.342 2
376.202 439.69 1
451.314 541.295 2
454.399 543.749 1
201.958 232.29 2
328.107 424.142 3
203.033 410.584 2
54.1847 237.998 1
145.04 556.933 3
230.163 121.569 1
272.57 484.53 3
118.122 442.11 6
518.291 344.218 1
325.758 169.653 2
552.464 494.178 1
222.462 234.383 1
249.834 500.182 2
657.048 266.974 2
672.979 281.672 2
537.96 257.495 4
595.926 344.264 3
597.728 359.413 2
587.901 436.277 1
605.654 478.798 2
484.354 360.337 1
467.774 362.917 3
407.757 325.087 1
447.463 417.052 1
283.366 245.74 2
172.308 200.516 4
191.717 229.513 7
129.19 177.059 1
234.705 328.667 2
133.898 225.093 1
227.226 441.328 1
281.475 511.685 1
137.417 452.621 1
115.686 444.045 1
100.302 481.995 1
543.314 313.802 2
626.368 335.638 2
499.564 230.906 1
627.025 377.312 2
277.774 317.913 1
542.976 327.241 1
369.487 241.753 1
482.606 378.987 1
513.827 427.085 1
283.173 188.664 2
310.827 235.992 1
330.214 421.057 1
217.723 343.048 1
622.44 388.699 6
561.904 225.599 4
463.998 186.638 2
484.022 521.166 1
448.691 534.5 2
436.682 503.04 2
323.02 109.925 8
378.731 525.075 1
233.617 32.3091 2
77.9606 22.0371 2
123.718 467.802 1
124.549 536.485 2
633.077 422.327 2
530.477 223.302 1
497.964 304.199 1
521.353 466.328 5
446.729 203.321 5
429.84 212.485 3
439.218 405.084 2
467.883 569.304 2
425.827 425.109 1
322.414 26.7329 2
257.468 26.6248 1
341.854 461.885 1
321.147 462.479 4
257.056 218.698 1
191.489 42.4916 1
187.79 194.785 1
162.028 146.228 2
217.886 427.268 1
102.374 58.1283 1
128.209 189.417 1
105.699 198.617 2
173.588 519.547 3
62.3211 448.634 1
349.746 297.797 5
360.438 541.85 4
230.783 481.638 2
90.7616 513.151 1
634.741 471.675 1
550.017 400.023 1
564.407 503.359 3
472.173 400.729 1
300.688 87.0621 2
376.119 396.381 1
285.129 398.392 1
588.739 310.654 1
595.521 348.735 1
629.938 512.797 2
548.343 204.685 1
542.045 197.192 1
585.123 425.893 1
537.951 255.235 1
577.36 479.808 1
561.696 535.369 2
514.525 457.897 2
495.718 508.475 1
452.014 412.963 1
444.819 391.492 3
373.062 309.429 1
371.486 321.12 2
388.677 410.002 1
338.248 262.95 1
354.143 541.529 3
307.962 405.963 1
213.399 98.7493 1
239.938 224.257 1
239.991 332.359 3
197.27 236.478 3
237.839 532.115 1
534.491 257.897 2
557.474 499.255 1
397.58 373.368 1
342.271 186.026 2
311.398 95.1551 1
326.494 475.65 1
285.87 341.896 1
204.035 518.783 2
526.394 150.848 1
521.893 197.577 3
506.141 420.873 1
481.228 365.755 3
357.184 331.535 2
273.937 123.645 1
282.148 184.831 2
244.531 376.21 1
519.369 154.585 1
397.327 217.157 1
391.565 318.304 3
270.496 31.398 1
178.492 237.249 1
50.1488 172.519 1
615.025 508.819 1
603.582 331.734 2
491.158 522.171 1
456.156 445.284 1
423.821 560.467 2
362.63 557.089 2
267.474 426.406 2
230.951 448.183 1
205.238 561.27 1
301.291 110.193 5
280.826 150.899 2
182.971 540.673 1
213.548 345.587 3
166.89 557.166 1
199.292 403.982 1
255.037 104.252 3
120.872 496.401 1
83.0489 475.066 2
143.017 169.599 4
91.9427 116.948 1
292.366 222.361 2
592.723 536.702 1
552.031 418.391 1
329.43 182.298 1
224.01 541.203 1
264.243 89.3065 1
162.74 496.468 1
137.307 432.527 1
131.996 455.761 2
629.789 509.453 1
584.32 414.398 1
563.563 499.433 1
524.601 484.513 1
510.306 453.56 2
499.733 504.721 1
560.675 138.14 2
555.54 166.647 1
502.835 355.709 4
428.662 363.007 1
386.886 273.524 1
404.011 189.641 2
295.398 507.337 3
322.094 233.945 7
253.273 404.183 4
211.426 370.514 1
131.865 532.918 1
218.439 91.9091 3
131.224 170.174 3
506.264 454.102 1
415.603 290.354 2
327.967 175.39 4
500.6 413.341 2
530.038 135.121 1
511.776 256.123 2
396.768 362.855 1
359.335 224.46 1
284.396 175.945 2
239.805 370.065 1
512.96 154.228 2
653.938 533.015 6
640.184 543.236 4
295.454 419.307 1
235.941 415.763 1
99.1246 536.947 2
66.6962 74.4774 3
603.452 318.662 3
602.563 279.705 3
439.902 398.467 1
443.502 358.354 2
573.673 141.758 1
489.949 251.022 1
439.751 311.77 1
244.843 522.179 2
394.169 317.031 1
290.729 424.145 2
166.04 548.351 1
289.747 343.974 3
390.163 197.232 1
154.486 475.027 3
223.413 260.744 1
221.825 95.4907 1
227.707 79.8317 1
116.43 137.029 1
389.465 498.77 3
287.775 421.247 4
221.267 433.245 2
325.29 236.204 1
354.82 436.553 2
336.14 468.801 2
269.782 532.662 1
218.724 493.295 1
587.973 403.739 1
505.354 493.175 2
511.984 448.456 1
594.764 329.633 7
454.923 404.469 1
410.102 363.577 1
557.11 163.856 2
499.62 219.358 4
418.009 172.895 1
349.116 205.454 1
175.372 418.518 1
170.822 177.426 1
135.488 128.432 1
625.817 232.676 1
609.072 253.094 1
350.046 362.147 1
293.452 382.992 2
222.35 378.818 2
566.311 268.694 2
329.137 186.489 1
571.648 418.387 2
577.423 330.869 1
499.738 372.252 1
412.952 349.223 1
523.879 183.489 1
332.717 356.342 1
205.561 283.37 3
239.733 417.727 1
134.537 192.879 2
100.805 207.738 1
68.6387 218.995 1
601.354 508.581 1
605.673 407.316 2
415.35 497.11 2
283.925 492.626 2
606.652 272.283 1
480.711 310.998 1
274.532 362.312 2
552.96 210.114 2
262.319 335.715 1
165.773 375.333 3
395.48 246.307 3
308.93 142.128 1
286.302 147.657 1
240.005 70.7382 1
364.983 478.241 3
607.578 313.361 1
188.778 506.767 1
615.823 256.928 2
440.68 224.876 1
339.799 469.615 3
525.215 321.588 5
74.49 259.114 2
140.73 197.759 2
511.277 483.981 3
597.422 388.079 1
262.544 465.98 1
698.2 221.042 4
328.794 375.178 3
546.889 245.489 1
435.542 293.272 1
226.649 390.746 1
202.072 390.729 2
553.528 197.573 1
502.592 217.588 1
136.183 381.932 1
410.633 181.744 1
333.342 218.819 2
277.565 203.719 1
139.651 122.375 1
702.991 206.7 1
507.687 323.773 1
133.183 213.342 1
429.945 339.154 3
572.682 254.646 1
80.5939 149.806 1
19.5639 177.904 1
465.575 225.114 1
534.078 265.945 1
442.504 361.362 1
194.766 396.073 2
282.977 472.107 2
629.49 525.945 1
238.308 131.034 1
427.679 199.406 2
318.893 251.089 3
289.538 267.447 1
420.206 286.964 3
90.4066 293.505 7
374.023 293.301 1
133.546 299.008 4
326.897 325.82 1
421.733 323.964 2
497.144 395.242 2
274.179 452.497 1
451.109 461.283 1
605.263 465.717 2
95.7049 481.44 1
171.061 498.352 2
206.888 145.825 1
356.306 252.241 1
350.964 374.098 1
609.465 388.191 1
390.336 234.325 1
711.205 272.578 1
629.656 295.577 1
116.659 299.674 3
235.785 312.469 1
595.527 323.853 1
529.074 338.463 1
463.671 384.876 4
447.421 178.219 1
88.8724 146.938 1
322.349 487.779 1
286.838 483.065 1
62.5638 501.785 1
682.923 278.264 2
207.719 139.426 1
311.665 179.485 3
552.472 261.373 1
226.005 161.412 1
174.07 154.539 1
198.196 213.747 1
203.723 222.879 1
261.48 241.61 5
349.676 272.247 1
327.28 283.962 2
540.2 362.281 1
357.31 307.957 1
344.52 316.759 3
366.313 323.189 1
135.222 295.039 1
448.427 459.732 1
301.435 512.523 2
120.32 513.769 1
207.677 142.849 1
237.281 319.193 1
442.448 239.734 1
217.693 214.907 6
352.349 254.025 1
547.174 386.833 2
646.367 280.828 1
345.008 293.242 2
427.774 345.153 3
402.695 345.674 1
466.859 377.598 1
91.7044 301.786 2
400.39 353.81 1
603.796 276.86 1
572.749 274.521 1
288.544 62.2169 1
471.626 233.076 3
624.92 400.386 2
354.022 242.661 1
90.1349 65.56 1
656.939 522.651 2
584.143 516.775 2
257.413 302.441 1
222.665 360.423 3
109.936 460.998 2
127.357 532.875 1
589.549 305.379 3
605.428 329.345 2
297.692 146.431 2
400.444 286.8 1
365.209 268.458 1
76.8193 123.603 2
432.221 389.335 4
220.455 273.998 1
382.905 431.137 1
186.331 409.168 1
274.294 504.062 2
543.736 249.006 1
401.171 261.969 1
603.911 398.325 1
348.473 276.989 4
320.666 156.762 1
220.801 213.07 1
552.086 475.239 1
238.084 254.269 7
374.701 377.836 2
654.878 271.494 1
596.718 368.886 1
304.591 204.428 3
319.296 223.741 1
502.739 371.457 1
434.889 337.145 1
327.858 280.246 3
403.472 339.73 1
169.469 202.487 3
394.771 352.956 5
628.882 351.376 1
419.751 236.019 1
282.199 366.546 2
630.701 406.232 1
598.224 525.24 3
406.078 369.214 1
223.265 241.238 1
95.2133 195.734 1
604.701 326.216 1
598.77 337.992 5
415.446 263.374 1
395.825 250.823 1
313.018 184.379 3
447.711 410.489 1
293.724 225.382 3
297.705 247.812 2
254.002 225.213 1
415.743 455.471 2
386.836 425.072 1
446.099 543.764 1
188.087 201.966 2
310.311 385.304 2
139.921 215.482 2
319.776 485.801 3
303.413 481.336 4
89.5403 459.885 2
347.259 281.619 2
632.072 461.026 1
318.352 119.701 1
329.135 167.78 2
376.252 375.172 2
346.964 374.813 1
365.741 390.423 1
228.192 236.131 1
233.988 252.035 1
209.256 481.91 2
173.105 472.99 2
126.365 482.812 1
535.114 261.406 5
644.939 450.419 2
483.066 290.427 1
576.641 445.981 1
286.767 122.592 1
365.177 331.457 2
213.392 174.6 1
296.154 357.288 2
325.97 439.596 1
246.744 343.348 1
157.139 398.563 1
530.434 321.663 3
363.084 335.611 1
506.27 262.086 1
477.249 387.809 2
354.086 294.764 2
346.085 360.109 1
589.743 520.367 1
559.983 482.841 1
551.341 469.616 8
259.411 305.432 2
212.028 513.591 1
601.089 329.004 1
574.125 295.815 1
599.68 406.272 1
510.313 353.529 1
459.928 296.892 1
379.142 303.987 1
440.583 541.169 1
396.757 438.016 1
214.683 34.8404 1
359.263 531.1 1
252.936 221.042 1
183.726 34.5487 1
222.522 426.715 2
228.721 453.808 2
97.7117 59.0962 1
93.1275 157.314 2
123.547 436.372 1
521.889 454.716 1
357.168 543.46 2
624.12 326.852 5
544.078 350.747 1
539.286 366.139 3
304.225 87.119 2
390.917 397.161 1
344.48 483.91 1
239.423 247.468 3
229.894 228.898 1
553.414 144.78 1
585.458 335.753 2
587.732 351.914 1
524.831 242.52 3
546.484 308.361 2
481.294 285.874 1
476.893 359.703 4
509.742 459.331 1
526.068 509.534 1
430.058 390.724 3
382.097 258.544 1
314.606 222.226 1
368.859 385.024 1
293.753 176.438 2
260.303 86.438 2
207.605 105.822 1
303.937 485.918 1
288.267 516.108 1
217.805 304.793 2
174.236 529.586 1
521.459 262.931 1
346.493 186.955 1
404.207 447.666 1
355.253 342.257 2
473.147 192.659 1
300.928 83.9896 2
228.904 507.155 1
183.184 557.424 2
638.752 577.094 1
637.201 522.596 1
595.073 417.011 1
552.539 189.069 1
506.881 351.984 1
464.104 569.45 1
450.774 351.629 3
399.825 220.288 4
378.838 299.432 1
377.519 572.721 3
328.54 26.3557 2
279.24 23.45 2
259.169 399.055 5
225.975 497.581 2
211.348 23.6124 1
207.458 33.8494 3
184.22 384.264 1
180.944 33.3773 1
175.5 546.492 1
121.022 432.957 1
116.761 497.042 1
107.145 457.147 1
102.161 562.146 1
666.717 557.326 1
545.78 190.747 3
448.761 445.039 2
355.446 298.959 2
628.697 320.188 4
534.287 368.762 1
403.703 308.984 1
307.395 83.9844 6
291.038 396.649 2
236.33 259.123 3
220.751 224.305 1
588.744 84.215 1
571.598 46.2966 2
573.725 420.648 2
551.541 138.488 1
503.332 453.175 1
488.654 282.575 1
482.753 508.825 2
420.937 535.401 2
383.592 255.808 1
382.348 458.827 1
341.656 453.953 1
342.807 530.044 1
195.472 256.655 1
321.775 104.685 1
293.484 392.082 1
474.767 366.254 1
370.083 368.243 2
658.321 511.49 2
641.431 489.333 3
621.654 394.632 3
304.581 413.416 1
180.708 492.761 1
182.587 238.247 1
68.6597 527.532 1
89.6012 275.6 2
82.836 264.586 1
486.411 518.943 1
557.525 184.366 2
553.52 193.615 1
446.19 514.566 2
423.61 485.611 1
476.728 255.595 1
328.382 455.274 1
382.588 202.307 1
286.337 100.65 1
258.145 103.769 1
248.879 86.2201 2
131.824 401.292 3
97.9975 515.867 1
186.482 191.961 1
626.871 527.776 1
314.007 418.395 1
220.439 397.244 1
113.84 417.919 1
425.801 282.867 1
284.659 421.4 1
567.922 465.381 3
575.424 408.927 2
494.995 501.383 1
511.988 422.313 2
594.632 83.713 1
531.777 250.197 3
538.888 199.796 1
422.298 361.397 1
360.762 408.087 4
209.18 374.123 1
284.403 127.148 1
173.661 126.276 2
325.598 471.229 1
327.409 143.41 3
372.613 355.838 1
456.182 281.484 1
272.364 528.979 1
618.06 473.612 3
581.138 484.925 2
514.249 494.656 1
600.478 276.865 1
439.995 446.503 2
394.315 498.859 1
358.728 536.664 1
329.908 510.46 1
486.164 246.567 2
386.479 194.498 3
212.959 340.823 1
136.053 396.518 1
268.864 86.6767 2
217.492 112.687 2
83.9126 83.9981 1
483.635 244.707 1
212.348 461.75 1
265.27 84.6706 1
637.21 435.798 2
539.264 316.241 1
216.575 140.992 1
579.412 398.523 1
497.727 487.889 1
430.059 351.708 4
551.507 160.257 1
556.427 132.372 1
247.225 487.889 1
253.573 461.017 1
408.006 165.933 2
167.086 416.116 1
224.613 297.482 1
170.289 127.877 1
449.589 198.731 1
341.973 357.455 1
422.649 218.192 1
552.543 412.621 1
489.266 325.623 1
490.832 380.225 1
388.825 344.407 1
312.441 342.72 1
279.11 127.146 3
515.819 489.381 1
489.784 502.907 1
454.564 508.796 1
639.751 369.243 4
515.464 394.87 2
305.174 493.338 1
587.016 283.401 1
560.081 196.984 1
557.607 179.945 2
75.3137 505.952 1
54.4793 500.394 3
111.781 450.243 5
133.765 431.782 2
162.44 240.027 2
167.514 234.977 2
151.702 113.883 2
84.8797 105.149 1
353.604 363.037 1
260.745 358.575 1
110.283 256.445 1
547.637 441.699 1
278.936 437.506 1
219.681 416.743 2
151.641 195.603 2
137.069 202.018 3
125.01 141.183 2
433.297 348.742 1
406.76 355.143 1
328.161 366.422 1
554.096 157.791 1
358.047 273.835 1
382.2 172.485 1
344.236 191.409 1
503.866 324.197 1
145.333 515.931 1
322.067 195.859 1
167.52 221.57 2
293.495 152.821 1
144.098 196.091 1
117.382 203.527 1
182.257 152.278 1
519.117 488.529 1
604.888 440.132 1
519.113 425.523 1
347.099 476.592 1
526.96 389.106 1
163.811 500.002 1
137.344 505.018 1
430.158 356.336 1
291.95 335.447 2
327.542 232.853 1
395.196 185.554 1
116.386 261.166 1
639.783 234.732 3
439.905 230.368 3
107.553 259.83 1
232.35 424.371 1
172.062 223.093 1
77.9728 227.754 1
57.3472 222.476 1
188.491 162.07 2
415.607 353.359 2
696.249 213.093 1
553.49 184.337 3
633.814 223.076 1
513.807 323.828 3
81.4203 143.67 1
90.0063 141.873 4
27.5511 159.685 1
176.201 196.054 3
609.778 392.78 1
617.142 395.938 1
587.464 483.291 1
237.999 140.307 1
275.507 235.838 1
469.069 420.475 1
619.741 445.872 2
206.012 171.565 1
324.357 210.275 1
361.733 451.693 1
621.795 247.771 1
239.835 373.786 2
672.274 289.692 3
631.072 305.668 1
446.19 349.911 3
530.317 347.784 2
332.976 181.522 1
365.059 254.592 3
335.514 381.127 1
431.701 419.547 2
230.197 145.698 1
501.202 252.446 1
629.575 289.717 1
432.186 328.908 1
343.637 321.369 2
98.679 289.754 1
421.495 417.184 2
665.271 266.374 2
420.937 330.577 1
431.961 332.541 1
406.451 333.939 1
468.521 298.781 2
241.804 265.352 1
434.501 306.287 1
251.519 283.628 1
644.481 290.828 1
338.962 257.026 2
451.377 344.625 1
626.278 396.726 1
633.663 466.343 2
384.201 366.398 1
638.094 488.661 1
358.878 382.429 1
235.991 393.013 1
666.917 263.115 1
647.538 270.998 1
234.81 135.2 2
202.796 144.718 1
382.445 331.927 1
598.408 448.677 3
464.717 435.594 1
312.969 456.865 1
553.219 313.476 1
170.535 194.169 1
409.508 329.939 2
565.498 227.364 1
444.773 234.242 1
241.536 252.616 3
248.953 270.535 1
366.942 368.043 2
566.215 330.895 2
417.867 271.309 1
546.895 329.753 2
393.454 281.613 1
455.814 343.247 1
196.318 269.731 1
369.441 271.658 2
295.554 83.3901 2
365.806 372.584 1
304.926 178.174 1
401.926 323.424 1
306.42 286.752 1
192.639 211.177 3
200.322 244.571 1
137.753 220.292 1
422.99 463.976 1
260.535 476.04 2
549.085 314.703 1
504.866 413.436 1
324.874 154.077 5
350.522 198.547 1
278.307 324.128 1
426.881 213.972 2
371.714 279.415 1
222.716 341.072 1
637.794 401.929 1
525.477 340.674 2
652.273 493.547 6
495.15 339.669 2
554.478 469.099 1
480.605 397.544 1
552.498 488.127 1
223.786 228.641 1
232.936 248.469 1
329.163 394.146 1
87.737 251.81 1
592.196 434.938 1
417.778 322.821 1
286.675 457.48 2
300.038 483.149 2
649.322 394.346 1
482.77 321.621 1
489.409 228.374 1
636.424 461.543 2
334.509 164.047 3
351.556 190.821 2
193.024 124.622 1
207.135 178.83 1
233.603 234.715 2
567.084 327.162 1
584.044 371.998 1
218.804 339.615 1
279.447 192.52 1
413.739 312.483 1
593.17 524.861 1
314.998 101.811 1
323.334 339.783 1
112.16 92.9171 2
581.254 473.665 1
485.818 281.451 1
468.244 307.661 1
471.543 355.057 1
316.598 197.662 1
344.909 425.644 1
315.903 407.492 2
200.997 250.887 2
141.306 443.862 1
192.188 223.001 1
332.605 163.251 1
227.667 233.067 1
177.168 469.304 1
532.466 193.759 2
527.512 318.14 1
565.686 448.42 1
511.034 418.006 1
471.743 363.668 1
204.46 121.15 2
518.536 160.811 1
354.293 337.627 1
412.923 210.896 1
538.585 353.198 1
425.864 252.591 1
317.681 104.734 4
336.545 429.333 1
636.468 426.97 1
567.965 297.949 1
551.741 291.182 1
519.984 477.226 1
483.325 351.898 2
447.478 398.219 1
332.082 34.832 1
374.499 303.16 1
392.34 405.629 1
381.346 378.193 1
275.208 39.7204 3
356.139 531.152 1
244.058 221.344 2
174.817 34.635 1
175.644 46.261 1
272.178 500.808 1
235.859 512.117 1
194.596 497.01 1
141.633 557.923 1
504.651 396.315 1
355.168 200.126 1
326.834 146.252 1
296.447 397.906 1
314.987 470.655 1
268.954 310.139 1
533.879 146.042 1
524.822 200.46 1
508.142 415.181 1
497.648 460.173 1
363.405 260.384 1
350.147 312.65 1
256.954 86.7315 2
517.526 171.017 1
474.811 201.014 1
278.827 180.864 1
663.312 577.108 1
553.28 426.17 1
535.647 354.871 1
477.069 193.506 1
458.397 535.463 1
403.768 295.755 1
359.181 246.459 1
314.279 105.72 2
316.033 422.05 1
270.595 319.563 2
237.546 25.0186 2
218.3 205.665 1
213.299 198.15 1
641.287 428.866 1
634.714 577.348 1
631.438 505.927 2
588.344 417.076 1
580.829 46.0526 1
539.312 250.116 1
416.909 577.43 2
411.981 431.026 1
354.654 447.182 2
351.731 544.485 1
353.396 554.744 1
362.983 299.421 1
314.854 84.1237 3
280.931 340.535 3
240.128 260.408 2
234.453 244.053 3
559.039 469.677 2
535.719 137.894 1
526.61 169.532 1
496.609 452.108 1
342.439 291.451 2
342.995 513.665 1
336.289 530.005 1
311.888 203.22 3
293.175 510.105 1
265.443 99.1888 1
270.166 156.399 1
521.232 170.532 1
644.337 490.95 1
536.14 363.75 1
546.283 281.925 1
387.794 386.307 3
320.345 467.424 1
316.132 454.295 1
250.521 70.9643 2
228.956 91.6998 1
126.973 400.248 1
139.116 168.499 1
534.294 269.566 1
422.526 497.671 2
357.035 405.592 1
333.441 176.129 3
245.821 528.159 2
322.348 132.611 4
278.153 335.323 1
552.481 497.307 1
505.867 404.222 1
540.721 133.381 1
527.331 198.546 1
522.742 154.136 1
407.373 361.196 1
623.196 377.018 2
461.833 282.479 1
462.692 204.108 1
339.892 465.401 1
275.671 530.514 1
272.525 494.803 4
166.037 544.737 1
320.974 146.658 1
174.516 437.13 1
236.763 264.198 2
575.986 486.158 1
509.323 495.918 1
442.354 512.783 1
352.882 537.303 2
478.725 237.015 2
422.761 180.121 1
174.545 534.267 1
159.535 437.219 1
178.961 128.37 1
171.298 147.841 1
154.566 435.306 1
204.855 161.774 1
485.394 488.755 1
498.559 416.768 1
495.09 434.87 1
528.012 193.461 2
540.663 127.831 1
533.746 155.003 1
403.891 363.082 1
370.298 266.966 1
340.256 353.206 1
466.483 206.643 2
82.8568 270.142 1
525.776 476.419 1
396.429 500.989 2
555.536 176.57 1
423.444 174.997 1
225.377 382.608 1
303.03 161.357 1
109.013 148.425 1
209.797 160.777 1
511.218 392.431 1
422.815 347.787 1
376.739 263.348 1
293.372 368.6 1
345.51 256.831 1
326.843 241.555 1
566.058 517.125 2
598.251 273.209 1
284.363 333.571 2
106.951 443.608 1
389.107 181.67 2
709.08 210.668 1
500.716 324.158 1
159.168 205.585 2
136.373 211.325 3
516.825 390.93 1
579.996 264.323 1
321.536 354.368 1
350.825 469.679 1
459.105 391.025 1
548.652 318.271 1
348.248 253.295 2
146.022 201.428 2
91.5312 220.592 2
609.479 481.539 1
516.151 483.753 2
509.48 428.981 1
289.442 327.618 1
164.15 370.393 1
416.296 187.517 1
229.07 270.28 1
313.609 199.466 2
72.7624 271.587 1
146.043 121.242 1
151.877 110.793 1
103.114 110.785 1
511.667 326.682 1
197.695 180.998 2
436.558 347.172 1
568.277 261.612 2
393.742 235.443 1
220.648 262.33 1
543.661 440.665 1
119.279 212.142 1
185.585 159.733 1
604.72 433.398 1
627.439 405.312 3
590.101 281.531 1
413.891 299.882 1
166.527 253.638 1
419.436 186.901 1
679.435 230.082 2
441.679 348.084 1
365.729 196.373 1
543.196 213.772 1
610.277 381.542 1
111.141 223.285 1
708.248 268.969 1
639.466 286.747 1
114.393 140.279 2
540.223 209.39 1
44.7602 148.285 1
608.056 404.793 1
184.023 358.71 1
299.595 377.563 1
312.769 378.471 2
595.035 280.64 1
216.632 208.704 2
342.453 367.489 1
324.931 374.337 1
303.608 377.13 1
539.158 464.099 1
193.552 232.448 1
604.672 372.338 1
417.036 340.919 2
75.0036 288.936 1
250.381 278.054 1
376.643 296.382 1
323.365 360.402 1
315.053 371.301 1
662.946 271.196 1
601.275 366.815 1
445.025 333.775 1
184.904 223.08 2
255.459 252.053 1
194.103 240.372 1
338.419 298.562 1
181.978 228.883 1
602.701 273.42 1
277.874 328.639 1
615.92 291.531 2
621.696 371.249 1
349.156 195.311 1
222.321 209.049 1
225.111 223.158 2
323.044 370.116 1
150.505 465.805 2
505.278 249.194 1
304.448 196.806 1
318.455 217.417 1
330.5 277.201 1
193.074 247.13 2
197.869 249.074 1
301.526 201.574 2
217.643 172.052 2
509.449 408.625 1
343.627 178.336 1
557.831 466.76 1
657.919 263.254 1
524.099 459.9 1
218.971 164.463 1
180.883 207.874 1
220.424 296.714 1
365.258 444.758 1
333.866 447.248 1
320.999 438.687 1
160.832 393.138 1
500.033 407.629 1
452.952 234.766 1
526.562 263.956 1
644.251 397.883 2
550.098 367.177 1
314.41 92.9609 1
305.189 90.1778 1
132.238 143.5 1
121.156 510.325 1
653.881 390.424 1
592.137 342.453 1
420.576 374.605 1
165.109 188.917 1
186.569 241.031 2
299.953 208.631 1
428.179 400.263 1
317.694 288.4 1
298.064 342.105 1
625.56 308.488 2
636.788 458.436 1
547.308 351.017 1
538.941 341.995 1
503.848 339.005 1
350.304 184.915 1
166.378 158.85 1
589.77 345.788 5
561.872 313.684 1
575.12 476.258 2
428.024 385.45 2
311.09 266.492 1
230.269 323.476 1
555.696 317.836 1
547.339 361.196 2
562.923 395.896 1
322.295 121.168 1
557.428 140.667 1
540.301 193.001 2
506.229 303.141 1
479.375 282.194 1
558.355 534.555 2
479.784 306.226 1
476.996 353.779 1
366.731 306.26 1
268.893 78.0751 1
297.004 171.865 1
387.166 495.439 1
297.955 512.614 1
205.712 270.941 1
179.145 225.531 1
183.818 398.47 1
579.948 337.414 1
390.927 376.137 1
419.966 444.915 2
551.976 455.198 1
523.007 345.504 2
462.57 219.18 1
489.791 425.823 1
423.333 224.958 1
329.113 109.685 1
325.411 119.798 2
243.254 244.887 1
187.066 166.854 1
180.714 564.086 1
550.906 132.285 1
622.144 560.542 1
475.643 280.557 1
513.154 477.767 1
474.438 296.07 1
238.048 221.069 1
209.404 93.8995 2
245.572 442.444 1
189.094 233.859 1
180.576 393.304 1
523.411 266.636 1
336.589 290.412 1
362.871 192.597 1
356.954 484.832 1
316.959 374.858 1
412.076 440.789 1
336.734 350.517 1
325.082 141.402 1
320.646 130.434 1
313.489 79.549 1
201.57 173.553 1
590.549 80.0571 1
589.466 358.693 1
577.099 34.2783 1
423.64 532.576 1
399.825 193.696 1
386.77 429.912 1
370.497 510.985 1
346.217 525.189 1
288.808 155.037 1
201.679 23.3666 1
166.32 505.06 1
584.717 358.988 1
353.499 485.87 1
540.149 153.091 1
445.481 420.488 1
405.469 511.593 1
316.276 435.979 1
211.829 367.344 2
473.853 338.533 1
333.55 135.658 1
332.68 153.752 1
381.024 360.776 1
652.383 540.831 1
647.062 503.058 2
627.434 342.49 1
542.472 366.309 1
399.71 305.206 1
560.074 525.207 1
502.79 497.554 1
548.14 156.601 1
425.531 497.653 1
401.139 180.211 1
371.672 195.463 1
297.093 160.84 1
233.29 93.4173 1
176.841 124.631 1
470.15 332.293 1
336.321 216.647 1
333.013 479.196 1
521.037 422.215 2
505.864 436.468 1
554.784 160.985 1
547.601 169.772 2
547.447 179.85 1
498.915 215.381 1
377.575 189.131 2
188.55 210.053 1
500.865 419.981 1
328.344 135.824 1
387.322 355.897 1
542.708 317.678 1
424.487 387.109 1
413.237 167.158 2
382.899 182.804 2
374.687 187.319 1
458.106 196.626 1
464.626 249.461 1
497.352 382.615 1
221.701 162.432 1
155.696 199.872 3
506.599 480.005 1
551.688 171.961 1
181.21 182.739 1
583.326 273.759 1
409.138 159.838 1
502.497 327.868 1
145.06 454.961 1
683.258 224.797 1
254.15 328.323 1
385.194 177.065 1
107.252 137.557 1
420.447 337.316 1
93.5339 226.115 2
418.583 411.424 1
418.427 357.073 1
284.867 320.357 1
263.597 338.919 1
370.677 189.813 1
516.223 328.396 1
190.378 167.671 1
376.965 359.11 1
137.771 371.078 1
148.378 362.513 1
413.547 172.928 1
217.301 158.718 1
226.192 148.479 1
187.75 412.998 1
373.573 362.081 1
162.655 365.883 1
293.92 317.519 1
463.254 213.87 1
557.622 192.351 1
417.746 177.315 1
