3095 14745
52.7558 6.56718 1
331.824 8.57288 1
19.7755 8.97863 1
519.831 8.61677 1
282.994 11.7348 1
69.8236 14.2932 1
329.079 13.6828 1
529.161 16.1256 1
42.9944 17.3696 1
259.831 21.1022 3
297.229 19.4508 1
84.4113 21.9456 3
281.425 23.3383 2
259.637 24.5402 1
537.741 23.7745 3
295.833 26.9605 4
310.647 31.2412 3
257.208 34.527 6
192.246 36.5874 4
344.265 39.1431 2
187.73 40.4622 10
308.243 40.1813 2
367.175 40.8279 16
266.145 40.4532 6
185.002 44.8628 2
551.88 44.9402 1
315.012 46.2971 7
307.01 48.4093 15
556.239 49.3451 1
181.377 49.9234 3
252.741 49.9799 6
260.804 49.5974 3
213.088 51.1902 3
264.041 55.9257 18
212.455 59.3436 1
174.728 60.2038 9
569.071 64.4766 1
212.229 65.2852 2
271.675 64.8915 11
250.054 66.9764 1
288.484 67.4351 5
169.72 70.5064 7
575.836 73.1066 1
248.269 75.6986 4
163.76 82.3663 7
248.828 83.0378 1
207.728 93.6867 9
156.267 100.94 14
204.114 101.488 7
316.405 109.611 36
151.874 116.923 7
204.69 124.741 1
148.287 128.085 6
400.399 135.622 9
291.161 139.001 32
201.443 137.892 8
399.46 148.276 8
198.66 146.717 21
274.859 151.767 5
401.334 157.748 3
379.136 164.075 5
296.326 170.94 15
298.162 174.208 3
194.608 176.7 13
272.579 177.045 10
405.526 176.961 6
299.219 183.244 21
273.014 184.704 1
408.872 187.551 11
298.293 188.574 5
270.752 190.416 11
302.601 201.807 19
383.249 203.103 1
397.57 208.633 7
384.855 206.797 7
269.086 214.676 6
423.913 220.818 42
260.233 223.847 10
377.439 226.144 9
147.235 226.825 33
307.473 234.045 27
415.212 230.853 6
377.056 234.482 23
152.628 234.214 6
309.335 238.757 2
141.829 239.43 23
376.807 240.306 1
425.162 241.813 16
255.098 253.892 24
370.627 250.739 31
431.214 251.47 15
304.432 246.921 16
191.586 252.155 20
366.203 255.107 9
352.291 258.036 1
431.943 261.997 6
137.523 257.475 11
255.124 259.532 5
361.335 260.089 7
307.383 261.196 6
192.428 266.639 27
376.09 266.476 8
431.81 266.582 21
344.408 265.909 16
303.757 274.627 23
194.222 271.973 12
138.09 271.074 20
263.222 280.056 21
464.097 275.075 2
472.864 275.75 1
131.368 279.182 6
250.135 279.417 19
307.804 279.222 9
136.983 282.929 16
130.274 289.03 2
265.943 289.496 5
253.539 291.111 25
318.777 288.825 21
192.593 296.645 32
305.089 294.875 13
133.615 294.901 17
400.923 297.774 1
135.02 300.876 9
260.037 301.908 71
302.427 304.427 22
377.341 304.692 17
129.385 308.048 3
248.801 312.991 28
135.59 311.342 20
301.151 319.234 33
436.004 314.579 18
235.996 315.7 1
243.519 317.218 1
248.623 318.434 1
127.649 323.208 17
437.521 320.544 2
130.659 325.528 10
315.971 326.336 8
331.663 326.557 4
131.19 327.644 1
438.541 328.162 2
324.02 327.765 11
191.077 331.714 41
458.581 334.422 3
248.756 335.689 25
399.774 339.882 2
128.686 340.195 20
183.776 348.887 24
246.267 350.334 21
124.913 349.679 14
319.537 351.978 16
321.597 353.178 5
248.672 354.601 2
219.362 357.253 1
121.731 358.819 12
304.712 357.888 56
181.051 365.374 41
439.301 361.408 33
125.904 364.055 12
473.563 366.356 2
304.445 369.248 27
246.275 375.975 29
124.798 375.494 24
369.145 374.798 24
452.67 375.8 9
446.375 378.988 4
124.191 380.238 6
302.842 385.192 35
399.881 385.792 13
439.782 389.895 27
254.75 391.404 8
186.293 393.998 4
240.885 394.102 24
442.743 398.456 18
176.781 398.486 28
387.008 401.724 37
117.844 400.377 30
245.224 402.262 16
112.457 406.239 1
97.8173 406.824 2
105.571 405.596 3
234.326 410.504 6
442.869 412.912 7
298.998 417.05 34
377.047 416.156 1
194.419 418.523 6
109.017 423.323 21
300.774 421.18 6
459.028 423.248 4
110.383 425.023 3
108.97 430.028 1
454.933 429.605 1
380.976 432.333 18
445.356 431.177 22
338.526 433.46 7
182.81 437.48 10
445.584 436.913 9
106.447 444.985 20
363.111 436.739 21
206.752 439.417 9
170.683 440.431 24
300.724 440.617 30
246.207 444.986 13
178.531 450.454 6
444.867 453.865 24
106.757 451.861 10
237.919 456.884 1
247.134 457.399 24
248.277 461.725 1
448.456 460.745 18
520.095 462.974 1
292.79 463.298 9
300.056 463.525 19
101.243 464.563 13
515.667 466.113 6
104.627 473.149 1
505.265 474.904 11
388.529 477.102 20
238.028 478.767 20
500.32 477.586 4
100.95 483.799 13
298.824 477.656 46
392.67 481.154 2
465.432 481.303 6
468.875 482.585 2
476.909 482.918 16
102.736 487.271 7
240.639 488.707 10
489.92 487.646 24
390.086 493.93 7
162.15 494.685 10
17.2704 495.003 1
477.185 492.254 15
306.754 496.818 15
100.189 499.433 3
465.474 500.136 10
167.027 507.671 19
331.66 508.086 6
241.795 510.988 18
457.337 517.822 18
160.667 513.098 9
198.729 517.662 1
327.437 519.866 10
469.975 520.613 2
68.5024 519.357 17
94.662 520.402 27
459.474 522.488 12
246.169 525.032 2
314.049 523.453 5
369.857 520.595 7
176.988 526.839 20
307.58 526.211 16
167.331 529.175 6
243.934 531.919 2
389.819 531.263 9
458.226 532.411 2
430.429 535.968 1
458.466 539.34 4
238.181 540.04 19
222.717 541.606 4
90.0596 549.097 9
460.062 547.914 7
313.051 550.149 9
426.275 545.274 12
259.178 549.243 15
428.518 553.621 2
91.0279 555.276 2
241.515 556.346 16
89.3975 562.042 2
87.676 568.165 8
466.884 574.08 2
237.985 578.619 1
471.63 581.193 2
84.2806 584.718 1
408.176 588.893 2
83.2145 589.572 1
5.125 5.07567 1
25.8891 5.44057 1
269.421 4.65784 1
302.426 4.79291 1
337.91 5.11472 1
505.161 4.70634 1
316.921 6.02932 1
37.0094 10.7367 1
292.885 10.7046 1
306.807 10.9852 1
48.9383 14.5803 1
61.6576 16.7592 1
74.271 18.3563 2
26.4632 18.3554 2
286.16 18.5752 1
335.958 20.5562 1
526.965 22.1055 1
63.6999 25.8891 9
37.094 23.6247 1
274.027 23.8378 1
28.784 25.1164 1
89.5478 25.1487 1
291.513 24.9833 1
330.625 26.6069 4
306.175 27.9146 2
315.124 27.5728 1
4.93774 30.6658 3
220.825 32.1514 13
337.717 34.6681 11
393.762 35.2866 11
315.217 35.9277 7
550.53 35.3581 6
333.766 40.6705 9
297.276 41.3904 9
398.379 40.8718 1
219.93 43.5858 7
313.064 43.8282 2
321.122 44.8808 8
290.248 48.4097 7
364.066 48.0969 9
272.129 47.8892 6
346.128 48.338 10
186.876 52.3312 8
329.239 51.3147 6
258.479 55.3473 6
281.053 56.4126 19
568.72 54.4155 3
296.149 57.2371 17
312.284 58.0668 23
181.509 62.5971 16
263.39 63.0851 3
328.748 62.6844 6
296.366 67.9815 26
116.788 64.6231 5
278.764 66.0603 25
437.036 68.379 16
443.791 71.1954 2
287.26 72.841 4
309.234 73.0667 3
215.645 78.1042 2
254.587 79.784 7
345.215 98.2783 5
280.555 100.707 13
162.465 103.884 12
324.905 108.308 23
486.512 106.358 13
429.297 107.669 5
489.326 113.184 3
293.301 113.315 7
162.12 113.572 15
420.254 113.198 1
210.326 115.923 2
414.3 117.075 2
158.206 125.163 20
367.51 124.855 7
418.46 125.383 1
315.244 126.816 1
302.718 126.591 4
310.474 135.24 1
284.166 138.148 10
385.625 143.175 7
405.759 140.365 16
303.673 142.527 13
205.405 149.401 1
155.84 158.423 8
203.128 161.138 1
386.069 165.791 6
155.519 168.556 4
280.997 172.219 13
384.568 182.937 15
158.581 185.961 2
279.673 187.697 34
276.715 191.781 3
308.94 194.484 38
160.073 201.933 4
272.078 200.656 1
388.648 202.346 21
428.016 202.399 1
265.388 206.399 6
160.34 209.827 1
412.175 214.066 10
307.788 213.762 1
399.383 215.679 13
192.896 215.903 3
275.746 219.864 9
289.366 219.28 20
302.918 225.271 21
435.543 221.97 48
166.258 225.008 1
155.047 226.843 6
384.211 228.872 38
265.307 229.735 38
433.959 230.814 23
400.31 229.494 9
156.074 241.196 32
416.396 240.545 19
267.171 239.719 23
436.189 240.521 28
300.448 241.202 1
265.476 252.327 39
383.037 252.673 26
145.417 252.199 36
270.43 249.516 1
199.3 247.691 46
263.235 254.142 15
402.388 255.017 2
439.998 258.493 50
369.704 262.921 18
387.465 261.019 15
260.759 265.87 19
200.497 266.688 18
312.76 267.285 19
360.553 267.588 27
441.716 268.3 35
388.053 271.636 25
346.986 273.733 5
314.844 275.459 21
145.02 277.316 5
297.668 275.906 4
446.453 278.297 3
354.876 277.88 9
394.139 278.419 7
203.347 276.308 18
439.699 279.151 6
452.844 279.499 21
125.544 280.12 8
262.11 280.567 12
289.304 281.851 12
256.018 284.052 1
316.257 286.247 6
134.041 286.472 6
292.936 286.186 4
325.899 286.513 8
441.673 290.81 35
143.62 293.04 57
201.243 294.099 14
183.582 294.394 12
260.534 295.213 11
200.299 297.966 5
322.036 302.273 9
312.959 298.992 15
390.309 302.816 13
443.411 310.514 48
431.31 305.045 3
143.822 310.33 32
198.844 309.482 15
258.198 309.164 15
381.181 311.482 4
310.536 311.525 29
391.325 315.289 1
256.033 322.092 26
364.81 319.773 30
234.155 319.966 17
196.139 322.317 3
386.831 329.29 3
445.686 329.436 21
396.181 329.922 10
138.666 333.714 89
306.344 332.468 7
117.487 338.627 10
256.288 344.955 85
367.25 336.827 1
382.669 340.718 31
195.972 338.377 8
458.406 340.292 25
445.731 346.131 45
138.903 344.872 12
181.852 342.096 1
256.848 348.369 11
395.733 349.405 27
126.401 343.753 3
193.478 348.472 4
463.835 346.757 2
185.169 347.006 1
311.471 346.526 19
136.478 349.948 20
191.052 351.316 1
372.36 352.482 5
450.795 351.589 6
256.993 359.433 31
242.507 358.337 2
133.415 363.387 45
216.89 361.133 11
314.238 369.201 38
452.003 365.325 36
225.899 369.558 27
253.215 369.081 54
383.491 368.336 2
366.382 369.118 4
438.415 370.178 6
353.509 366.562 20
393.977 373.051 10
416.519 372.215 4
453.994 372.444 3
465.336 372.218 15
372.953 374.876 11
313.391 375.342 25
131.637 380.487 22
196.438 380.873 3
234.043 379.162 1
255.07 382.703 34
394.286 380.561 6
404.887 379.346 1
389.796 379.841 3
460.707 380.009 8
186.841 382.669 22
172.89 382.469 4
205.712 382.763 3
358.174 383.74 30
240.684 382.791 12
450.713 389.526 51
177.171 387.632 29
114.558 386.872 10
358.402 390.617 10
404.803 389.967 2
111.807 393.541 3
344.392 393.681 21
203.927 393.206 2
281.159 393.944 5
305.652 394.283 6
396.862 398.749 46
127.173 394.195 35
194.689 395.761 2
581.549 398.499 1
253.434 401.961 46
315.345 399.122 2
184.539 400.134 6
449.26 405.494 24
576.945 405.059 1
279.073 404.556 6
308.55 408.501 41
424.099 407.123 7
183.103 408.958 15
396.267 408.121 5
121.67 410.026 21
93.3062 410.427 17
385.623 410.305 2
107.667 411.602 12
240.495 413.137 13
431.112 413.089 1
307.77 416.614 9
233.769 416.176 12
566.61 417.037 3
99.6351 416.952 1
241.464 423.561 27
451.237 420.056 29
182.944 424.858 18
371.101 421.867 15
563.122 420.773 1
315.461 421.615 6
411.88 423.832 1
114.916 434.584 52
397.623 433.524 30
250.851 435.114 46
223.684 437.336 4
454.255 437.978 36
177.732 438.268 15
202.886 439.758 6
325.482 439.984 5
337.014 438.874 1
403.14 440.162 7
316.868 444.644 20
361.346 445.32 21
307.93 447.54 23
209.712 445.233 22
396.418 447.344 10
190.02 447.391 8
221.446 446.266 35
377.47 446.526 9
166.116 450.194 9
365.656 450.304 11
456.82 452.322 26
376.109 453.067 3
220.253 456.161 11
276.933 454.951 1
283.656 455.26 8
179.06 456.594 8
170.159 460.966 33
253.907 457.775 4
113.576 460.814 29
189.886 459.737 22
399.959 464.899 12
456.121 468.202 40
175.23 465.615 5
101.522 468.391 3
249.109 470.198 37
295.801 470.801 9
111.633 475.301 36
186.091 473.943 13
410.624 474.832 13
171.662 474.957 3
142.168 476.799 7
297.935 476.757 3
398.33 478.66 3
458.871 477.842 23
108.893 477.799 14
308.705 482.018 16
248.002 483.534 37
170.231 484.315 3
4.54095 484.554 1
110.918 486.229 26
460.963 486.219 1
477.269 489.01 5
454.274 492.677 6
148.02 492.862 11
399.734 490.275 46
247.202 494.299 2
270.817 496.813 11
484.717 496.639 9
15.0092 500.023 1
151.74 499.823 2
169.846 501.379 17
247.989 500.173 10
321.903 505.224 36
405.518 504.786 6
300.346 509.811 5
439.332 509.973 3
464.315 512.747 13
248.18 511.338 9
172.58 514.297 1
191.832 515.087 19
304.712 515.514 16
103.078 514.827 13
370.539 520.624 7
384.905 519.331 17
405.588 521.784 5
157.75 522.706 10
194.109 523.393 3
73.3177 528.833 16
90.5839 528.812 6
183.639 528.517 12
156.897 531.937 19
230.688 529.558 7
466.499 530.352 30
311.479 534.53 13
249.992 534.666 30
165.581 538.167 15
391.819 540.009 6
424.262 540.47 12
106.131 540.008 18
416.698 539.467 12
259.534 540.422 1
464.882 544.294 7
81.8409 544.093 1
348.445 550.593 3
337.328 551.077 2
467.444 552.808 10
263.237 555.494 3
321.853 553.754 4
311.881 556.032 1
246.768 560.968 1
393.592 562.568 6
343.268 566.361 5
471.509 567.511 13
308.495 569.975 1
92.3228 573.324 4
186.31 573.125 2
198.221 572.899 1
72.6148 573.569 4
219.708 576.676 1
224.497 582.251 2
382.936 581.915 1
235.934 583.075 1
250.262 582.813 1
314.47 583.251 1
396.568 584.413 2
145.038 587.99 1
479.77 588.035 1
319.626 588.69 1
88.4171 589.561 1
381.767 589.713 1
61.9908 593.317 1
249.221 592.828 1
183.539 593.148 1
401.489 594.411 1
484.699 594.062 1
518.785 15.8551 1
10.9268 20.3084 1
267.238 28.5816 4
366.069 27.7082 1
211.118 31.9531 9
257.762 68.4971 30
361.796 289.109 4
318.217 333.597 30
394.25 366.318 40
328.226 432.621 23
411.328 475.241 12
49.2402 518.953 6
86.676 18.9763 1
97.8599 19.052 1
536.047 19.5725 1
44.0419 26.8589 2
256.719 37.7615 1
561.805 58.2949 1
571.095 70.0906 1
432.242 84.4734 7
292.778 104.595 20
202.131 133.064 2
296.155 155.597 10
196.121 172.574 5
378.953 176.277 12
299.857 186.396 1
190.557 189.608 13
421.142 199.623 8
303.551 205.368 2
390.702 210.465 16
258.788 227.035 2
187.517 225.056 15
258.2 235.522 28
378.331 237.658 1
447.463 244.838 19
138.429 251.635 15
371.878 253.499 1
255.954 256.486 1
305.398 277.439 1
433.411 285.991 10
319.025 289.559 1
193.679 299.988 2
439.52 299.904 5
373.17 307.83 9
132.848 313.372 8
251.004 315.914 2
300.559 322.848 5
390.043 323.057 18
437.837 333.083 23
387.797 342.476 5
185.866 351.901 1
182.561 366.274 2
351.951 366.71 16
303.381 372.494 4
194.53 373.414 20
441.968 391.867 1
386.104 403.792 3
244.738 427.001 3
174.493 426.101 18
366.096 437.883 1
107.892 446.759 2
449.853 445.004 16
314.632 472.964 10
449.326 482.747 6
162.891 482.45 21
478.655 493.014 2
392.321 502.872 10
40.2354 505.375 2
161.418 509.437 15
241.727 514.147 2
351.336 516.459 5
68.2714 516.902 4
399.282 524.852 22
379.871 531.914 14
303.293 536.194 7
218.878 553.871 14
465.206 559.495 14
177.856 576.523 1
377.302 579.813 1
28.9096 9.69686 2
107.109 10.7981 1
269.705 10.6996 1
289.174 9.05444 1
318.946 10.7946 1
340.992 10.1118 1
408.477 10.1864 1
436.967 9.43254 1
508.307 10.6948 1
361.858 11.5352 1
52.8915 15.3698 1
14.6911 22.6332 1
28.6378 31.7015 1
63.7771 31.4612 1
207.716 36.6753 4
11.9601 38.2678 1
264.995 38.602 5
561.591 41.8464 1
275.032 46.984 1
222.813 49.3585 3
190.072 52.9345 2
348.257 53.0986 3
363.88 52.5395 1
324.779 53.1069 4
320.182 68.2617 29
262.097 68.7661 4
297.473 70.143 1
285.123 102.335 3
327.474 116.371 12
431.934 112.607 1
157.338 128.92 8
288.606 140.696 4
408.988 142.954 3
306.149 147.764 1
285.028 159.61 2
282.757 176.002 1
390.611 184.18 10
280.813 187.845 3
309.527 191.341 1
162.745 204.245 2
391.762 203.524 6
268.737 208.662 2
197.932 218.193 5
435.439 217.05 6
387.454 225.114 5
269.486 228.658 4
367.966 241.372 11
418.234 241.489 1
438.593 241.953 1
316.974 242.879 11
201.596 245.605 2
249.603 247.215 7
149.304 248.963 3
385.421 247.797 11
442.092 260.591 2
262.432 264.149 1
316.622 269.316 5
204.223 271.17 6
346.085 275.202 1
399.813 277.467 1
329.885 288.922 2
443.628 290.613 3
145.318 293.907 5
365.821 291.124 3
464.38 289.506 6
205.684 294.927 18
260.208 301.067 6
315.546 304.033 9
392.091 304.668 8
145.23 310.824 1
445.837 310.76 1
200.527 313.098 1
368.028 321.791 5
142.626 322.803 17
240.08 322.56 6
255.734 325.841 6
120.46 331.403 7
139.618 331.349 4
201.518 344.357 5
257.748 347.821 3
445.595 347.559 5
317.885 347.991 8
396.98 350.358 2
193.92 359.539 1
233.174 363.026 14
136.573 367.762 16
395.616 362.527 1
452.385 364.365 2
255.729 367.725 2
316.37 372.33 14
371.148 378.337 3
256.726 381.271 2
189.616 385.744 3
239.881 383.194 2
205.534 387.333 8
453.43 388.893 2
129.119 386.391 15
396.58 398.947 6
254.174 404.963 1
186.888 406.537 2
311.38 409.921 3
452.501 408.303 11
425.673 410.849 3
250.563 411.791 21
118.501 417.614 12
568.746 420.334 1
185.26 427.502 4
116.953 434.335 3
251.835 434.54 2
305.87 433.976 11
398.46 434.065 3
182.762 434.746 3
456.339 438.284 2
364.824 446.311 1
312.263 450.167 10
168.424 451.763 1
398.203 452.179 9
189.834 452.867 6
457.842 453.167 1
216.655 461.408 15
114.991 464.063 6
458.865 472.41 4
250.249 476.963 6
178.027 476.421 2
111.453 477.745 2
10.2901 483.562 1
314.435 489.868 42
401.782 490.676 5
275.452 495.039 9
108.926 499.539 1
174.445 497.94 7
474.015 510.022 16
9.85642 515.195 1
106.351 516.039 4
334.593 515.355 3
229.189 522.964 7
408.678 524.761 3
188.846 530.159 3
78.5429 532.896 5
467.838 532.394 1
317.775 535.879 8
251.268 535.239 3
169.298 539.755 6
425.987 543.389 4
9.85769 547.638 1
231.654 547.941 5
248.298 550.161 18
182.869 560.681 2
97.9035 560.986 4
208.257 563.753 1
344.635 570.22 1
475.2 570.579 3
188.978 578.211 1
213.55 579.485 1
318.708 583.968 3
9.64535 586.468 1
402.229 586.759 1
237.883 588.026 1
402.458 63.0755 6
215.819 376.271 1
206.584 425.479 2
393.109 572.923 1
98.4348 22.5244 1
178.348 53.2229 1
267.548 54.057 1
289.049 56.5198 2
315.683 59.2247 1
210.924 75.5207 1
430.977 92.4448 3
312.379 114.315 4
397.004 154.378 2
271.641 164.92 2
196.365 170.707 1
375.919 176.787 1
191.632 197.31 1
150.576 225.643 1
374.378 231.912 3
256.283 236.756 1
306.516 256.052 1
189.765 257.607 3
250.473 265.061 2
132.332 265.384 5
427.837 269.431 5
250.379 290.133 1
309.839 289.274 10
190.464 304.895 6
136.395 305.744 4
434.2 326.449 6
244.169 340.535 6
385.784 348.612 3
434.399 349.82 9
306.613 363.637 1
123.664 373.911 2
180.75 371.216 5
470.283 376.809 1
115.796 404.039 2
173.676 407.807 24
240.964 399.127 6
442.134 405.863 8
301.21 426.136 2
105.917 433.462 6
441.396 434.228 5
172.048 435.373 5
240.198 434.021 5
105.456 453.552 2
443.913 468.798 7
164.515 472.801 8
235.937 480.331 4
297.371 481.558 6
99.514 492.666 3
471.397 497.694 3
386.432 500.919 5
162.96 510.847 1
71.8801 515.028 1
94.3951 518.561 1
181.932 523.854 2
457.975 528.144 3
232.131 545.057 1
462.838 564.258 1
448.623 18.2984 1
270.464 23.569 1
516.27 23.954 1
30.3773 43.9671 1
64.1523 42.5159 1
203.682 52.0787 1
336.805 63.6413 1
401.201 69.0994 1
267.282 81.3437 1
182.362 84.1235 1
331.07 125.888 3
165.612 132.571 2
419.774 143.477 2
317.981 146.379 1
286.729 186.668 12
395.583 182.333 13
441.658 214.376 2
276.452 231.098 9
399.035 233.503 4
156.455 255.789 1
327.217 262.309 6
451.301 265.41 14
152.393 285.987 2
266.256 305.154 1
323.38 318.167 6
398.797 312.323 1
453.073 314.71 4
378.399 326.182 4
145.64 335.299 1
209.02 351.489 2
326.203 358.178 1
403.45 358.807 3
456.702 358.379 5
261.293 362.303 2
143.102 366.474 1
324.914 376.927 4
375.117 377.76 4
136.45 393.291 2
461.534 401.669 2
405.673 409.143 2
321.072 411.35 2
257.42 416.019 3
124.863 432.045 2
194.848 427.35 9
320.878 453.072 5
382.124 455.765 4
195.713 467.204 1
466.729 472.701 1
20.9508 483.164 1
256.812 484.429 1
518.283 488.617 1
323.814 492.242 2
408.088 497.529 1
186.176 494.879 1
281.519 499.354 1
482.494 514.225 1
388.491 523.682 1
254.404 529.412 7
79.1087 534.664 2
326.702 539.087 1
187.006 541.852 2
377.994 553.967 1
426.018 81.7155 1
213.015 393.472 1
404.484 455.027 2
382.279 42.8542 1
164.099 76.5539 1
145.062 231.947 1
128.772 312.568 1
120.203 366.498 4
99.8633 462.95 1
373.513 508.316 6
91.6745 510.17 1
454.107 515.278 2
132.762 39.1042 1
269.363 42.1628 1
46.8677 62.5932 1
289.268 99.761 1
241.084 155.479 1
341.649 153.37 2
440.981 152.653 1
410.156 253.069 7
289.632 251.542 1
469.637 267.813 1
172.485 273.279 1
469.142 318.474 1
218.839 394.501 10
339.442 388.579 3
478.867 415.283 1
273.425 431.179 2
208.831 482.067 1
271.127 485.346 1
500.088 527.656 1
207.7 531.689 2
506.274 54.7281 1
393.286 106.421 1
419.683 360.542 1
148.505 428.717 1
353.696 498.602 1
112.384 333.047 1
84.9468 493.402 1
450.279 509.225 1
84.5001 100.494 1
337.472 111.712 1
486.518 182.182 1
181.894 322.511 1
162.632 423.121 1
339.743 168.174 1
544.345 28.8487 3
559.24 44.7173 4
571.417 58.5623 1
319.741 102.019 1
297.081 153.555 2
386.667 188.794 5
160.869 229.207 14
252.66 240.124 2
399.609 250.128 2
192.273 283.167 16
431.256 294.484 19
206.406 304.749 4
437.973 342.93 7
226.045 354.741 8
310.59 355.572 3
203.076 375.815 2
315.422 495.187 15
393.395 498.216 4
185.654 507.321 29
319.179 522.108 1
283.392 37.3326 6
336.255 43.1358 1
192.655 44.602 7
394.539 53.8068 1
320.243 55.0004 4
281.551 65.6535 1
173.754 81.0579 5
301.512 145.762 2
281.577 157.88 9
276.884 218.567 3
453.257 240.627 4
134.605 275.995 2
464.668 286.459 3
248.924 301.648 8
254.435 322.191 1
189 362.398 5
305.282 431.129 1
112.796 451.105 1
398.165 482.282 1
417.461 483.282 2
465.737 490.027 3
105.197 499.588 8
26.0824 506.712 2
180.953 515.65 7
405.091 524.228 3
332.516 525.367 6
152.281 535.556 8
112.265 545.727 3
93.9954 562.728 2
392.429 299.893 3
433.943 89.3222 2
429.877 256.105 3
360.448 306.357 8
165.418 475.297 6
324.802 506.756 8
459.243 544.951 1
200.969 552.067 10
259.38 73.5299 1
295.369 73.6476 2
306.49 150.901 2
434.231 213.368 5
317.794 247.013 1
439.201 246.064 1
148.158 256.944 5
265.478 254.315 1
442.6 264.419 3
371.492 265.462 1
463.419 295.544 3
314.512 308.179 1
446.386 317.058 10
200.626 317.574 1
258.094 329.671 1
200.152 349.162 3
396.654 355.995 9
315.282 373.279 2
207.811 391.522 4
454.58 393.67 3
399.056 403.411 1
184.392 430.788 3
377.103 449.971 1
192.621 457.506 1
401.362 457.305 2
218.543 462.242 1
250.298 479.02 1
515.93 480.699 5
271.412 168.706 1
374.621 168.805 2
306.784 240.897 2
191.124 263.89 1
431.447 277.467 4
248.394 285.228 9
434.89 343.744 3
244.342 346.081 1
175.559 415.818 27
300.985 430.054 5
443.303 437.001 1
167.226 480.062 1
328.129 132.524 3
420.066 149.59 1
318.385 150.474 1
276.398 240.894 2
395.51 240.334 2
156.463 261.178 1
265.822 309.545 1
399.367 318.004 1
145 343.039 2
455.41 354.824 1
461.372 408.036 1
258.343 420.354 1
405.039 420.591 1
321.477 459.809 1
466.842 468.919 1
396.772 244.263 1
211.703 387.763 1
404.995 451.463 1
289.051 263.317 1
405.46 148.13 2
407.296 157.288 8
407.358 165.045 6
415.524 181.572 12
446.915 228.142 19
386.657 172.72 5
416.278 207.026 5
448.251 245.266 3
383.166 191.868 8
258.057 96.5837 27
303.804 163.918 3
442.305 315.629 2
310.031 199.174 2
200.839 92.9403 2
300.79 220.029 2
250.432 306.26 4
473.166 573.515 4
359.651 517.208 2
347.197 519.093 5
188.431 367.913 7
248.193 491.213 2
160.719 415.006 1
194.426 566.144 1
401.907 57.8088 1
318.638 64.9745 1
304.912 60.9839 5
375.523 154.327 4
272.478 58.105 4
391.789 196.252 5
402.688 222.563 10
374.697 198.809 2
273.864 106.509 8
388.634 219.652 4
451.515 293.673 5
432.339 278.685 4
261.652 132.232 3
397.49 287.107 11
352 261.473 2
169.368 85.9968 5
377.773 304.665 1
540.89 470.013 7
357.107 299.674 10
528.805 475.212 5
267.195 222.9 4
358.207 327.661 11
373.158 340.439 5
191.123 185.806 14
390.216 416.636 16
187.608 224.331 2
308.442 355.891 1
302.776 351.167 4
512.399 569.549 3
316.591 380.781 2
231.62 307.362 15
206.441 282.096 7
314.119 392.897 11
248.702 333.812 1
468.611 558.662 1
366.468 472.753 11
237.472 341.269 2
310.65 421.339 3
317.987 429.406 2
397.585 517.791 4
416.615 551.207 6
244.44 394.388 2
379.367 529.391 3
314.752 471.255 1
353.92 522.879 8
338.153 517.231 13
193.229 371.646 1
313.707 502.431 6
194.855 389.906 11
123.947 330.731 4
317.329 529.971 5
161.773 411.967 6
122.704 470.675 2
181.003 557.651 6
99.6995 558.546 12
60.1999 534.647 3
433.902 83.4624 3
407.409 136.468 6
147.768 167.413 1
149.004 179.542 1
401.335 484.073 2
346.333 102.821 8
385.948 190.666 2
307.091 176.258 2
148.474 119.95 1
193.183 171.83 2
187.71 191.593 7
158.014 171.99 4
250.242 293.627 1
203.577 276.232 2
467.725 547.171 3
134.78 256.691 1
58.9704 513.43 1
386.484 61.8027 1
412.946 138.934 4
407.299 191.827 1
417.272 218.301 7
431.318 233.979 2
426.451 258.046 3
286.38 119.105 2
206.886 72.4187 7
268.598 156.808 5
386.011 274.142 4
298.54 204.366 3
364.048 278.77 25
302.159 229.526 5
437.788 362.528 2
372.145 305.637 3
301.612 248.567 4
357.438 305.869 2
382.019 343.601 5
159.43 124.052 2
313.552 288.945 1
303.092 279.784 1
353.806 333.489 21
264.924 258.756 3
443.273 456.587 3
382.583 398.248 8
348.928 370.626 5
467.218 494.195 11
476.46 505.988 1
446.908 485.898 2
187.352 252.271 6
380.564 479.508 6
372.475 480.355 9
296.637 420.528 8
185.043 332.424 10
221.715 375.746 5
252.261 409.247 2
295.659 460.186 1
130.455 299.855 5
237.115 427.297 5
309.37 507.67 5
121.846 345.813 1
173.35 396.619 8
236.282 509.522 5
106.256 384.166 5
213.529 511.499 4
164.778 465.861 11
232.342 537.546 5
103.168 425.387 4
102.301 446.602 5
157.01 508.418 3
182.976 534.918 2
153.886 537.066 2
96.205 484.634 5
431.81 80.8572 1
308.802 145.466 1
425.728 262.23 4
433.427 334.833 1
199.712 110.284 1
440.52 462.629 5
346.875 373.931 1
151.151 216.375 13
186.646 300.305 12
173.233 401.07 2
192.4 463.205 3
363.919 116.336 9
437.235 216.131 2
391.906 189.955 2
306.198 115.594 3
447.486 268.93 2
287.615 152.436 4
364.845 231.588 2
451.081 321.146 5
313.806 193.099 1
362.181 253.889 3
456.501 362.24 3
320.575 274.419 5
248.627 239.194 7
319.522 317.907 2
463.251 479.037 2
205.56 248.167 2
208.916 266.333 5
403.226 467.056 3
213.625 304.062 2
320.231 417.196 5
258.45 371.527 2
127.065 269.873 2
322.631 499.245 2
116.262 373.838 3
165.884 435.919 6
116.649 471.978 1
114.691 499.371 2
420.822 139.995 1
407.369 228.305 3
288.012 189.014 2
377.854 403.607 3
124.162 312.696 3
161.345 476.993 1
406.128 232.504 2
253.389 158.639 2
285.001 241.797 2
137.598 218.236 3
167.14 260.921 2
336.359 257.25 4
214.512 412.264 2
286.255 257.01 12
503.419 486.085 10
478.48 581.23 1
474.841 562.502 2
467.757 525.537 1
420.866 186.699 6
411.643 174.054 8
373.342 334.986 6
370.324 336.126 1
351.765 319.918 4
323.085 30.5633 3
316.38 232.69 9
314.01 252.028 2
313.711 278.07 1
314.172 386.901 6
309.835 316.058 1
304.65 70.5569 4
295.621 410.39 1
283.451 147.509 8
281.939 162.98 4
279.98 178.16 4
250.744 426.05 7
233.628 455.28 1
177.726 68.9727 4
174.679 74.0524 3
154.666 132.71 4
143.601 256.189 3
139.221 326.524 1
127.568 403.685 10
115.968 427.99 1
116.429 442.431 4
116.836 450.105 8
54.9898 515.34 2
50.0071 18.0522 2
38.084 26.9224 4
549.502 518.195 3
532.152 492.848 1
526.792 488.164 1
497.405 555.374 2
486.753 546.043 3
486.845 495.1 1
485.14 541.036 2
475.086 370.38 2
466.15 280.141 10
466.833 519.69 1
466.332 428.48 11
452.125 232.298 11
439.239 37.184 5
425.446 306.167 5
422.044 104.613 5
421.624 350.9 7
406.015 30.5889 3
407.549 552.539 3
402.595 479.204 3
392.909 421.705 2
391.635 452.887 8
384.542 358.497 9
385.751 314.369 5
384.131 390.373 9
385.465 374.51 3
382.349 295.069 11
380.777 261.653 1
376.13 365.235 9
376.104 572.324 2
364.912 274.309 1
360.308 530.859 3
355.539 448.295 7
352.179 113.369 2
352.292 129.028 1
348.728 378.998 7
327.158 338.157 3
318.476 79.0425 2
317.014 362.407 2
301.316 399.568 15
298.365 450.442 6
299.704 337.185 11
293.172 511.819 2
292.46 62.2087 2
267.084 480.523 8
267.256 504.026 1
247.468 364.209 3
238.241 440.278 5
211.79 453.583 4
205.783 110.516 2
201.384 407.071 1
197.711 435.727 4
193.792 417.998 1
189.443 203.501 2
190.103 572.794 5
186.614 442.156 6
184.693 468.224 2
184.117 461.684 5
174.796 535.02 6
164.259 482.557 1
159.299 92.0011 1
151.67 208.687 10
153.209 197.86 3
148.819 162.949 3
82.3178 522.301 1
517.887 473.431 5
370.488 29.28 4
359.647 333.416 3
249.495 121.901 5
189.081 526.191 2
466.352 511.797 1
321.774 424.131 14
312.411 323.72 7
313.388 348.9 1
271.921 499.965 1
254.407 91.4041 4
248.518 415.89 25
223.334 34.8777 1
202.56 264.55 2
177.192 504.044 3
521.35 476.893 3
484 501.166 4
461.706 428.24 3
455.921 522.116 1
454.169 542.047 1
443.436 448.665 2
443.227 477.094 1
438.81 400.05 2
440.263 429.743 3
437.533 414.181 1
430.637 299.326 1
430.71 320.632 2
427.126 230.94 2
427.391 266.337 1
429.664 350.225 6
398.928 542.974 3
394.186 525.355 1
385.944 323.508 1
387.321 418.681 1
385.624 456.899 1
382.423 402.06 1
379.26 361.93 1
380.509 394.775 1
376.576 434.055 4
373.211 546.946 6
372.219 234.248 1
368.468 149.956 3
356.289 52.5393 1
356.379 455.609 3
346.615 396.299 4
320.926 445.912 1
306.382 110.949 5
307.701 470.414 4
305.527 500.736 1
301.218 541.9 1
296.828 322.462 3
296.655 443.146 1
291.046 159.851 2
284.834 116.175 1
254.149 229.842 7
248.96 256.595 5
244.224 312.757 4
237.85 332.974 12
241.881 352.676 2
241.588 374.104 3
225.732 372.899 1
201.555 104.471 2
189.155 269.034 2
188.608 516.485 3
185.284 205.974 1
184.392 227.675 3
179.33 353.147 5
175.132 394.64 2
173.341 415.856 1
170.622 528.003 2
166.125 428.806 5
147.566 213.351 1
132.007 267.645 1
124.81 322.448 4
121.752 342.746 2
112.325 399.193 3
103.249 542.945 2
90.3024 515.264 4
84.1589 553.058 1
68.6496 529.286 1
428.365 84.6178 3
401.154 64.8732 1
343.699 448.262 6
330.589 116.359 1
231.262 467.061 1
175.934 370.883 10
474.086 514.21 2
461.606 448.474 3
454.341 397.997 2
453.552 413.381 2
451.533 361.128 1
444.285 267.308 1
445.195 317.18 1
400.069 496.857 1
361.089 117.766 5
318.507 271.111 1
317.703 314.998 3
320.66 379.126 1
315.87 455.328 1
314.651 413.603 9
264.472 270.952 4
252.539 416.316 4
157.059 142.134 9
138.452 337.631 1
448.278 499.98 1
429.673 438.201 1
431.488 459.372 1
415.561 268.011 9
369.255 403.21 4
360.94 207.499 1
352.738 307.193 1
355.192 439.325 7
333.968 131.1 1
291.126 232.286 9
290.381 363.274 2
288.352 428.919 1
287.123 471.831 6
239.543 239.086 1
222.518 428.468 12
216.547 473.53 2
177.572 331.39 1
157.601 472.809 3
134.844 221.545 1
418 338.837 1
363.106 495.893 1
343.57 352.535 1
285.429 364.962 2
283.475 431.007 1
274.468 477.263 2
219.662 345.897 7
169.862 256.64 2
166.772 403.385 3
326.956 248.131 2
275.122 250.086 3
324.413 527.608 7
227.033 561.667 1
362.843 420.814 1
220.295 547.399 6
456.884 299.31 4
225.444 522.104 12
321.068 342.111 5
309.14 322.906 1
102.087 526.524 7
228.374 361.737 7
313.361 259.951 6
313.951 242.962 2
404.416 143.91 1
235.885 299.772 7
116.141 330.516 4
150.183 242.65 4
254.004 88.1584 1
465.883 456.989 1
449.031 473.091 2
376.354 510.583 1
389.761 444.048 1
288.63 472.538 1
318.155 434.221 3
310.849 438.716 1
221.384 527.763 2
436.837 298.09 4
218.655 510.7 7
368.453 363.074 3
281.916 410.062 2
273.365 405.771 1
379.609 285.322 6
408.825 239.451 1
302.594 343.296 12
409.293 197.751 2
281.961 248.428 5
383.749 132.588 4
190.874 309.407 3
431.307 61.2647 1
306.963 129.212 2
197.432 161.23 2
324.427 27.6275 2
359.157 328.279 1
367.579 276.427 2
390.625 540.822 1
378.503 545.005 3
430.491 215.376 4
229.548 415.571 1
383.136 256.525 3
189.309 452.708 1
309.18 319.108 1
235.964 381.485 2
412.364 177.842 1
236.199 320.822 2
262.452 250.166 1
109.559 385.424 1
304.064 160.598 3
321.286 49.0703 2
274.9 67.0431 1
453.463 535.037 1
452.966 519.572 3
405.216 541.46 4
384.009 479.675 1
385.862 453.055 4
438.371 395.612 2
303.09 523.321 1
447.551 374.544 3
301.678 494.116 2
350.97 445.035 11
434.687 355.072 1
304.02 468.776 1
430.033 315.215 5
297.121 439.669 1
430.39 295.699 1
232.18 474.704 5
384.858 320.355 1
170.577 522.327 4
338.166 264.027 8
299.339 301.749 1
172.439 412.662 2
400.896 175.326 1
393.912 147.895 4
131.961 252.236 1
194.111 166.21 4
242.313 82.8919 1
449.991 397.979 2
313.448 490.977 1
444.624 352.287 1
395.352 402.885 1
389.007 307.876 1
428.245 207.364 4
252.232 361.709 3
253.899 331.136 1
260.914 258.896 1
350.625 108.358 2
303.436 153.938 7
154.276 136.964 2
432.68 450.957 1
426.562 395.273 2
365.178 431.244 2
370.072 400.698 1
287.495 468.952 3
421.009 324.059 2
289.287 425.578 1
362.314 342.061 5
219.805 472.009 1
418.268 271.528 1
292.21 355.491 5
221.074 423.672 3
412.933 224.58 5
157.457 467.232 1
290.964 324.657 1
223.636 390.111 2
161.359 430.366 4
358.51 225.649 1
392.559 174.699 1
225.283 334.953 6
166.978 398.898 1
173.391 362.41 1
233.072 273.007 3
353.599 147.428 1
178.391 324.438 1
241.876 229.099 1
177.75 254.581 2
119.288 300.113 1
121.325 259.589 1
358.775 340.534 6
347.492 144.53 1
274.22 245.727 2
276.441 209.002 6
195.14 507.472 3
369.702 532.452 4
390.666 56.7071 2
341.159 275.458 3
388.873 288.24 1
194.281 343.903 1
322.446 443.133 3
175.438 537.478 2
394.306 539.212 1
433.503 551.375 1
210.461 80.4287 2
155.497 105.626 1
275.657 162.016 4
379.82 173.228 1
405.527 182.28 2
192.995 260.626 1
248.944 342.198 1
287.39 148.269 1
410.22 146.949 1
268.881 232.469 2
388.224 232.126 2
317.129 260.077 3
374.764 260.529 3
314.066 312.575 1
201.091 320.757 1
369.436 325.437 1
197.886 352.667 1
257.66 353.685 1
317.282 355.736 1
453.76 402.284 2
399.48 406.829 2
395.234 439.265 3
377.499 454.788 3
219.001 468.88 1
516.277 484.778 1
418.865 222.879 3
430.899 281.296 1
176.403 420.796 2
101.589 458.442 3
209.201 229.887 1
392.26 251.597 3
155.491 269.855 5
451.768 271.858 1
323.542 319.96 1
452.988 319.515 1
144.746 351.667 1
208.916 364.316 1
262.758 355.376 1
373.818 384.317 2
325.291 389.024 2
461.538 415.284 1
397.404 253.119 1
210.443 380.084 2
274.522 213.209 1
345.73 268.79 2
252.799 421.059 6
255.237 444.696 6
483.564 116.308 1
384.81 55.7349 1
335.459 46.1629 2
305.546 125.356 1
287.833 115.493 1
418.571 214.875 4
385.424 221.954 2
145.603 146.576 1
306.917 283.236 2
356.529 330.049 1
345.91 329.974 5
512.986 475.729 3
486.193 549.828 1
176.236 388.785 1
312.494 504.115 1
129.616 383.723 1
304.637 546.092 1
230.263 533.443 1
56.0167 539.383 2
258.275 136.302 2
532.783 498.547 1
431.132 208.987 7
466.959 536.379 2
181.729 357.295 2
394.911 530.367 5
428.958 238.052 1
301.521 232.348 1
431.489 339.807 1
435.333 366.414 2
349.72 338.956 1
436.083 417.482 2
440.034 437.379 3
186.15 259.051 2
302.359 366.423 1
462.269 497.057 3
445.634 492.396 1
350.59 442.87 1
130.977 306.71 1
297.987 427.532 3
214.653 467.861 1
164.138 470.457 2
101.795 433.847 1
101.404 453.313 1
112.091 495.221 2
95.0307 493.03 1
324.942 121.293 2
423.14 268.401 6
198.359 113.25 1
265.313 162.164 2
299.205 350.673 1
440.601 466.045 1
372.787 490.625 1
389.726 152.6 2
437.586 211.945 1
286.894 155.426 3
323.286 267.737 3
402.738 234.888 1
368.149 417.098 2
164.852 268.2 2
338.766 248.014 1
445.146 245.703 1
429.158 212.084 2
283.515 151.477 1
140.558 318.913 1
96.988 558.036 1
388.858 54.3102 1
448.528 302.91 5
340.415 44.023 4
507.385 572.807 1
326.546 38.9918 3
493.599 556.595 1
492.744 565.614 3
345.387 124.772 1
359.894 275.324 3
358.201 376.596 1
317.062 342.035 1
297.918 340.154 1
200.456 128.035 4
298.968 461.701 1
149.455 217.908 4
76.0385 33.2217 1
156.446 413.064 3
156.187 456.027 1
169.822 534.5 1
155.848 543.996 1
297.945 402.584 1
243.815 460.166 2
385.597 246.678 1
398.854 467.619 1
317.986 276.49 1
355.989 515.568 1
172.678 84.9202 2
208.968 326.369 5
203.028 341.434 2
207.781 358.197 2
183.337 477.387 2
197.888 553.147 1
114.181 490.009 3
396.886 66.018 1
410.788 217.64 4
422.34 257.093 3
458.206 374.839 1
426.039 323.507 1
432.779 362.291 2
479.146 504.406 1
437.034 431.977 1
366.701 234.32 1
453.412 525.143 1
451.66 544.74 1
365.617 306.335 7
377.23 344.178 2
376.125 398.309 6
294.942 207.269 1
370.638 433.333 7
296.493 226.51 9
298.691 253.113 2
379.808 503.618 1
304.208 289.542 1
307.873 336.442 2
352.616 459.324 1
293.658 319.425 3
360.732 534.642 3
198.288 104.505 2
241.892 258.451 4
294.682 421.79 1
324.076 514.279 6
195.32 129.936 2
243.324 283.942 7
322.436 532.845 1
192.868 151.468 1
239.436 313.038 3
300.682 503.253 3
237.09 336.261 2
235.826 351.731 4
300.53 548.331 1
147.323 103.54 1
234.574 372.294 5
234.909 398.234 2
183.353 255.286 3
185.599 269.523 2
232.824 430.171 6
229.01 479.974 2
229.193 509.839 9
225.673 537.934 2
169.989 422.265 1
127.181 302.145 2
182.078 518.435 2
117.656 345.042 1
109.923 401.558 3
99.6048 427.165 3
98.6176 448.614 2
92.4847 489.168 1
341.473 54.3352 4
240.722 286.645 2
231.742 313.511 3
223.773 379.104 1
223.85 465.695 3
167.488 426.547 1
440.986 217.782 3
330.381 138.812 1
283.479 236.985 2
282.101 298.68 1
209.019 475.415 2
338.803 310.948 14
337.203 373.14 15
334.99 407.679 4
337.849 454.045 3
267.53 482.915 1
380.701 541.711 3
460.155 274.838 1
401.65 216.146 3
321.547 60.642 1
256.195 73.1747 1
95.0358 567.239 1
148.879 271.231 13
172.865 81.0526 1
57.6657 30.9202 2
463.422 571.073 2
412.958 546.456 1
333.853 433.082 2
396.67 145.536 3
374.262 131.742 4
237.535 464.409 8
535.088 496.505 1
216.215 514.98 2
347.691 513.938 1
252.872 515.837 9
260.725 269.104 1
222.987 362.65 3
202.839 326.643 1
204.594 314.853 1
198.03 223.617 1
148.074 282.111 5
151.852 245.394 1
461.017 494.563 1
438.421 472.215 1
438.832 458.281 2
438.978 443.58 4
436.718 428.231 2
449.97 338.874 1
433.525 395.759 1
428.549 353.54 1
379.912 497.29 1
352.977 533.457 6
425.956 319.467 3
426.111 295.977 1
419.042 262.542 5
371.322 363.029 2
346.271 450.534 4
298.211 524.94 2
299.621 496.614 1
292.146 480.236 1
293.04 442.962 1
295.368 302.679 1
226.276 464.664 1
294.269 201.797 1
232.582 395.606 1
302.978 110.536 1
307.143 58.6566 2
182.989 250.225 3
179.405 224.285 4
92.1933 484.871 1
115.946 364.277 2
120.472 322.624 1
128.275 266.197 2
378 206.353 1
393.807 122.753 1
333.533 121.312 1
269.442 70.7916 9
450.37 357.195 1
413.37 144.337 1
409.111 268.747 1
348.457 434.26 1
348.674 343.049 1
344.132 306.251 2
275.137 473.582 2
277.321 357.276 3
334.127 134.459 2
207.639 470.691 2
283.701 233.219 3
212.586 426.925 1
219.821 338.352 1
279.569 105.243 3
228.815 235.184 1
336.283 393.117 1
379.544 114.385 1
270.479 424.499 2
505.041 484.361 2
162.942 547.348 4
243.327 323.093 1
265.189 65.7528 1
203.435 37.4374 1
415.874 531.116 2
415.402 403.359 3
163.859 504.221 1
407.898 235.892 1
479.669 98.5844 1
449.08 412.238 1
447.065 357.219 1
188.979 456.018 1
118.362 419.29 1
212.12 119.894 1
485.062 483.208 1
385.803 491.312 4
314.032 513.135 2
300.04 520.95 2
257.549 478.675 1
294.042 431.012 5
167.831 515.865 1
232.309 470.828 1
428.758 291.427 2
355.629 336.68 2
236.426 394.952 1
374.258 284.391 1
298.3 298.469 1
360.123 247.032 4
371.813 228.07 3
371.254 158.496 1
296.906 197.474 2
131.125 261.853 1
142.416 224.14 3
335.843 387.386 1
165.403 513.738 1
394.377 442.511 1
312.499 403.895 1
321.211 374.772 3
423.732 354.538 2
361.067 395.795 1
285.293 424.944 1
419.841 331.828 2
288.011 351.462 2
220.038 385.087 1
162.995 394.224 1
223.646 329.839 2
355.579 214.492 1
391.085 167.097 1
174.613 316.911 1
230.532 265.993 2
238.209 221.137 1
249.7 154.594 1
130.887 212.105 1
338.287 379.402 3
305.005 299.729 1
99.8787 504.449 1
343.35 537.169 1
350.43 536.513 1
217.178 66.6931 1
428.484 114.941 1
302.23 150.459 1
386.147 148.668 4
195.653 211.272 6
295.738 225.5 1
177.445 247.181 4
374.89 322.172 1
189.967 357.914 2
110.242 466.343 1
169.714 494.297 1
238.45 525.233 2
418.242 109.556 1
275.154 166.12 1
432.196 271.993 2
158.706 134.888 1
410.972 151.008 1
307.948 156.9 2
388.484 179.381 1
385.68 238.474 5
149.335 262.582 5
393.708 310.622 2
400.827 412.732 3
289.55 164.692 1
202.3 225.601 9
192.408 322.084 1
273.376 266.351 1
155.598 285.739 1
391.16 260.245 1
185.945 546.475 1
274.445 155.267 1
436.723 304.674 1
251.924 282.434 1
367.954 391.99 1
180.795 532.586 5
536.829 500.785 1
109.45 492.524 2
432.884 202.636 3
196.529 153.382 1
318.34 238.247 1
158.964 166.893 2
133.636 260.055 1
325.552 500.676 1
322.152 124.677 3
392.747 179.646 3
424.921 252.115 6
429.29 344.665 3
185.789 263.643 1
440.653 450.866 1
236.189 472.268 3
119.671 428.044 2
423.379 260.125 1
323.645 369.004 1
453.429 323.496 2
459.105 417.725 2
115.536 376.99 1
400.395 244.679 1
164.312 282.73 2
377.899 333.14 1
326.573 280.258 1
406.267 254.441 1
357.607 276.445 2
475.647 501.404 5
194.837 164.404 1
386.453 448.783 1
230.532 312.162 3
313.479 444.416 1
306.136 464.064 1
227.317 389.803 2
134.994 246.135 3
376.102 123.532 2
387.912 149.513 2
482.043 479.879 3
365.513 383.527 1
475.56 526.883 8
266.854 278.566 2
163.539 187.598 4
209.926 273.383 3
419.528 131.271 2
425.85 342.436 1
358.104 283.247 1
429.891 368.846 1
439.365 384.199 1
259.463 162.207 1
373.52 346.709 2
300.823 294.891 1
437.119 460.904 1
459.826 500.996 3
242.567 266.788 3
293.029 329.913 1
298.594 344.768 2
298.211 368.863 2
297.876 395.684 5
124.438 307.426 1
323.503 128.519 1
422.445 345.581 1
428.263 392.446 1
293.028 254.881 2
415.255 453.542 1
434.457 474.05 2
330.762 268.555 1
279.444 306.32 1
277.136 365.193 1
217.102 351.478 2
213.668 402.318 2
321.043 279.497 5
208.071 288.256 5
164.331 199.813 3
184.101 455.751 1
448.972 287.297 2
445.77 296.055 1
482.869 488.775 1
353.26 48.0738 1
251.077 35.1851 1
356.381 529.518 2
239.378 461.659 1
234.565 554.669 2
124.002 338.131 2
291.533 171.689 1
163.949 529.679 1
442.184 242.996 3
319.507 304.782 2
317.61 406.156 4
259.47 451.329 7
211.007 294.564 1
149.427 309.159 1
424.307 86.2217 1
405.918 218.796 7
416.8 258.212 2
425.506 361.621 3
431.227 432.198 1
434.711 463.139 1
448.521 525.394 1
448.548 544.374 1
358.507 235.309 3
370.007 344.908 2
366.346 478.568 2
372.176 504.637 2
379.15 546.436 1
295.955 291.487 1
295.752 360.193 1
289.196 418.642 6
312.455 519.734 2
243.354 239.306 1
283.692 463.684 4
297.258 504.487 6
293.956 547.277 1
225.403 429.197 2
180.76 301.326 3
222.241 479.411 1
176.028 353.865 4
173.733 372.821 1
166.87 423.424 1
174.712 519.531 2
419.726 342.017 2
427.164 433.278 1
427.271 485.967 1
349.925 308.646 1
338.376 343.508 2
342.248 444.572 6
363.872 480.434 2
368.432 505.987 1
285.656 293.088 6
280.462 323.425 4
284.844 386.713 1
230.014 243.732 2
226.717 266.548 1
227.842 289.706 2
225.355 317.912 6
223.244 339.408 2
219.312 380.024 3
166.94 247.622 4
176.188 303.719 1
208.559 467.233 1
170.197 374.216 1
272.692 111.424 1
326.427 141.899 1
335.93 451.559 3
343.58 491.682 1
275.452 301.252 1
368.745 371.706 1
403.709 214.932 2
331.357 338.749 1
214.361 356.93 1
96.5855 576.33 1
105.539 526.446 1
98.4785 412.601 3
502.448 568.417 1
498.511 566.89 1
490.544 554.376 2
371.391 570.198 1
348.655 424.215 3
231.891 462.196 5
98.375 480.385 2
114.861 395.012 1
84.7929 27.5913 1
352.521 51.177 1
430.563 119.621 2
320.055 370.286 1
321.346 264.51 1
247.536 555.635 1
177.565 542.279 1
262.742 98.6677 1
211.673 317.232 3
153.325 282.055 4
167.022 116.88 1
162.071 130.529 1
448.614 519.789 1
434.416 457.084 1
432.553 442.258 2
441.896 373.294 1
431.958 427.462 1
421.737 295.185 2
417.073 262.833 1
346.399 534.61 2
367.772 397.232 1
315.976 516.006 1
359.829 229.968 2
354.063 251.163 1
296.361 355.713 2
291.766 384.427 5
335.735 126.926 3
291.752 224.514 3
220.742 476.807 2
301.461 57.8865 1
230.222 332.904 3
243.679 234.713 1
235.049 257.206 7
272.433 71.4301 3
174.354 350.366 1
176.995 248.115 1
338.7 535.507 2
387.481 120.703 1
342.902 250.297 1
280.287 476.731 2
282.851 447.321 2
281.116 302.292 1
212.693 535.553 1
220.795 351.801 7
232.279 259.255 1
269.899 102.101 7
344.131 495.632 2
333.085 274.759 6
336.557 308.184 1
270.595 476.598 4
408.667 528.023 2
396.812 411.331 1
324.534 344.97 3
121.73 422.237 1
136.462 289.329 1
88.7612 35.9792 1
410.27 542.431 2
411.878 400.805 1
374.908 279.832 2
267.614 188.045 1
208.807 550.985 2
400.067 428.816 1
210.607 299.745 4
279.716 70.8937 1
436.323 453.679 2
436.999 436.565 1
376.947 490.185 1
429.572 389.503 3
426.47 346.901 1
289.238 476.155 1
422.933 289.127 2
370.046 340.611 1
343.986 365.534 5
294.786 380.89 3
296.608 352.188 2
357.209 245.127 1
364.174 225.866 1
292.934 297.88 2
357.946 141.677 1
290.014 196.067 3
182.594 326.633 1
246.557 229.281 1
105.114 396.242 2
113.481 361.135 1
299.63 108.432 2
113.054 345.013 2
117.063 318.538 1
123.93 295.38 2
125.943 260.999 1
137.815 222.576 1
367.908 197.721 1
350.73 137.146 1
340.293 384.84 1
340.565 328.743 4
340.274 289.959 5
279.336 263.441 1
280.687 232.402 1
525.031 471.698 2
35.584 513.082 1
143.479 261.357 1
387.231 436.412 1
239.968 469.992 1
382.701 288.723 3
377.109 216.749 2
426.16 98.6422 1
159.066 222.579 2
295.382 143.649 2
283.136 121.029 3
156.357 217.294 3
395.358 226.158 4
484.104 476.795 1
236.845 431.506 1
348.871 362.651 2
232.866 390.062 5
100.076 438.87 1
427.602 273.546 1
375.386 292.733 2
117.595 361.589 1
357.508 239.668 4
186.073 324.548 1
369.552 221.546 1
244.041 275.496 1
251.302 224.713 1
369.59 154.761 1
130.58 256.859 2
263.411 187.205 1
290.373 147.678 1
142.39 218.56 1
285.016 331.579 1
222.438 321.993 1
172.747 304.111 1
288.274 245.131 2
228.681 252.755 1
176.292 259.972 2
367.07 116.329 3
408.825 115.577 1
323.594 115.39 1
206.841 144.166 1
288.748 226.3 5
278.515 226.674 2
312.593 261.672 1
361.062 379.685 1
170.441 490.411 1
262.814 147.804 2
376.747 228.747 1
423.137 232.228 2
446.231 320.783 2
368.513 381.6 3
425.43 189.906 1
299.77 212.579 2
195.761 202.394 2
443.969 382.294 3
258.749 144.193 2
309.599 185.649 2
382.167 406.842 1
265.237 105.001 3
270.389 160.157 1
351.562 270.485 2
299.293 334.017 1
190.693 281.014 1
386.242 428.284 3
299.509 392.684 1
245.526 355.483 1
307.252 511.36 1
171.548 424.993 1
105.42 430.223 1
411.913 133.468 3
290.023 179.107 1
381.27 486.515 1
260.811 315.721 2
322.824 414.611 1
317.221 458.543 1
374.049 403.561 3
183.187 306.493 1
230.57 443.17 1
279.738 239.745 1
294.948 308.597 3
359.756 108.089 3
329.046 277.351 1
471.355 540.404 1
472.004 549.304 1
211.475 357.823 1
186.528 450.214 1
181.443 543.607 1
247.015 53.1724 1
373.185 238.756 1
240.126 449.44 2
295.135 312.847 1
190.102 293.31 1
458.059 394.396 2
464.707 437.304 2
464.771 450.046 1
325.616 272.499 2
213.615 270.572 1
284.155 225.257 1
177.479 336.319 1
291.356 484.36 1
219.123 435.316 1
412.775 296.129 1
413.64 350.534 1
334.707 302.063 4
338.19 347.462 2
277.313 361.015 1
274.433 391.672 1
271.728 427.393 2
171.984 340.024 2
356.45 108.402 2
457.164 423.219 1
324.414 277.871 1
319.488 300.51 2
320.057 385.544 2
364.251 515.902 1
257.863 457.716 1
193.94 384.759 1
190.089 424.124 3
143.813 316.979 1
439.798 54.0984 1
409.16 63.3101 2
426.263 350.109 1
435.112 425.295 1
382.74 323.892 1
377.959 339.958 1
378.73 358.237 2
351.569 329.029 1
349.13 391.248 3
358.056 452.695 1
181.293 41.0929 1
243.074 291.944 4
307.109 503.309 1
325.016 553.095 1
238.895 350.943 2
237.339 406.165 1
120.963 339.521 1
346.155 367.576 1
448.967 259.478 2
248.305 59.348 1
411.903 259.913 2
412.37 274.069 1
413.404 325.9 1
349.589 283.576 1
340.158 340.014 5
278.382 424.467 1
229.482 287.02 2
173.292 335.881 1
338.301 401.1 5
271.465 402.778 2
273.634 515.682 4
482.968 580.759 1
478.379 375.892 2
450.642 331.465 2
441.82 238.336 1
405.231 416.334 1
403.337 467.865 1
390.742 579.357 1
320.357 549.211 1
272.836 239.417 1
231.346 579.94 1
219.927 114.709 1
207.275 310.409 2
207.311 337.738 2
206.45 347.209 3
189.737 464.647 1
137.037 378.809 1
124.502 387.79 1
101.972 411.843 1
427.369 312.472 1
380.503 490.94 1
372.437 389.008 1
365.28 567.798 1
341.87 266.768 2
339.705 528.346 2
293.437 189.284 3
247.965 35.2387 1
240.468 330.982 2
239.644 453.533 2
225.039 530.999 4
225.705 553.634 1
186.872 373.149 3
103.581 419.315 1
438.974 58.5364 1
387.834 33.6103 1
255.782 561.63 2
175.701 239.962 1
451.925 289.982 2
321.433 195.684 1
321.234 406.19 2
321.399 484.68 1
250.891 56.4263 4
360.863 501.893 1
356.65 435.939 1
347.831 232.748 1
348.761 280.406 2
344.655 252.868 1
294.806 516.27 1
284.784 357.473 2
280.262 383.075 1
276.396 402.609 2
274.877 416.694 4
277.963 535.675 2
232.88 237.66 1
228.825 260.073 1
225.681 312.996 2
217.15 425.339 3
212.239 508.228 1
208.363 535.642 1
386.408 117.117 2
354.288 503.409 1
341.988 343.854 3
281.645 518.683 1
203.03 537.448 1
467.211 381.898 1
410.952 530.309 1
400.383 447.659 1
445.204 239.554 1
322.581 401.722 3
259.534 384.558 1
173.847 551.522 2
189.86 413.102 1
264.438 112.859 2
261.458 103.763 1
108.433 527.514 2
167.513 207.491 1
472.901 489.812 1
444.523 442.878 1
325.465 559.057 1
441.874 43.1163 2
229.911 555.206 1
359.75 137.402 1
227.123 408.323 1
225.895 459.979 1
166.566 519.791 1
457.204 409.706 1
333.247 58.6038 2
353.127 429.876 1
396.473 187.172 1
350.711 304.568 1
348.999 226.321 1
345.913 247.492 1
277.803 445.568 1
281.155 379.451 1
285.01 273.004 2
226.639 308.678 1
234.938 231.419 1
173.258 296.496 2
173.674 248.102 2
175.623 224.068 4
347.318 428.954 1
338.943 357.64 3
338.919 272.072 1
85.0323 525.667 1
150.28 279.395 1
145.117 284.398 1
163.631 239.902 1
428.368 278.113 1
246.95 274.194 1
309.956 329.215 1
316.354 206.108 2
148.083 299.211 1
422.755 385.642 1
281.059 470.113 1
284.634 372.59 1
288.309 346.279 2
356.523 221.558 1
362.121 193.134 1
222.808 386.705 1
291.07 268.459 6
156.377 432.69 1
225.583 326.938 1
226.528 303.954 1
346.084 132.489 2
170.391 356.626 1
175.098 320.774 1
238.684 224.125 1
344.136 420.146 4
417.482 317.31 1
341.835 361.675 3
345.284 296.344 4
278.409 368.935 2
343.745 237.827 1
351.764 219.598 1
283.02 311.744 3
256.794 84.5221 1
319.824 514.414 1
384.043 436.385 1
445.49 370.81 2
260.834 479.24 1
358.428 355.719 2
64.5135 512.772 1
129.005 274.247 3
401.462 421.396 3
157.519 164.191 1
428.31 378.357 2
292.125 446.709 2
291.927 414.188 1
368.049 301.816 1
293.848 347.035 1
225.067 382.828 1
229.921 325.805 6
362.164 216.258 1
180.178 319.865 1
236.761 267.818 1
244.143 218.029 1
121.258 290.05 1
124.304 252.617 1
246.71 505.128 1
396.86 222.548 1
216.817 83.0845 1
390.367 484.787 1
388.149 440.654 2
246.303 449.025 1
179.346 380.789 3
228.252 341.248 2
171.248 200.859 2
452.746 458.809 1
303.748 171.427 2
461.486 356.058 3
115.957 355.998 1
184.941 319.732 1
367.852 207.977 1
250.05 216.035 1
129.494 248.577 1
141.325 211.111 1
247.35 389.24 3
384.461 238.026 1
132.028 371.251 1
267.69 261.152 3
306.825 184.133 1
146.944 184.899 1
180.192 428.802 1
435.122 205.778 1
301.733 256.255 1
374.603 214.539 1
303.456 268.994 1
133.148 374.599 2
368.68 288.021 1
183.018 312.555 2
383.081 121.245 1
438.762 235.975 1
399.405 325.385 1
497.097 468.998 1
494.451 481.951 1
462.438 471.784 1
258.273 440.483 1
254.699 503.167 2
416.263 129.195 1
264.226 194.296 1
435.467 410.648 2
300.785 408.232 1
282.929 215.062 3
458.414 406.784 1
214.484 263.425 1
138.835 373.005 1
416.722 309.856 1
418.867 356.586 1
449.987 221.715 1
490.846 474.601 1
402.064 393.359 2
479.057 534.731 2
267.835 275.466 2
151.712 257.344 1
104.456 533.282 1
298.755 280.356 2
352.768 395.492 1
235.153 325.99 2
421.693 127.931 1
419.306 260.613 1
356.697 256.079 1
297.418 249.879 1
296.679 283.358 1
335.642 270.288 1
220.138 264.686 2
337.873 297.681 2
228.045 278.402 2
343.594 408.813 1
277.081 388.355 1
453.126 223.884 1
447.821 256.481 1
172.13 99.1081 1
213.64 284.986 1
260.887 396.171 1
191.442 434.035 1
191.392 469.786 1
363.733 234.996 1
427.841 398.942 1
229.433 425.003 2
424.433 381.481 1
167.816 237.956 4
207.393 463.405 2
220.455 254.73 1
220.72 270.996 2
342.113 377.347 2
280.181 352.279 2
279.571 373.68 1
272.398 399.468 1
212.915 436.403 2
421.409 28.648 1
147.726 316.1 2
454.48 503.925 1
309.077 515.347 1
241.524 254.601 2
172.03 43.7697 1
232.224 440.17 1
186.825 286.572 2
418.434 254.154 1
424.197 301.187 1
421.95 339.26 1
420.834 400.603 1
438.217 448.199 1
423.095 428.242 1
342.239 380.523 1
337.381 458.8 4
275.109 468.01 1
233.173 281.845 1
228.438 314.582 1
209 458.673 1
211.18 541.607 1
243.282 59.6907 1
218.358 247.363 2
342.951 283.925 2
342.709 480.726 1
349.028 501.78 2
277.495 296.915 1
268.375 407.429 1
273.962 445.222 1
282.474 525.637 1
453.73 331.617 1
390.235 565.469 1
333.664 286.854 1
325.354 461.928 1
320.124 479.288 1
255.762 469.548 1
241.587 578.583 1
190.804 481.453 1
189.69 543.944 1
165.508 126.202 1
156.367 281.876 1
148.653 321.813 1
143.006 378.646 2
125.657 423.854 3
112.84 412.341 1
107.076 557.764 1
428.992 360.633 1
373.722 415.405 2
359.389 567.55 1
293.797 305.417 1
293.908 534.372 1
288.134 314.01 5
236.014 311.771 1
226.73 441.105 1
170.808 557.019 3
165.459 440.854 2
406.038 105.93 1
379.676 32.6309 2
351.423 403.976 1
348.559 326.768 2
332.811 377.751 2
334.918 266.758 2
269.953 415.008 2
251.187 562.872 2
219.31 540.061 1
213.596 529.139 1
181.618 186.534 1
252.343 43.6431 1
341.309 280.16 1
341.857 533.633 2
280.344 334.331 1
280.756 515.548 1
324.181 282.092 1
324.495 233.043 1
262.745 379.924 1
332.883 55.2708 1
331.612 64.2641 1
266.645 321.082 1
246.795 324.378 1
182.123 552.661 2
138.842 384.028 1
135.058 404.878 2
156.084 248.786 1
370.306 428.976 1
370.978 392.917 1
293.059 438.029 2
223.667 474.674 1
352.419 532.016 1
353.91 247.708 1
289.42 531.708 1
287.134 437.578 1
288.756 366.48 1
291.306 244.335 1
300.508 43.9181 1
329.84 70.8149 2
342.577 426.938 1
394.965 316.86 1
264.427 324.135 1
264.955 94.6078 2
160.925 243.651 3
446.874 335.644 1
376.633 474.662 1
425.354 291.012 1
295.773 488.503 1
288.447 403.132 1
294.591 244.378 1
182.292 244.731 1
120.175 318.148 1
125.168 289.728 1
133.195 233.852 1
364.493 338.993 1
283.406 399.803 3
343.094 126.843 2
170.289 387.143 2
271.869 468.277 1
277.167 340.931 1
278.824 315.168 2
281.745 270.134 1
210.667 421.949 2
219.081 324.145 2
199.46 430.362 1
109.23 534.459 1
261.381 330.914 3
250.019 328.619 1
314.179 203.123 2
263.062 75.949 1
440.067 422.424 1
362.374 359.208 2
293.8 391.197 1
244.016 271.263 4
271.855 376.957 2
354.572 135.283 1
342.695 232.348 1
346.154 212.259 1
285.95 266.13 1
223.609 300.259 1
259.972 466.009 2
329.613 351.7 1
261.533 393.229 2
205.978 355.665 1
280.838 224.259 1
323.182 77.1003 1
261.988 89.6373 1
442.469 366.679 2
370.361 359.628 1
353.481 206.283 1
257.216 473.394 1
301.746 459.179 1
301.336 196.182 1
375.179 157.599 1
195.481 158.159 1
145.943 304.107 1
291.951 335.062 2
227.302 321.786 1
179.19 309.656 1
120.133 282.67 1
124.418 243.317 1
304.613 181.794 1
218.786 414.553 1
171.954 205.703 2
268.862 185.215 1
141.518 302.795 2
197.177 230.271 2
124.893 283.715 1
383.792 243.62 1
144.299 265.919 2
183.076 416.43 2
314.435 247.678 1
196.552 197.114 2
430.217 330.35 2
290.7 201.321 1
297.514 235.674 1
362.469 295.865 1
247.894 268.522 1
187.453 340.201 1
325.976 412.166 1
182.83 275.482 1
373.459 441.314 1
292.495 404.461 2
422.028 304.575 1
218.195 308.617 1
285.623 110.391 1
141.697 357.329 1
295.288 373.188 2
287.912 458.01 1
415.731 384.271 1
290.508 378.918 1
282.746 413.277 2
371.004 112.122 1
454.576 219.903 1
444 216.337 1
470.227 431.738 1
466.943 445.102 1
253.629 511.764 1
286.434 211.966 1
238.301 248.752 2
294.032 367.652 1
291.369 396.765 2
169.966 455.381 1
281.91 418.535 3
457.305 221.737 2
452.853 254.246 2
264.384 361.837 1
288.273 214.641 1
238.889 244.997 2
340.805 335.081 4
365.019 508.56 1
280.136 485.261 1
356.753 345.051 1
368.732 510.47 1
287.832 479.38 1
345.642 457.114 1
284.382 522.529 1
359.666 522.72 2
253.044 29.5843 1
346.181 406.495 2
346.658 439.943 1
350.281 474.524 1
249.491 578.81 1
356.064 567.884 1
353.533 425.937 2
319.321 30.9757 1
297.697 512.336 1
285.331 534.203 1
216.731 528.907 2
209.334 576.577 2
429.01 42.1332 1
329.272 426.053 1
336.339 55.8674 2
257.548 537.748 1
346.228 357.415 1
454.719 345.978 3
351.802 243.89 1
282.695 336.22 1
179.819 296.287 2
459.066 288.569 1
262.847 520.759 1
327.757 375.756 2
367.051 269.935 1
337.741 68.5595 1
276.508 73.9979 1
154.487 298.344 1
354.707 241.58 1
349.978 240.011 1
378.104 378.442 1
453.503 247.444 1
259.752 446.217 1
146.681 369.826 1
416.116 282.521 1
351.027 352.316 1
286.453 408.751 2
395.484 313.09 1
263.976 397.186 1
393.639 232.675 1
151.613 292.522 1
373.652 465.634 1
228.253 380.871 1
131.78 227.456 2
423.834 389.951 1
287.228 449.317 1
431.697 376.591 2
402.385 171.965 1
117.965 312.525 1
125.613 286.674 1
123.704 265.777 1
359.498 373.602 1
200.648 413.634 1
282.606 228.87 1
202.382 235.373 1
466.811 355.399 1
375.833 315.294 1
238.538 361.017 1
187.823 321.115 2
370.401 216.241 1
464.424 359.632 1
242.169 363.456 1
303.568 264.067 1
372.292 211.747 1
254.215 217.833 1
267.096 179.812 1
151.641 204.639 1
387.315 292.32 1
154.976 148.708 1
463.535 362.618 1
375.994 209.078 1
257.455 220.735 1
