2765 11841
94.615 65.8538 11
83.3464 72.5308 13
67.9539 75.975 13
76.8068 75.2474 7
114.883 74.2198 29
53.9139 77.6773 20
108.62 78.2209 2
129.854 77.0725 35
142.123 80.7209 18
42.4471 84.6789 5
149.53 85.0675 6
32.0601 93.5331 6
152.88 107.197 12
248.638 115.028 3
27.985 124.092 2
428.894 126.43 8
272.802 121.337 34
68.7404 130.105 14
112.683 130.666 5
337.648 128.955 24
349.662 130.639 7
312.217 132.191 2
130.797 135.162 15
268.919 139.7 7
55.405 139.626 1
362.663 140.382 26
323.214 144.362 11
172.768 145.971 15
89.4775 145.682 1
63.1684 149.554 14
355.519 151.127 1
130.218 152.402 3
344.123 152.448 6
323.384 154.705 10
176.798 156.956 12
55.7789 159.24 8
160.517 159.372 14
340.289 159.954 4
409.54 158.514 26
125.661 161.458 14
384.039 163.008 2
96.4879 164.657 14
401.415 165.533 16
81.5138 176.943 19
181.659 176.103 13
9.65012 178.731 1
163.614 181.855 10
81.6168 180.601 2
103.299 176.304 19
406.427 185.175 22
330.295 184.041 25
407.202 188.16 1
7.06289 191.007 1
224.647 189.385 40
255.838 191.727 34
96.6826 190.947 20
139.022 197.099 11
243.63 196.961 5
5.388 199.221 1
281.464 199.768 13
273.051 200.989 4
384.426 200.026 25
174.628 205.207 5
10.1725 210.161 2
74.1233 208.652 5
113.914 209.713 3
399.861 211.147 8
227.383 207.071 22
106.984 213.479 2
93.1416 214.171 9
136.287 217.013 2
104.197 217.491 3
173.579 216.857 7
162.147 217.083 16
260.108 220.088 43
148.109 221.102 12
192.595 219.653 11
285.169 224.178 1
107.353 226.652 24
135.459 226.092 9
328.818 223.011 4
77.7795 227.072 1
85.5447 224.283 4
15.5299 230.165 1
123.67 226.959 19
170.595 229.88 10
227.736 230.442 12
238.557 229.499 43
108.538 232.688 6
210.849 229.48 32
185.644 232.872 10
215.268 236.246 8
68.692 236.953 19
351.305 237.122 17
97.3708 241.331 10
89.454 245.87 1
228.175 246.638 2
166.005 253.067 2
21.8841 253.437 1
187.384 254.972 8
137.081 257.096 18
188.031 266.034 21
112.125 268.59 12
132.225 267.147 12
27.1381 271.557 1
190.214 271.231 1
164.49 277.352 14
28.1371 278.31 6
237.953 280.279 1
137.804 282.679 35
185.335 283.568 14
147.685 287.587 2
168.506 289.372 20
123.951 291.492 1
167.428 295.591 8
109.832 296.887 3
100.002 299.989 27
182.572 306.078 8
190.352 306.344 14
163.438 312.014 1
319.565 315.469 4
317.641 321.882 3
187.131 325.583 1
348.011 324.831 16
339.158 332.042 16
351.159 338.093 20
224.878 344.019 18
135.859 348.093 24
207.262 354.054 25
195.048 359.192 20
5.29492 359.574 1
81.3219 358.956 11
209.226 362.313 2
35.2757 362.172 8
190.458 367.241 13
313.264 370.556 5
96.3777 372.074 15
301.196 375.26 33
321.142 375.216 39
117.468 389.043 6
188.921 399.004 31
139.997 406.742 14
197.735 408.225 4
68.9588 416.54 1
74.8564 421.264 3
208.909 419.561 7
43.4917 423.329 1
81.0025 427.268 10
190.622 427.982 1
85.4635 430.747 3
184.728 432.306 2
175.655 435.14 43
94.7538 440.839 1
191.871 446.888 8
121.876 474.067 28
227.306 477.405 18
111.899 478.804 7
132.763 488.224 17
137.97 489.823 1
245.586 492.502 17
16.6284 494.166 1
267.954 494.558 1
254.022 496.971 36
15.9744 505.762 1
268.879 507.82 12
290.775 511.28 18
159.504 513.003 21
15.2886 516.341 1
163.157 522.553 1
179.393 528.139 26
137.126 530.491 2
307.239 532.366 4
126.396 539.057 2
302.352 537.075 14
299.653 545.948 19
207.631 549.646 1
165.282 549.949 4
159.266 558.262 11
213.819 556.398 16
7.35226 558.368 1
285.432 557.151 13
163.807 562.938 1
269.058 567.987 10
16.9853 569.292 1
208.238 572.919 9
153.51 578.623 4
250.566 578.81 1
6.0248 584.234 1
26.45 584.082 2
135.233 586.101 1
128.848 592.334 1
43.1713 74.0191 1
37.098 77.4889 4
85.0133 80.2033 5
118.595 82.7839 27
27.214 84.67 1
140.031 91.7305 3
30.4122 103.817 2
289.972 107.392 29
144.506 108.441 2
271.138 107.364 4
160.662 109.009 30
46.41 111.801 7
100.068 112.297 4
82.0905 112.849 7
38.4896 112.617 1
9.12953 116.986 1
235.048 120.661 33
43.5242 119.368 5
147.778 120.055 22
279.347 127.833 26
123.566 126.353 3
237.541 125.809 8
172.469 125.912 14
5.68786 128.71 1
261.075 126.316 16
226.993 129.24 6
342.756 135.762 13
180.394 139.084 12
129.66 144.038 19
277.861 143.416 10
321.949 144.193 8
162.353 145.406 1
181.345 148.277 27
224.551 149.735 2
38.2436 151.258 13
331.233 155.436 21
52.1806 150.07 16
165.233 154.579 19
60.7868 155.82 4
350.644 156.38 19
142.193 157.022 11
38.5118 159.582 3
94.0927 158.499 9
133.952 158.599 13
185.947 156.863 12
100.998 159.526 5
149.076 159.455 1
235.418 155.02 6
187.008 162.371 15
274.888 164.795 5
333.274 166.856 11
126.712 167.109 5
226.055 167.236 9
105.886 171.788 9
407.758 169.537 1
306.331 172.35 14
66.3178 173.785 3
167.349 175.675 16
400.911 175.912 4
239.414 174.451 22
187.036 176.847 1
302.856 178.431 14
411.051 177.348 9
91.9874 180.044 14
71.4057 180.196 10
282.731 180.88 7
6.33666 182.78 1
318.84 184.3 14
100.308 186.83 22
180.043 183.997 2
76.5164 184.459 16
112.36 188.032 21
230.204 185.507 2
307.176 186.992 3
412.994 188.539 3
75.6473 194.389 18
335.479 191.411 14
424.079 191.005 3
66.5493 193.819 8
171.766 192.482 8
212.488 193.475 1
184.944 194.831 23
397.441 197.797 14
241.041 195.453 1
11.3925 196.681 2
251.781 202.07 19
300.109 203.158 17
373.642 205.148 8
125.856 205.379 3
350.357 207.003 18
359.198 206.875 3
179.914 211.598 16
69.9144 208.366 4
324.295 209.956 20
280.71 210.55 15
240.584 213.198 19
16.1181 212.591 1
81.6432 213.646 16
290.933 214.895 25
363.897 212.763 5
219.981 213.981 12
349.629 215.135 2
413.832 215.721 3
74.9625 215.776 4
207.914 216.048 4
392.518 216.853 24
166.858 219.101 8
314.059 217.48 10
201.291 221.189 7
80.1645 222.7 9
87.679 220.928 3
18.3271 222.969 1
221.266 223.108 2
114.294 227.505 1
288.364 228.9 11
315.429 227.879 34
139.708 229.507 2
162.888 231.45 25
61.5065 232.748 6
93.0596 231.996 3
127.608 234.469 19
77.5094 234.855 15
112.246 238.112 28
242.199 236.944 1
173.486 239.19 45
60.0384 241.227 16
167.285 240.667 12
120.151 240.445 1
210.297 243.856 13
49.0458 241.818 2
131.973 243.312 4
187.978 243.705 11
320.461 243.222 23
301.265 244.034 4
359.416 246.699 17
158.473 248.029 17
284.895 249.928 4
121.054 252.296 6
177.905 251.694 9
379.759 253.873 1
272.601 256.006 6
303.325 259.935 5
330.304 255.359 1
171.948 256.74 9
375.212 258.115 2
299.921 260.908 3
82.9873 262.271 17
92.9312 260.889 2
102.683 261.849 3
260.004 263.395 4
289.051 263.146 4
179.871 264.904 14
235.128 263.312 15
143.859 264.501 19
155.206 264.651 10
389.396 264.98 2
112.575 266.402 1
195.956 266.045 5
276.18 266.922 3
127.322 271.111 10
215.313 271.334 8
246.608 270.242 7
322.247 270.186 1
160.419 271.027 6
329.336 270.916 1
32.706 272.378 12
242.899 273.365 3
264.584 274.135 1
85.1082 276.313 1
308.965 278.615 8
172.284 278.504 20
75.1658 284.047 8
152.32 284.968 17
259.839 285.987 8
215.022 289.367 9
31.832 292.857 6
136.416 293.415 2
158.171 293.374 15
120.308 298.244 6
177.584 297.283 16
223.743 298.917 5
425.142 296.312 3
114.738 302.18 20
186.91 299.421 7
320.255 303.328 1
242.518 303.891 4
64.0362 307.154 3
154.492 311.025 2
328.146 311.345 24
185.704 315.601 31
107.263 316.842 10
36.7633 321.564 16
176.482 321.341 17
324.804 323.91 53
333.101 322.241 14
358.584 325.209 6
230.452 328.759 4
337.607 330.606 5
206.342 331.063 3
152.098 335.467 10
37.7564 334.394 2
327.629 336.671 14
217.922 339.292 3
157.73 338.563 2
315.353 338.83 4
29.8689 339.507 2
230.302 341.106 4
387.527 343.496 10
345.49 340.431 7
7.84304 343.358 1
199.08 344.494 8
311.197 342.686 7
359.295 348.675 8
29.9941 348.436 3
16.3382 350.156 1
215.388 349.858 6
253.36 351.353 3
330.476 352.304 19
347.494 352.694 6
383.484 350.973 1
186.44 356.437 2
330.008 356.225 3
298.103 358.727 53
337.271 358.821 10
379.472 359.49 3
226.125 364.457 17
299.268 367.061 4
440.33 365.446 1
221.456 367.806 2
196.981 368.365 5
204.058 370.61 30
34.8947 372.34 6
180.699 375.457 4
209.582 377.793 4
293.837 377.163 3
333.047 377.329 13
431.545 376.903 1
325.894 384.645 3
252.368 389.849 25
227.783 389.503 17
296.504 388.402 2
214.741 396.451 1
192.427 399.838 4
200.045 398.54 14
232.414 403.801 14
55.9852 402.166 9
245.583 404.684 19
325.752 405.671 9
253.443 411.484 4
417.753 413.999 3
328.34 415.875 12
217.513 415.145 4
408.562 417.937 4
153.129 417.97 3
146.779 421.612 3
384.915 423.257 1
395.805 423.229 8
200.434 429.853 24
232.433 427.764 10
381.648 429.506 9
185.933 440.552 16
418.725 439.17 2
347.86 441.51 3
173.177 441.976 1
336.293 447.561 5
259.244 451.373 1
327.795 450.837 1
391.447 452.12 4
324.169 456.415 9
353.692 453.382 1
371.02 452.573 2
342.004 458.298 42
248.596 460.944 11
308.965 463.593 34
377.155 462.825 4
427.503 463.245 3
60.2003 464.976 3
351.12 466.183 3
117.662 469.936 6
342.765 469.908 4
304.368 475.429 6
328.638 475.548 4
317.975 478.547 10
238.342 476.931 6
362.834 479.626 14
436.321 479.87 1
391.55 483.01 7
225.431 485.303 23
351.771 483.986 2
237.35 484.398 17
380.449 491.406 10
236.094 494.238 4
336.167 492.268 10
373.391 492.665 1
320.086 494.699 13
436.384 496.47 1
242.688 499.286 13
273.115 500.924 29
371.92 501.965 9
254.628 505.422 21
283.721 505.925 19
380.01 505.31 2
116.2 505.158 5
263.687 506.303 1
409.122 509.205 5
342.99 513.588 20
371.915 511.596 2
269.847 514.435 3
406.597 515.908 6
61.7352 518.471 1
360.114 520.942 5
402.884 524.543 6
188.154 534.194 27
191.432 539.041 12
311.221 538.951 15
132.562 540.099 2
306.561 544.015 10
389.263 544.342 9
165.04 545.333 3
176.888 545.586 1
144.829 550.509 1
203.359 555.573 2
168.066 557.837 14
29.6522 559.624 2
179.312 563.025 4
219.84 562.743 11
436.567 564.223 1
127.108 569.112 9
134.39 569.125 1
31.5569 570.594 1
151.235 571.81 5
232.634 572.288 8
430.501 572.627 1
81.4063 575.958 2
201.617 576.346 2
129.074 576.815 1
145.239 578.633 1
9.67073 579.733 1
425.011 581.557 1
181.894 582.212 1
226.958 583.177 1
246.905 583.574 1
200.833 583.677 1
141.596 585.513 1
20.0729 587.279 1
420.217 588.16 1
30.3802 588.996 1
228.692 589.053 2
5.2691 590.097 1
217.808 589.723 1
235.321 589.323 1
136.332 592.584 1
164.984 593.552 1
98.6661 78.0604 23
431.592 114.701 2
124.026 117.207 12
266.372 118.149 10
66.2057 126.292 3
97.2826 138.425 38
51.3883 146.217 5
121.279 151.272 41
331.602 158.1 10
302.296 163.757 18
142.716 181.635 21
61.1591 185.592 10
351.359 196.95 15
147.827 198.723 5
224.615 205.422 22
93.6694 206.537 18
411.703 225.039 9
279.14 230.235 5
194.338 234.115 29
441.808 248.712 1
372.184 250.705 33
148.976 255.924 24
122.449 262.696 21
225.14 260.857 47
96.3183 274.417 8
291.345 282.227 5
277.836 282.926 27
297.593 281.29 7
241.41 289.125 35
185.722 292.797 16
149.175 302.674 13
132.893 303.771 2
242.517 317.621 9
391.231 316.17 18
242.713 330.156 2
252.058 338.501 3
125.168 349.983 17
175.896 355.587 29
41.4314 357.971 4
72.8481 364.741 5
50.289 365.926 4
79.8309 370.499 9
353.019 371.931 13
184.208 380.143 6
93.6657 383.386 6
100.078 389.207 3
255.127 391.832 10
264.113 397.191 12
332.808 404.481 9
49.8034 407.085 23
321.604 420.764 8
227.758 435.226 45
442.629 441.417 1
224.243 444.418 6
28.6404 448.637 5
362.432 450.659 10
420.545 453.518 6
283.388 468.486 33
298.783 467.201 13
395.942 467.294 2
385.35 473.793 14
145.284 489.217 17
300.158 509.01 3
331.586 513.333 6
170.156 522.754 12
201.856 547.096 18
20.0104 547.839 1
333.167 558.097 1
162.773 568.361 4
176.04 575.592 3
106.401 577.32 2
121.682 586.668 1
303.454 38.7074 3
294.118 54.5004 2
94.8821 66.1207 1
71.8854 106.046 9
15.6838 117.157 1
128.207 119.716 4
273.238 119.887 11
47.031 137.626 7
9.22349 158.303 1
289.301 158.445 1
160.443 162.065 2
101.69 177.922 4
332.693 184.201 1
163.794 188.492 3
402.001 213.347 1
40.0716 216.686 3
156.728 222.876 6
108.389 229.403 1
16.1449 234.877 1
405.716 236.37 9
308.997 237.043 10
177.427 242.7 3
212.235 246.076 2
320.966 259.11 25
87.1328 267.031 3
142.363 287.734 4
169.224 292.727 3
33.6725 297.753 2
98.6864 303.748 4
233.786 306.279 3
355.134 310.276 8
33.6084 314.218 3
315.607 318.174 3
188.273 319.145 1
165.025 327.692 19
31.6323 330.431 5
123.91 335.471 24
351.889 340.338 6
164.744 359.509 26
197.392 359.908 2
285.337 372.208 30
322.243 377.249 13
263.847 378.303 15
210.716 417.446 2
72.2488 425.774 3
85.7565 426.182 3
96.9771 437.086 6
163.635 438.022 2
237.7 441.066 24
247.799 449.44 17
307.245 449.794 18
272.664 474.016 6
228.668 477.303 2
109.375 482.182 3
240.807 487.919 1
281.725 496.159 20
401.491 509.633 2
160.121 514.531 2
158.2 540.407 20
128.346 554.154 1
158.037 560.183 1
213.753 559.459 1
241.179 583.752 1
96.3496 78.9665 1
117.352 87.5735 6
294.53 102.88 4
86.3601 115.413 1
119.313 118.473 17
150.164 118.2 1
140.088 129.954 2
279.043 133.137 18
113.136 141.185 18
136.172 145.575 4
54.7219 150.591 8
183.686 149.699 1
234.067 151.332 5
20.6672 150.981 1
166.241 151.305 1
422.699 156.135 1
353.688 161.622 3
68.6108 161.813 2
92.8203 164.68 7
136.116 164.236 4
188.211 163.393 1
121.563 171.786 9
169.999 175.623 2
257.406 180.435 1
401.279 180.282 2
417.911 181.06 1
288.836 180.761 8
96.7643 189.027 9
135.107 195.079 13
177.379 192.224 5
336.086 193.987 2
55.8074 197.477 10
67.87 199.519 6
401.46 201.95 3
150.925 202.601 4
374.323 209.24 1
327.471 210.294 2
250.086 223.037 9
88.9385 224.949 2
68.2528 225.897 20
223.501 229.674 5
164.173 234.205 5
330.355 230.946 5
252.314 237.404 11
398.937 236.522 1
81.9602 239.675 14
27.1501 237.052 1
59.7759 247.524 5
322.291 245.747 1
361.212 248.711 5
132.937 251.924 6
288.672 252.441 1
175.496 256.89 2
347.11 262.751 23
381.193 262.582 1
303.3 265.545 4
237.53 265.587 7
158.136 267.236 1
253.485 271.514 3
327.944 275.557 2
38.2005 277.984 2
96.6052 277.777 1
365.273 280.528 3
210.004 280.886 36
219.001 290.292 9
68.3352 294.623 1
181.982 296.623 13
200.557 301.873 5
117.74 304.379 7
184.048 309.521 1
68.6998 311.39 2
42.2673 319.118 1
325.172 325.621 2
363.348 329.679 13
14.4349 341.756 1
408.886 340.874 2
235.029 344.616 2
313.137 343.859 3
33.967 345.921 1
219.6 349.147 2
122.94 354.465 6
105.216 357.194 1
142.954 361.448 3
226.597 369.392 13
37.5571 374.324 1
354.84 375.31 4
333.924 380.912 1
435.789 379.096 1
309.896 388.557 9
256.032 392.329 1
237.444 398.056 4
63.1879 404.317 1
49.5192 408.591 2
132.459 414.458 10
338.071 419.014 11
323.818 421.923 2
401.035 424.599 2
151.224 431.476 9
382.491 433.606 3
63.9671 438.724 1
190.849 439.096 4
374.983 443.649 2
230.592 449.621 5
247.684 463.292 1
311.133 463.9 2
428.964 467.204 2
286.358 470.748 4
349.316 471.961 3
63.5456 470.315 6
387.711 473.385 1
51.6089 476.194 9
186.673 476.269 1
322.737 481.562 6
364.318 485.016 4
396.684 483.87 1
125.5 488.111 6
222.043 487.096 6
149.699 491.586 10
62.3735 498.857 3
334.675 496.292 6
378.157 496.84 7
403.582 497.917 2
320.673 498.112 1
184.436 499.621 2
119.285 506.53 1
254.053 509.44 3
286.212 509.744 6
98.8007 513.021 16
306.551 518.108 12
409.719 515.164 1
336.599 516.738 4
49.7126 521.461 1
173.376 526.979 9
365.914 524.464 2
350.726 532.291 2
144.235 539.487 19
312.401 544.645 3
197.842 549.228 3
390.589 548.079 1
136.302 557.055 2
169.696 560.279 1
298.108 560.562 1
336.259 559.324 1
184.89 562.977 2
40.0148 567.835 1
434.504 574.073 1
224.341 576.23 2
110.181 576.842 2
172.869 578.628 2
80.5134 580.27 1
204.288 579.063 2
126.179 585.204 2
229.385 585.409 1
182.888 587.454 1
250.567 587.946 1
164.376 112.534 5
176.512 129.25 1
245.943 170.06 9
177.467 213.81 3
425.47 219.645 1
196.556 241.654 22
246.602 291.381 12
416.272 314.885 1
243.753 319.386 4
391.824 346.957 8
263.956 404.758 10
66.8904 408.666 5
426.967 420.351 1
205.948 430.698 33
31.8354 486.732 1
242.487 503.717 1
19.3821 535.995 1
215.073 547.281 9
125.895 72.6335 2
279.413 114.663 16
338.677 123.418 3
371.82 138.649 1
411.342 153.749 1
281.129 162.365 12
99.079 171.431 4
51.8467 178.648 2
402.969 187.789 1
137.841 203.276 3
64.8677 257.261 2
325.019 262.223 1
83.2125 273.229 2
137.623 288.936 5
163.811 292.03 3
352.858 301.592 6
33.0942 311.111 1
31.6208 335.801 1
142.214 346.827 1
210.571 344.808 4
164.489 364.456 4
173.403 379.346 12
284.858 379.427 2
210.019 408.54 24
133.272 421.172 1
175.294 431.097 3
156.254 438.872 1
327.349 441.19 7
119.358 476.834 2
257.275 493.94 3
155.684 519.127 2
202.523 532.068 3
120.781 94.4799 5
55.0317 98.766 1
305.966 102.136 1
168.43 112.738 1
112.758 122.201 3
238.85 128.642 1
31.2733 142.288 1
288.695 139.164 1
146.019 144.266 8
338.63 146.126 16
86.035 162.938 6
242.605 162.372 2
356.337 173.489 1
56.4124 200.608 1
189.91 205.127 10
409.617 207.817 1
157.763 211.186 5
247.134 218.308 1
369.467 216.469 3
201.336 245.211 13
259.908 245.019 4
225.148 273.328 12
45.1099 282.672 2
282.73 286.664 1
130.476 311.211 1
209.654 312.074 10
50.7003 317.91 1
328.602 328.857 1
370.582 329.889 1
394.103 351.07 1
46.859 356.679 1
123.646 361.385 2
187.105 359.418 2
305.477 359.331 1
234.646 368.717 4
310.688 396.525 2
54.8804 417.478 2
423.795 422.409 1
203.849 437.473 2
239.993 435.47 16
311.064 469.335 2
407.638 467.335 2
57.6963 476.495 1
161.768 491.671 1
120.364 496.489 1
86.1745 502.323 1
274.445 514.993 3
381.058 527.638 1
413.653 525.136 1
169.881 535.57 5
148.053 551.804 1
227.984 557.767 2
197.884 559.916 5
308.908 564.681 1
57.3647 570.544 1
171.501 114.619 1
308.611 206.898 4
383.196 283.661 1
93.052 296.935 1
256.922 299.916 2
272.93 414.441 3
244.943 512.753 1
71.7201 71.4027 1
142.295 70.3459 1
305.626 68.7542 1
284.658 115.394 9
385.5 197.281 1
223.886 334.178 7
396.713 400.773 1
395.095 453.592 2
258.593 487.304 3
144.27 522.57 2
331.84 92.9759 1
63.4029 114.262 10
260.54 161.884 1
302.328 155.568 2
158.499 171.96 2
38.2169 184.04 1
207.077 185.041 1
111.476 218.293 2
319.208 215.874 1
54.4723 267.284 1
107.592 292.55 1
274.339 311.663 1
143.985 324.091 2
373.365 343.545 1
209.623 389.52 1
303.022 421.552 7
79.9369 462.221 1
317.245 483.816 1
43.667 520.424 1
264.543 526.937 1
103.567 402.655 1
288.675 88.6263 1
223.233 335.637 2
216.549 475.74 1
92.9232 136.548 7
302.519 336.554 4
92.8862 409.013 1
421.73 104.802 1
358.447 137.917 4
179.373 168.956 10
264.285 191.244 8
179.124 196.672 4
95.4619 243.227 1
149.37 268.653 5
131.595 287.811 4
219.529 359.709 6
22.093 370.86 1
289.449 370.431 3
44.9121 371.473 1
110.428 383.798 10
50.1385 398.294 4
134.051 401.81 1
65.0841 411.786 3
146.983 410.993 7
215.16 424.953 3
167.578 429.293 19
148.877 564.048 4
303.8 48.5342 1
134.479 86.028 8
60.8636 112.465 1
35.07 123.918 2
157.962 129.918 6
136.707 129.261 6
238.406 142.492 9
258.234 152.191 5
184.668 161.477 1
141.818 167.643 2
252.059 180.091 1
216.132 205.461 16
141.179 215.43 6
244.413 224.089 4
260.704 230.892 17
94.3635 234.943 1
325.018 232.835 1
393.851 235.342 1
307.224 235.262 8
333.501 256.353 1
98.8958 315.896 16
139.411 331.676 8
193.908 377.527 12
308.056 385.005 4
208.895 398.766 6
340.705 415.142 3
249.542 429.712 13
86.1997 439.429 2
371.923 441.867 5
175.709 451.026 7
94.4645 446.829 3
194.064 454.29 5
243.413 458.012 5
179.751 469.336 4
219.25 481.173 2
54.6762 494.413 4
179.097 494.838 3
373.32 496.043 2
123.917 501.427 1
144.239 531.36 4
383.216 557.614 1
127.266 248.469 4
322.595 274.72 7
263.832 396.309 1
116.844 401.226 2
423.212 415.315 1
210.215 429.342 4
177.712 528.612 1
274.514 89.1184 1
109.005 156.97 4
164.115 191.035 2
195.847 215.513 4
356.635 310.314 1
173.535 377.202 2
59.9814 401.393 3
209.99 409.143 16
290.635 453.097 12
353.906 513.86 6
141.54 526.817 1
140.871 134.48 1
280.89 150.607 4
348.369 165.126 4
135.853 167.444 2
114.239 191.848 1
323.942 194.111 1
371.966 211.437 1
236.791 223.577 11
335.167 220.556 10
226.327 239.567 4
62.417 249.728 2
148.295 259.207 1
302.736 270.072 2
381.556 266.829 1
325.395 278.423 1
95.6333 281.482 1
218.418 294.85 1
174.785 302.632 13
200.689 304.687 2
98.9712 317.62 5
391.261 321.11 2
98.4572 387.385 3
236.988 401.795 2
341.731 424.529 3
325.221 425.023 3
63.9705 442.996 1
87.1598 443.181 1
402.919 464.58 4
348.185 474.944 3
364.928 486.771 2
228.473 492.535 3
48.0818 524.036 1
366.495 528.124 1
353.056 535 1
142.686 140.37 12
339.152 148.703 2
184.251 202.425 1
383.954 269.113 2
80.9413 294.7 2
389.273 518.148 2
368.826 133.403 1
222.551 185.586 1
136.087 209.417 1
279.86 378.457 2
171.779 385.048 2
130.704 425.543 2
154.989 442.644 1
243.555 441.466 2
235.766 471.997 6
107.822 133.284 4
289.743 143.144 1
150.247 153.22 10
356.129 179.589 1
105.885 202.102 5
257.243 249.868 3
152.783 259.294 1
220.724 276.55 11
131.872 315.4 2
206.205 320.637 4
187.793 363.566 5
124.689 366.193 1
231.36 373.109 3
204.047 441.262 1
152.598 163.245 5
258.464 305.338 1
275.073 416.859 1
410.332 82.2912 2
301.839 164.978 4
298.997 220.542 11
107.514 65.3323 9
111.543 74.2895 1
256.876 223.954 1
241.634 251.12 4
180.345 212.81 2
148.315 193.329 3
191.737 249.272 3
141.613 219.584 2
73.9251 197.011 4
121.111 270.659 3
177.456 359.425 5
203.248 383.542 5
209.844 409.266 1
279.831 500.801 4
39.6248 303.792 4
159.61 422.891 2
165.451 506.549 2
226.437 565.372 3
156.112 500.358 5
160.521 502.277 1
139.241 481.44 3
151.089 495.13 3
29.8728 378.08 2
116.76 545.287 3
22.8808 476.73 1
418.494 154.596 2
406.039 234.522 3
388.391 244.127 4
294.3 170.598 8
240.004 136.901 9
347.36 250.209 7
318.255 252.819 6
269.401 206.443 23
144.896 89.2916 14
153.293 106.083 2
220.369 174.456 3
308.612 262.648 5
251.646 220.01 4
181.343 174.688 1
237.463 238.086 4
103.378 109.316 1
51.0146 86.7942 3
186.222 221.683 8
139.49 191.107 4
205.109 265.704 3
313.342 386.056 8
386.879 470.447 1
235.753 326.745 2
160.758 259.582 10
286.318 392.126 2
305.305 418.162 4
195.739 313.861 1
167.598 287.082 1
140.484 279.672 4
187.645 345.312 22
164.252 322.329 1
261.648 434.364 6
41.1829 224.42 1
207.447 393.756 4
171.229 370.426 14
324.369 527.296 5
175.962 380.332 3
114.918 323.933 21
196.995 416.355 5
189.999 411.344 6
86.311 316.441 3
325.124 555.146 4
327.535 562.966 4
267.222 505.555 1
295.199 556.842 2
152.544 426.111 1
133.088 410.11 1
33.194 327.888 3
148.09 502.811 5
153.051 510.301 6
220.095 571.671 2
141.161 497.777 10
56.4989 431.187 4
154.824 549.894 2
338.506 218.66 2
291.869 182.606 4
348.937 262.286 4
346.882 282.063 6
374.477 317.007 1
139.283 125.091 7
229.844 276.294 8
80.8729 143.011 7
231.857 302.485 14
264.47 392.821 1
354.384 513.165 7
271.243 456.522 14
123.908 332.081 3
303.876 533.104 2
139.712 480.137 2
182.375 559.692 2
309.238 53.1545 1
284.523 70.9918 3
346.133 211.141 3
293.192 219.224 4
243.331 175.849 1
279.628 217.7 3
349.296 343.088 2
207.588 283.201 5
330.985 408.357 1
44.1199 139.507 2
150.103 246.019 3
75.9531 178.421 6
195.198 329.785 4
53.7911 202.551 3
227.527 392.548 3
274.1 490.619 4
296.402 549.433 1
50.2029 480.729 5
316.743 146.262 8
329.912 171.573 1
368.831 211.397 4
331.8 195.567 2
276.013 150.66 3
291.881 177.99 5
323.122 225.607 1
244.86 207.795 11
116.621 171.148 7
80.6079 148.127 2
184.39 264.106 1
228.418 308.496 2
214.807 295.583 1
55.3175 167.012 4
242.646 360.149 11
59.1482 189.523 3
341.451 474.591 4
68.3914 213.07 3
136.382 284.558 3
100.337 252.815 15
185.429 349.378 10
193.145 362.457 1
203.606 375.579 3
340.517 515.345 2
81.7917 266.143 5
159.335 363.075 7
328.469 532.685 4
170.137 375.879 2
121.466 330.117 1
266.494 474.506 3
187.937 415.713 3
224.607 450.59 1
281.209 508.882 5
300.016 535.719 4
249.109 507.902 4
114.777 472.344 12
175.981 532.785 3
153.134 513.109 6
121.23 488.851 1
237.867 149.007 3
344.644 292.643 10
204.353 302.464 11
101.466 280.5 1
156.828 491.456 4
343.359 126.375 3
318.3 264.212 1
165.804 120.245 4
345.601 344.867 1
190.742 210.487 2
193.034 281.7 15
274.9 381.759 2
172.537 433.898 3
346.459 178.776 1
237.03 132.754 1
240.135 153.716 2
257.313 246.66 1
322.9 333.026 3
255.142 294.096 3
218.907 273.251 6
120.291 206.247 7
267.969 410.631 3
183.809 361.282 2
147.952 371.463 2
199.137 442.403 9
143.687 438.609 1
327.696 289.022 1
200.592 194.128 8
413.307 95.9179 3
397.334 203.406 4
364.42 335.378 16
360.82 193.704 1
322.921 136.657 4
289.987 362.83 8
274.309 133.477 7
245.42 225.698 1
225.866 560.505 1
190.818 433.704 1
136.166 273.147 2
120.906 565.144 1
109.445 143.555 1
93.1473 190.579 1
74.0138 148.272 5
35.1438 282.74 4
35.9813 98.7735 1
36.1031 115.476 1
28.2412 259.453 4
416.41 486.95 1
388.351 158.412 3
380.184 332.23 3
378.014 550.688 5
377.028 343.637 3
358.962 459.484 1
354.847 146.134 9
355.391 156.506 6
350.713 249.199 2
350.642 281.215 3
347.919 135.56 2
339.263 357.811 2
325.683 131.467 1
316.007 360.269 7
315.476 324.534 2
312.051 248.364 7
289.862 525.015 11
285.466 125.771 4
281.423 355.16 6
273.404 454.7 1
270.699 469.791 5
269.273 444.909 2
260.208 511.332 1
245.167 359.056 3
241.578 124.889 1
239.356 338.909 2
234.851 320.227 2
222.59 122.591 1
219.852 131.367 4
218.475 159.776 8
218.296 140.508 7
217.155 317.22 4
215.122 262.785 3
210.902 217.415 1
209.121 206.16 2
206.146 425.513 1
199.024 286.596 3
188.54 336.497 1
177.166 188.892 2
174.457 540.358 6
154.457 233.532 1
148.796 540.284 2
143.377 98.9741 3
139.902 574.872 4
126.807 481.264 1
115.201 166.74 3
113.439 332.917 6
112.583 155.702 1
104.491 92.2419 5
102.489 75.1059 2
97.4529 205.259 2
86.7582 140.271 3
86.657 166.123 2
81.0215 232.818 1
72.5474 257.205 1
66.024 376.822 2
62.9638 314.83 1
55.3868 283.517 4
50.8948 182.714 3
52.7325 346.399 1
44.0184 151.676 5
410.368 495.592 4
394.78 346.398 2
378.23 322.358 5
322.541 373.04 2
260.359 217.416 8
198.761 233.182 2
159.639 134.328 6
105.025 250.208 1
54.8384 85.4683 2
40.2807 180.555 1
388.534 551.096 1
378.7 200.801 4
372.029 446.664 1
356.944 191.526 2
332.667 128.533 1
289.816 458.155 1
197.071 254.204 4
161.478 249.751 1
133.37 147.305 1
133.05 558.32 1
119.52 173.118 1
107.173 481.407 1
93.5501 303.099 3
348.807 339.778 1
346.642 142.787 6
346.199 285.153 2
327.942 497.57 5
318.397 373.131 4
306.856 327.402 2
293.907 545.835 3
273.477 146.263 2
268.96 501.222 1
260.345 234.521 2
244.845 118.921 9
249.049 206.579 5
240.749 362.029 1
238.607 144.656 2
235.389 498.627 2
223.044 448.027 1
216.191 162.979 1
187.423 411.271 1
168.324 372.543 1
150.477 241.185 2
120.878 302.904 1
346.087 516.361 3
155.933 163.16 3
147.647 307.375 1
146.298 135.994 4
130.03 105.483 2
326.442 125.942 6
330.851 483.257 3
297.146 111.033 12
295.403 361.687 2
287.826 450.965 2
268.392 377.147 3
249.947 490.921 2
244.729 324.294 2
236.746 171.183 1
204.333 408.315 3
183.667 206.805 3
161.096 116.121 1
150.723 210.055 2
123.037 75.0873 1
313.458 199.783 1
305.518 469.766 1
301.006 152.793 2
274.392 168.478 2
270.876 114.162 1
268.302 242.887 3
220.026 270.441 3
178.629 355.641 2
172.483 308.103 10
152.023 171.014 2
135.679 310.307 4
265.188 244.797 2
151.135 526.19 2
370.67 197.668 1
50.5565 484.487 4
276.647 215.291 2
316.458 173.038 9
103.727 306.258 1
169.254 209.915 2
224.19 140.379 2
82.9554 253.463 5
38.1516 294.39 1
74.5341 239.218 1
65.435 222.518 3
111.295 169.302 4
94.6329 150.552 1
71.0597 153.737 3
43.1807 145.518 1
90.5707 78.8962 6
74.5435 81.5149 2
68.1534 81.9044 1
383.497 537.382 2
395.785 516.24 3
415.36 445.042 1
407.616 451.896 1
364.569 493.262 6
396.531 457.36 1
387.004 459.712 6
371.294 466.384 8
417.955 405.128 2
408.425 406.958 3
364.699 436.566 3
373.219 428.593 3
222.828 564.529 1
212.61 575.678 1
343.168 432.753 7
349.698 423.945 6
168.955 530.458 3
330.878 367.759 1
158.959 526.01 6
290.322 382.937 4
324.334 348.833 1
222.262 441.184 1
295.34 346.869 6
220.783 423.389 6
289.729 353.711 1
325.075 299.601 3
216.685 380.871 6
298.624 273.695 2
211.961 341.705 2
296.939 252.92 4
282.632 269.799 1
292.54 256.54 2
269.09 273.545 4
281.634 260.288 6
289.597 240.526 4
250.726 279.062 4
274.459 247.266 4
306.237 211.418 3
175.932 342.402 3
266.51 252.819 3
110.149 390.381 1
290.517 200.037 1
150.486 339.939 2
350.967 137.823 1
207.889 269.424 1
275.078 176.669 5
148.792 264.521 6
207.329 202.12 3
199.515 211.342 6
232.676 173.206 1
229.662 162.076 3
154.349 229.722 3
249.626 131.582 5
219.035 150.626 4
67.1877 301.664 3
66.416 285.897 3
73.6959 277.062 3
111.172 205.843 3
136.335 175.392 2
99.4526 209.197 9
156.386 146.216 1
167.554 133.697 1
160.273 135.214 2
149.803 135.614 1
112.882 150.313 1
94.4653 105.593 3
101.969 71.8595 2
390.156 442.336 4
381.571 449.465 7
279.474 494.31 3
327.25 442.244 2
393.726 336.142 1
226.978 278.603 4
137.519 114.078 6
401.461 531.9 5
329.743 404.461 1
258.656 376.787 2
342.815 206.729 7
325.899 180.267 1
78.1368 422.225 1
196.645 300.813 1
249.662 235.712 1
330.578 125.668 2
64.3699 226.86 2
64.5491 162.715 1
62.0193 125.92 1
108.981 72.3947 2
390.724 515.374 2
350.03 515.23 1
358.999 492.675 2
294.607 541.982 2
368.12 465.251 1
301.542 447.832 1
314.995 390.952 4
348.901 335.75 2
296.17 373.311 1
294.395 341.492 1
308.598 320.822 1
277.292 354.144 2
128.74 488.032 2
239.631 356.717 2
381.519 196.512 1
167.594 369.177 1
300.245 235.21 2
183.702 313.286 1
349.078 143.304 1
154.617 304.149 8
163.332 288.849 1
303.081 124.722 6
98.5486 298.39 2
150.194 235.772 2
216.099 157.263 1
251.305 121.855 1
260.055 99.7572 2
175.261 170.739 2
61.2688 282.618 1
102.087 226.112 1
155.916 159.615 1
54.5377 219.148 2
95.1235 167.372 2
77.5238 175.009 1
80.9964 138.093 1
88.867 105.869 1
85.6514 64.2325 1
336.775 424.158 1
320.982 432.695 4
290.742 450.006 1
366.834 340.123 5
281.428 373.258 8
296.987 235.13 3
221.414 296.631 1
107.213 286.612 3
232.086 506.401 1
257.913 410.044 1
292.815 355.088 2
222.574 377.535 3
239.229 293.022 3
362.001 132.762 2
288.99 209.996 2
321.868 116.433 1
125.289 308.375 2
282.788 138.026 3
233.946 165.124 4
180.383 202.609 2
247.806 475.404 1
237.956 433.436 1
290.285 324.299 2
178.805 352.156 2
155.528 370.259 1
295.946 206.291 1
332.986 144.233 11
173.359 302.641 2
242.212 213.189 3
300.849 149.719 2
139.126 311.169 2
268.249 153.315 3
115.105 278.452 2
204.896 161.652 1
152.017 175.304 1
117.034 196.129 4
110.572 147.436 1
109.661 122.135 1
241.844 473.823 1
245.729 352.129 2
250.042 247.631 6
260.48 140.608 6
69.6012 142.09 1
251.501 226.977 3
107.09 320.367 4
181.84 330.95 5
308.297 375.358 1
130.418 550.29 1
298.7 230.512 4
22.9217 235.389 2
259.651 266.809 1
288.862 268.287 1
81.6762 282.068 1
195.147 321.371 6
30.4588 344.673 1
337.864 343.575 2
367.981 359.916 1
324.628 387.617 1
111.36 396.955 1
26.3789 425.943 1
162.653 454.729 1
391.309 456.925 1
59.2215 468.156 1
48.8302 472.199 4
304.191 480.016 2
193.846 481.875 2
360.753 509.465 2
383.307 511.187 3
408.062 512.094 1
165.408 525.477 1
346.632 532.362 3
234.752 148.306 4
183.824 279.514 2
422.168 418.556 1
141.961 483.665 3
41.5855 235.505 2
228.789 243.028 3
357.244 302.618 4
232.966 309.831 1
250.07 447.71 2
274.15 483.358 3
51.3008 96.539 1
298.471 100.793 1
231.024 130.133 2
336.314 147.147 2
73.6202 163.405 1
349.531 169.854 1
116.286 196.163 1
320.312 197.607 4
400.529 207.204 1
249.567 242.79 2
65.4451 253.055 5
224.604 266.721 3
322.983 281.993 3
217.634 300.18 1
176.076 303.947 1
120.636 309.635 1
43.1829 315.204 1
100.001 321.59 1
199.229 317.39 1
140.76 341.787 2
233.738 350.213 2
118.557 358.08 3
226.655 372.028 2
84.904 381 1
205.731 377.008 1
345.576 399.888 3
236.24 406.024 2
48.9547 416.736 3
342.839 426.569 1
73.3664 433.291 1
87.5396 446.836 1
61.785 503.182 1
304.2 207.882 1
247.759 295.76 2
89.1916 170.486 1
317.249 171.045 1
168.376 384.002 2
154.152 448.152 2
191.396 196.133 2
351.759 233.814 1
152.046 252.465 2
202.21 250.986 2
224.541 282.197 2
96.1405 295.509 1
257.438 311.766 2
130.824 322.282 1
328.681 344.329 1
338.952 295.332 1
169.107 314.883 4
53.8252 395.648 1
70.5974 411.277 2
75.1099 416.012 2
291.245 100.959 1
247.617 146.741 2
392.393 263.147 2
238.125 187.827 2
57.42 164.4 1
105.116 199.212 1
42.5645 154.446 1
283.325 407.538 2
348.162 528.824 1
341.982 526.849 1
197.166 448.987 2
75.9763 494.716 2
135.176 551.627 2
285.253 157.512 1
390.513 340.728 3
186.101 259.779 1
153.558 555.328 1
155.9 97.0135 8
88.6601 69.6475 2
121.354 267.63 1
343.292 480.122 1
267.013 491.544 1
189.92 533.411 2
150.97 519.31 2
298.143 96.0734 1
343.485 167.336 3
314.291 155.525 1
277.978 134.52 2
325.672 198.312 1
307.661 197.501 1
76.7126 152.263 3
132.521 199.224 2
181.082 267.98 1
302.771 395.626 4
77.8207 242.739 1
163.185 331.778 3
78.1685 291.007 1
158.765 365.289 2
168.752 379.724 1
253.967 442.501 4
292.25 470.214 3
136.594 365.852 1
280.192 513.847 4
127.03 417.74 4
150.064 479.396 1
305.438 203.087 3
107.102 127.884 4
160.395 488.937 1
272.075 377.586 1
107.448 347.794 1
303.141 212.268 1
158.816 201.787 2
317.176 344.549 1
143.066 373.995 1
415.893 184.058 2
211.889 364.515 2
49.4697 105.752 2
82.3452 300.16 2
116.93 567.477 1
325.14 167.407 5
304.758 235.341 1
333.261 329.623 1
314.811 316.706 1
311.552 327.188 1
219.847 124.314 2
292.89 368.123 1
257.94 276.338 1
324.131 563.39 1
203.673 209.265 4
212.122 264.989 1
230.21 319.393 5
232.208 328.358 1
256.752 512.478 1
104.413 60.3127 3
182.73 336.506 8
142.697 224.147 3
181.849 400.236 1
82.7879 167.061 1
90.6659 197.89 1
118.11 298.685 1
173.431 540.232 1
152.652 561.786 3
122.733 482.038 2
60.9464 318.081 4
310.132 553.032 8
354.274 500.793 1
296.222 455.991 2
191.633 214.094 2
202.529 348.824 1
368.253 254.271 1
311.766 150.198 1
327.837 195.945 1
366.596 345.501 5
274.286 116.788 1
324.454 314.392 2
330.294 420.747 2
299.735 334.692 2
305.055 466.2 1
207.263 295.628 9
262.478 480.831 2
126.544 101.393 2
180.819 317.54 1
217.43 450.346 1
117.935 154.674 2
127.874 197.176 2
220.808 489.522 2
128.312 251.568 1
163.772 375.985 1
103.694 189.971 1
153.325 363.552 3
97.0237 254.174 1
147.389 434.205 1
112.302 326.826 1
116.278 355.751 1
148.87 514.262 4
118.126 490.254 1
92.5528 516.716 1
333.812 462.322 2
150.83 167.681 1
154.379 487.38 2
299.606 106.431 2
143.712 84.4035 2
141.49 269.134 1
213.709 275.543 1
189.432 444.239 2
271.601 222.5 1
145.856 564.755 1
222.975 245.782 3
180.086 218.014 2
139.418 293.134 1
207.268 561.231 1
201.491 568.885 1
190.015 574.635 1
289.55 256.231 1
255.241 122.862 1
211.529 260.503 2
247.102 126.842 1
129.017 484.64 5
206.019 202.397 2
159.735 303.713 3
153.244 147.082 1
59.7514 313.623 1
64.982 285.578 1
93.2325 120.004 1
90.9746 62.5256 1
45.7948 182.616 3
133.935 109.301 3
253.345 355.365 3
205.511 280.903 4
230.624 142.884 2
154.057 288.641 1
367.189 344.109 3
290.873 531.498 2
288.219 545.544 1
342.912 324.177 2
259.091 470.224 3
358.219 162.792 1
300.983 324.933 1
290.123 341.586 1
314.199 254.742 1
216.767 541.927 1
215.103 442.778 1
310.763 142.923 1
278.036 196.208 5
288.526 132.917 1
149.391 511.737 1
267.732 143.287 1
215.89 224.827 1
240.842 118.761 2
212.611 160.868 1
131.204 283.131 1
96.8857 95.9516 1
340.453 284.767 1
282.511 233.849 1
248.24 215.437 3
212.281 300.345 2
143.166 304.893 2
278.11 443.675 2
312.034 173.435 1
245.672 332.158 1
245.55 301.331 3
233.926 169.238 1
156.012 423.932 1
260.914 154.778 1
265.463 110.393 1
197.158 163.584 1
377.883 481.008 1
130.122 559.759 1
347.877 358.027 6
402.457 197.288 1
412.704 181.409 1
341.96 166.913 2
155.627 275.807 6
413.871 442.388 1
403.726 448.027 2
312.485 487.43 4
388.128 416.493 2
337.504 437.519 1
178.96 551.38 1
161.113 534.943 2
341.175 375.916 2
248.097 381.213 3
243.974 345.7 1
39.6776 406.253 2
107.27 340.33 6
218.592 194.725 2
137.641 251.19 4
207.441 195.532 5
226.3 108.727 3
102.153 105.37 2
392.626 446.619 1
221.969 473.318 2
370.397 340.956 1
108.828 253.572 5
45.6438 291.526 1
381.112 472.883 2
326.753 459.748 1
323.233 352.778 5
68.2886 498.868 1
320.956 277.977 1
366.815 206.234 1
221.698 234.637 1
138.347 170.805 1
122.263 70.4089 2
367.85 457.181 2
211.402 492.792 1
346.525 328.838 1
306.676 317.273 2
327.701 241.016 1
380.262 193.021 1
151.47 304.769 2
98.5548 340.087 1
77.7265 353.57 1
159.925 284.445 1
252.877 214.498 5
277.308 192.864 1
134.125 280.903 2
149.461 250.23 1
149.396 232.149 1
215.921 174.626 1
72.2685 264.328 1
214.27 147.449 2
170.667 167.646 1
255.704 93.3152 3
79.0414 205.121 3
75.5788 170.807 2
79.129 134.203 2
262.852 475.884 3
317.911 431.904 4
177.459 454.562 1
154.911 280.703 1
302.869 463.727 1
289.095 203.178 1
285.837 140.193 1
266.092 362.532 2
222.385 389.376 1
153.948 367.41 1
170.998 298.193 1
106.992 69.9798 1
74.4618 174.434 1
174.345 212.205 6
184.902 428.505 1
411.093 69.8276 1
255.242 157.097 2
335.446 171.228 2
242.347 243.751 4
64.7075 247.348 1
375.962 266.583 2
121.115 278.538 6
24.7329 355.623 1
366.718 365.022 1
378.001 364.616 1
172.797 374.268 1
285.825 396.758 1
55.9043 432.682 1
73.0824 499.654 1
165.261 529.012 1
359.84 528.998 1
30.1359 456.504 1
412.734 150.849 1
321.198 167.43 1
387.712 194.18 1
163.823 208.146 3
41.3287 238.712 1
112.926 288.608 2
323.516 438.633 2
44.6769 449.816 3
289.117 447.217 1
306.526 445.464 2
78.9358 158.198 1
318.662 163.474 1
348.825 176.217 2
96.9251 198.491 2
50.4151 207.828 3
396.255 220.606 1
277.536 290.284 1
217.153 308.012 1
201.022 319.865 3
100.64 327.076 1
206.022 380.498 1
226.319 376.112 2
376.958 381.151 1
50.8381 418.934 1
88.9957 453.557 1
234.161 465.318 1
385.702 369.334 1
384.95 441.737 2
202.858 201.715 3
201.843 256.651 1
260.466 326.984 1
250.063 134.808 1
247.817 193.671 1
276.269 486.509 1
233.467 473.451 3
310.623 517.192 1
27.9437 422.02 1
292.615 97.9158 2
254.365 233.009 3
62.5541 201.289 2
175.375 315.228 3
403.307 422.615 1
364.804 417.192 1
180.513 394.342 1
184.342 405.737 2
248.779 163.733 3
306.922 191.072 2
362.348 320.911 1
75.5049 287.064 2
136.765 335.853 3
401.701 501.904 1
298.855 488.983 2
144.08 475.731 2
51.4328 467.575 2
345.542 123.939 1
360.095 255.347 3
127.442 176.213 1
351.366 316.947 2
193.683 277.447 1
209.047 348.494 1
222.49 353.383 2
167.648 423.788 4
262.84 489.648 2
340.37 175.051 1
103.412 130.536 1
77.2406 154.249 1
245.651 246.512 3
130.568 204.593 1
95.5138 195.676 1
331.912 348.273 4
133.723 258.569 4
178.246 274.024 1
158.981 273.995 2
202.882 310.626 5
302.523 355.269 2
353.944 381.096 2
301.99 400.884 2
160.943 342.074 1
202.888 378.682 1
117.286 363.296 1
138.221 369.352 1
181.096 404.464 1
247.723 162.158 1
332.972 217.882 1
157.059 355.385 1
274.663 373.031 2
310.853 362.133 1
234.029 193.926 2
111.557 215.09 1
215.767 362.013 2
212.415 540.576 3
188.556 521.191 2
121.578 541.877 3
289.323 175.585 3
283.154 230.462 1
364.599 458.175 3
174.874 324.467 1
155.764 319.148 4
83.7247 314.185 1
119.052 533.568 1
304.97 278.968 1
103.69 272.411 5
345.235 320.94 1
135.976 77.968 1
169.404 247.114 1
92.7427 225.487 3
140.374 317.222 4
263.837 494.442 5
309.937 159.649 2
254.732 239.887 2
350.855 377.009 1
114.058 91.6888 2
251.142 290.53 1
297.647 397.462 1
124.771 201.904 1
176.94 271.068 1
340.379 494.374 2
245.097 395.899 2
302.433 468.076 1
125.528 253.235 2
151.854 326.986 1
109.448 309.651 1
148.346 368.161 2
161.752 383.375 1
213.394 454.447 1
115.122 360.523 1
133.413 508.276 1
107.49 496.115 1
326.363 282.983 2
324.944 428.988 1
195.121 200.326 1
264.361 372.773 1
250.602 213.589 2
270.563 193.512 5
146.718 83.4195 1
217.742 550.082 2
222.108 578.722 1
175.795 177.167 2
220.875 444.092 1
76.0577 206.28 1
307.825 508.579 2
227.085 329.632 2
243.887 262.024 1
137.957 80.3942 1
306.813 150.635 1
265.137 234.499 1
204.852 239.045 2
259.137 483.009 1
242.729 507.184 1
174.511 263.628 1
213.157 451.288 1
215.637 488.919 1
205.426 532.181 1
164.436 532.332 1
199.351 412.74 1
378.283 160.618 2
320.59 175.087 4
185.886 368.861 1
171.41 222.499 2
367.416 262.19 2
381.748 155.409 1
309.682 324.517 1
247.697 502.404 2
286.412 256.34 1
200.381 562.307 4
161.454 351.731 3
100.906 199.492 1
87.5208 214.447 4
314.347 555.051 2
378.339 154.842 1
342.162 278.571 3
275.18 251.3 1
96.9571 224.603 3
353.997 471.59 3
330.699 479.717 1
282.405 451.599 1
321.536 123.836 1
261.174 417.527 3
294.954 111.337 2
243.397 265.677 1
246.83 187.97 3
337.977 340.508 2
283.296 524.401 1
279.435 548.06 1
277.792 508.484 1
252.528 468.538 2
299.987 139.258 1
210.083 535.329 5
216.08 484.345 1
145.353 510.781 1
139.559 304.358 1
277.373 234.629 3
240.709 184.231 3
226.521 219.303 1
387.614 353.812 3
133.607 562.628 2
292.824 281.32 1
184.774 188.901 3
40.558 323.315 1
393.83 550.003 1
353.184 306.803 2
210.752 487.06 5
321.209 296.263 2
224.049 339.482 1
156.733 427.614 1
144.856 339.99 3
164.177 135.615 1
126.602 85.2797 2
316.717 545.047 1
253.477 432.784 1
190.604 467.198 4
281.932 255.06 1
328.851 191.723 1
226.108 293.215 1
129.646 219.447 1
318.834 350.341 3
232.472 187.578 2
245.415 486.354 1
244.417 433.197 3
175.321 477.305 8
233.273 390.661 1
107.556 463.556 2
325.314 190.809 3
138.305 419.149 1
182.433 343.2 1
269.238 188.886 1
305.429 140.088 1
197.261 249.34 2
270.765 144.027 1
151.729 278.073 5
262.508 116.434 2
155.575 182.222 1
213.013 304.66 2
248.864 354.358 1
179.904 363.07 2
242.783 247.486 1
415.874 456.778 1
169.175 539.823 1
137.461 549.544 1
194.148 327.559 1
269.09 285.227 1
123.983 302.547 1
411.916 92.3825 1
412.544 439.521 1
377.911 417.277 1
173.316 510.083 1
342.42 404.85 2
336.166 386.104 1
194.984 405.284 3
218 355.65 1
172.301 336.408 1
268.095 264.934 3
188.953 297.38 1
57.3929 341.377 3
289.595 196.866 1
121.85 256.592 3
65.188 282.194 2
123.743 217.293 1
244.424 108.041 3
85.4003 133.596 1
172.411 506.278 2
157.027 433.345 1
331.469 240.214 2
344.9 172.195 1
140.127 174.012 2
319.798 430.144 1
299.291 435.002 1
315.935 367.193 1
77.3065 413.907 1
369.944 245.383 1
224.642 306.904 3
309.163 244.241 4
77.6906 349.777 2
94.786 335.484 1
133.085 276.041 1
253.212 209.892 1
270.128 175.807 2
155.299 199.376 1
213.761 135.799 2
165.579 143.189 2
76.9212 168.12 1
201.85 336.021 1
130.124 366.401 1
154.271 315.059 3
314.749 159.02 1
322.238 340.957 1
292.322 194.336 1
262.882 346.978 1
206.148 307.444 2
129.194 125.889 3
430.097 426.835 1
255.505 449.111 2
284.003 448.166 1
292.015 496.13 2
225.506 137.489 1
149.541 142.34 1
74.3443 243.047 2
131.244 256.26 1
97.7713 258.52 1
161.562 266.788 1
230.159 346.049 1
29.2371 357.926 1
194.68 382.113 1
234.911 431.413 1
56.0752 437.386 2
54.0276 500.871 1
150.308 145.648 1
237.294 158.053 1
30.6953 459.466 1
321.607 171.962 1
69.7974 186.946 3
403.661 193.797 2
164.767 204.494 3
191.052 373.585 2
43.6234 453.79 1
352.255 230.53 1
396.374 230.31 1
249.044 252.989 1
248.721 307.15 1
174.425 310.768 2
133.239 319.513 1
199.945 325.316 1
101.952 346.578 1
205.439 386.167 3
225.049 382.374 1
376.516 388.181 1
390.871 364.479 1
109.04 176.147 1
199.465 338.337 2
413.66 493.047 1
295.106 94.6114 2
228.948 125.307 1
346.402 201.683 2
90.573 186.39 1
59.4664 208.615 2
67.3143 216.386 9
362.557 420.888 1
247.894 435.979 3
256.779 441.98 1
181.343 479.886 5
40.7738 435.528 2
136.659 464.438 1
345.498 205.206 1
198.354 309.553 3
379.823 437.195 4
77.9563 376.091 1
211.977 196.547 1
221.351 196.933 1
77.1972 164.053 2
104.631 295.182 1
313.95 441.839 1
375.956 238.076 2
128.959 209.614 1
248.957 301.521 1
355.125 388.018 2
116.234 319.85 1
89.948 341.998 1
264.293 411.82 1
167.861 391.992 1
339.168 279.12 1
339.044 313.694 1
298.739 452.089 1
337.374 141.7 1
389.456 204.058 1
260.294 131.625 1
361.656 463.677 1
142.663 310.447 2
366.154 518.805 1
144.741 471.792 1
136.521 501.42 2
77.3096 147.941 1
159.846 484.391 1
207.408 250.181 1
315.951 338 2
251.864 296.357 1
240.749 400.849 1
146.025 360.424 1
151.182 404.666 3
194.394 439.706 1
272.332 429.022 1
125.718 311.501 2
137.524 322.288 1
241.901 483.013 1
291.598 553.461 1
343.809 163.526 1
212.417 138.788 1
223.009 309.655 1
284.786 514.452 2
240.022 466.872 1
116.218 535.907 1
148.228 474.283 1
155.883 482.832 1
313.675 263.818 1
304.848 494.755 2
265.463 175.602 1
256.428 291.503 2
205.198 246.335 1
205.082 457.77 1
265.809 421.78 2
194.206 523.838 1
358.24 213.085 1
343.606 234.359 1
312.551 187.754 1
299.698 251.127 1
212.378 128.783 1
291.35 550.471 1
260.664 501.544 1
217.266 446.004 1
118.544 484.256 1
122.728 555.084 1
200.89 238.196 1
223.658 547.128 2
250.365 258.741 1
262.274 362.135 1
256.991 237.42 1
173.019 266.825 1
243.412 510.114 1
203.184 454.435 2
204.369 493.058 1
142.907 149.997 1
140.231 555.786 1
217.945 221.187 3
215.312 121.443 1
181.399 540.101 4
181.033 575.489 1
87.1022 233.131 1
333.969 416.818 1
256.651 354.387 1
254.609 144.433 1
245.228 471.446 1
218.052 259.547 1
369.329 310.386 1
367.83 319.154 1
371.131 300.759 1
240.871 446.983 1
187.603 567.713 2
304.35 128.618 1
139.505 161.49 1
137.459 149.16 1
74.8988 310.923 1
101.677 149.667 1
317.484 549.6 1
325.548 434.068 1
264.254 467.514 2
345.622 193.384 2
305.744 322.771 1
315.637 139.752 1
300.929 121.123 1
293.623 129.553 2
150.05 557.135 1
253.946 107.042 1
217.762 113.223 1
121.654 130.757 3
90.2044 155.449 2
286.745 283.838 1
299.861 113.635 1
186.724 492.216 1
254.326 137.708 2
214.81 400.567 1
71.4931 496.501 1
100.533 155.097 1
295.491 531.707 1
370.261 336.634 1
320.309 390.226 2
207.784 482.273 2
277.847 348.541 1
163.3 284.037 1
218.903 181.675 1
179.91 227.596 1
223.285 105.71 1
92.5543 102.341 1
77.7575 68.8425 1
156.65 176.864 2
153.383 154.024 1
232.406 282.353 4
142.225 245.134 1
247.223 209.8 1
255.351 112.508 1
151.256 178.666 1
238.733 460.391 1
316.707 194.253 1
135.22 305.937 2
105.567 84.5734 1
382.659 406.805 2
187.549 527 1
334.979 344.614 1
247.061 399.631 1
195.716 384.941 1
229.615 299.735 1
129.852 341.592 1
59.2481 343.959 1
286.042 152.747 1
80.9776 208.42 3
151.208 139.138 1
148.829 93.3613 2
380.56 404.167 1
369.157 405.397 1
165.69 139.327 1
335.73 452.581 2
187.074 395.597 1
234.212 381.355 2
177.869 292.558 1
150.492 316.744 2
329.192 141.503 1
260.119 168.23 1
115.41 146.344 1
263.752 357.448 1
255.063 163.337 2
330.378 460.946 1
57.2249 498.673 1
195.494 289.567 1
410.655 88.203 2
69.7881 165.956 1
411.237 435.305 1
337.488 348.539 1
41.9459 384.358 1
179.088 277.586 1
149.736 274.573 2
50.6548 286.824 1
288.952 192.151 1
214.238 214.772 1
295.647 181.924 1
174.908 184.528 1
246.65 105.43 1
117.755 98.1262 1
216.921 313.812 1
263.268 248.86 1
69.0327 262.607 1
275.556 183.671 1
165.701 303.929 1
276.504 362.779 1
304.409 241.739 1
377.554 186.242 1
234.775 210.756 1
268.006 164.938 1
197.463 188.469 1
154.067 189.365 1
199.48 379.586 1
204.464 316.892 1
282.251 107.058 2
22.4385 229.837 1
248.984 440.876 3
69.983 169.691 1
215.557 211.063 1
55.7535 229.199 2
215.414 370.164 1
298.683 420.397 1
247.706 184.407 1
144.724 172.998 1
200.347 329.81 2
98.2927 128.896 2
58.1942 213.598 2
124.973 241.835 1
212.091 272.867 2
165.841 269.474 1
332.886 341.694 1
343.213 363.148 1
163.738 348.911 1
51.2663 460.916 1
122.202 142.402 1
390.028 330.376 1
70.2729 124.129 2
194.548 271.996 1
225.357 397.061 1
297.3 439.2 1
92.1387 415.105 1
258.264 147.987 1
374.917 242.637 1
81.9633 160.021 1
310.862 402.942 1
343.561 348.128 1
117.725 347.397 1
372.578 274.088 1
311.406 444.701 1
308.068 490.168 3
81.8252 407.48 1
251.958 139.961 1
165.07 379.197 1
160.304 442.925 1
163.579 478.67 1
201.739 260.856 2
271.658 203.83 1
271.962 264.04 2
274.785 427.243 1
246.724 479.798 1
85.3004 412.631 1
91.6773 420.08 1
322.828 199.462 1
152.584 322.014 1
107.083 306.438 1
140.193 510.204 1
131.901 503.774 2
298.613 426.863 1
267.821 371.365 1
215.656 384.896 1
131.798 308.294 1
324.646 369.372 2
285.246 527.409 1
212.02 447.88 1
122.828 493.676 1
111.968 486.779 1
339.372 183.945 2
304.85 508.076 1
94.8398 486.684 1
228.986 561.31 1
149.717 362.594 1
138.297 506.205 1
117.424 557.298 1
265.598 501.318 1
237.942 573.578 2
204.943 123.217 2
198.161 535.907 2
297.366 323.001 1
257.014 465.526 2
288.943 117.139 2
211.243 116.105 1
154.743 349.6 2
119.152 160.373 1
255.25 487.764 1
313.176 547.911 1
167.696 117.681 1
158.822 100.912 2
260.173 465.761 1
301.129 317.308 1
307.146 135.764 1
200.502 265.259 1
251.322 101.528 1
216.703 108.371 1
124.492 195.592 1
189.111 487.663 2
237.427 109.997 1
238.876 165.081 1
196.217 178.444 1
99.2442 145.626 1
302.587 309.505 1
142.059 470.43 1
144.805 417.953 1
113.658 464.878 1
317.707 117.737 1
310.143 139.114 1
220.396 101.213 1
271.417 365.571 1
260.887 184.242 1
221.881 430.834 1
292.38 134.665 1
250.774 170.672 2
238.148 201.454 1
310.284 283.835 1
137.507 467.875 1
292.311 204.539 1
237.55 247.698 2
287.238 404.262 1
278.288 407.556 1
268.538 404.452 1
380.145 398.555 2
169.62 363.332 1
104.782 220.505 1
158.7 154.084 2
260.952 370.613 2
177.511 368.159 1
330.216 203.884 1
295.591 197.436 1
234.435 245.835 1
281.926 412.228 1
376.232 215.756 1
134.5 152.69 1
354.81 466.254 1
42.1136 380.85 1
40.6813 228.998 1
69.4005 191.337 1
48.0334 171.69 1
218.981 321.755 1
167.103 307.107 1
343.697 225.398 1
180.297 290.257 2
100.764 290.388 1
163.949 201.908 1
99.3839 336.163 1
351.209 428.566 2
234.33 337.109 1
395.315 393.338 1
414.948 173.861 1
159.947 240.357 1
308.6 349.514 1
96.8057 328.549 1
343.017 366.381 1
107.682 167.512 1
309.53 368.497 1
220.596 397.226 1
93.0439 329.97 2
217.093 402.624 1
295.339 409.702 1
293.851 413.549 1
191.118 172.551 2
299.164 406.127 1
149.997 347.828 1
158.226 388.215 1
174.762 333.007 1
286.488 493.97 1
268.498 171.365 2
148.713 328.411 1
149.827 386.574 1
207.799 447.791 2
204.727 450.83 1
215.036 492.451 1
128.027 505.868 1
275.725 261.936 1
253.729 257.897 1
272.128 399.779 1
208.12 491.94 1
298.543 448.883 1
252.189 472.553 1
151.105 546.71 1
167.144 335.121 1
273.927 423.676 1
302.5 218.737 1
307.614 117.501 1
255.304 132.613 1
199.594 226.183 1
303.748 115.649 2
161.29 103.398 1
301.937 133.373 1
230.916 219.976 2
262.429 135.408 1
258.331 117.303 1
162.154 370.494 1
233.001 480.067 1
332.163 372.335 1
289.399 147.363 2
299.718 173.511 1
132.006 357.748 1
160.243 320.419 1
122.349 210.237 2
201.018 295.601 1
282.06 364.152 2
196.627 335.725 2
228.535 178.986 2
189.526 389.515 1
205.657 189.455 1
187.867 385.482 2
104.19 205.618 1
139.332 207.71 1
189.728 380.864 1
313.684 301.655 2
