3176 15384
95.1357 7.17128 1
268.636 8.07095 1
103.875 9.85727 1
122.56 10.9065 2
64.3823 43.2455 5
165.955 58.8973 13
429.809 63.8622 7
160.991 66.2183 3
157.645 70.6089 2
428.681 69.9386 1
73.1067 71.4067 6
423.612 76.985 1
44.8487 82.2242 6
419.832 81.6452 3
476.771 83.7302 7
77.0636 84.9673 15
165.176 86.648 3
145.143 87.9609 9
415.8 90.7949 4
79.9816 97.513 11
256.972 97.1525 6
415.207 99.6211 3
267.023 99.6167 3
445.719 102.246 5
83.2699 104.56 9
409.38 104.577 6
496.792 106.122 2
135.762 105.39 18
41.3703 110.886 3
87.7739 111.482 22
221.158 112.019 11
156.053 113.601 3
407.584 114.279 2
414.815 115.198 4
128.695 118.334 11
252.563 119.405 9
442.827 118.271 20
375.676 120.083 1
217.937 121.694 17
42.2177 121.877 1
91.7932 122.028 3
435.376 127.473 13
373.142 129.291 20
410.972 127.52 3
43.1155 127.982 1
92.987 128.145 1
264.549 127.46 4
256.326 130.999 17
427.963 132.238 22
213.625 134.711 5
242.959 134.801 3
370.643 133.082 16
431.822 133.348 28
279.346 134.807 9
95.3943 137.924 13
121.539 134.621 12
499.728 136.843 3
45.2835 139.702 1
233.264 138.914 18
361.559 142.929 19
274.087 144.981 34
115.598 142.913 21
389.69 146.927 2
214.755 145.914 43
109.727 148.633 19
141.43 147.06 11
104.706 152.421 2
282.147 154.252 20
120.395 154.03 4
352.59 153.938 25
331.192 159.264 11
54.2704 163.941 10
140.608 164.9 28
212.948 163.956 36
347.973 162.532 33
131.68 168.078 9
56.2194 170.24 12
237.368 169.867 29
278.016 171.96 11
118.335 173.949 8
197.807 171.825 17
249.203 170.514 17
60.9606 175.198 1
327.694 174.601 32
64.2514 178.94 2
136.554 177.492 14
324.799 177.954 9
111.955 181.018 15
216.274 183.221 23
385.306 182.643 10
199.903 185.843 5
154.291 187.457 12
66.7789 188.225 19
233.046 184.484 30
105.551 192.497 1
159.493 193.641 31
209.114 189.299 21
70.8631 192.822 1
251.901 191.926 16
318.727 192.787 25
50.0406 193.997 6
225.805 195.227 10
104.833 199.175 1
275.38 200.108 15
390.365 198.74 10
163.531 205.458 23
18.6754 204.031 1
77.3103 203.862 22
197.697 204.004 20
212.891 202.304 58
306.967 205.79 30
192.636 208.093 9
159.62 212.859 7
253.071 211.343 4
323.148 211.672 2
101.849 211.794 32
213.064 214.755 11
433.589 215.725 4
76.3148 217.811 11
262.149 217.222 7
92.0393 219.185 3
239.801 220.481 4
498.121 220.716 2
220.502 223.459 11
422.151 222.192 19
505.965 223.54 1
410.423 225.965 2
14.0177 228.019 1
500.542 230.772 1
131.046 235.29 19
500.538 238.446 6
72.9749 240.716 17
209.075 244.826 12
418.101 249.816 16
201.634 252.426 3
66.5335 254.858 12
499.453 254.472 1
206.968 255.294 9
505.349 256.192 3
100.559 260.738 31
72.4231 264.896 9
188.255 266.459 6
418.243 268.247 8
435.831 266.986 1
459.175 265.296 12
466.149 265.384 18
481.734 264.802 23
490.119 265.692 10
501.91 268.178 2
74.9167 272.267 12
25.7333 280.305 2
86.6395 283.002 14
52.5793 285.055 4
309.259 284.695 1
80.0417 289.491 24
150.019 293.884 11
415.805 297.288 43
129.472 299.756 24
5.57336 302.6 2
353.073 302.193 6
124.137 303.534 24
104.174 302.403 50
361.492 306.236 4
142.923 310.504 4
281.773 315.623 11
72.6803 314.14 18
141.421 318.992 6
174.019 319.141 2
87.9428 327.214 17
101.104 326.293 4
136.294 329.096 17
76.6348 331.116 2
12.4408 332.784 1
158.957 331.295 43
429.204 335.542 17
442.589 337.518 18
451.431 338.979 1
60.8304 339.512 16
497.601 339.908 4
118.586 340.741 1
97.0638 341.721 4
46.9501 342.641 7
125.207 344.967 6
424.661 348.499 6
181.475 344.502 32
116.212 352.223 40
166.684 348.506 8
156.322 349.335 28
143.275 351.185 16
448.537 352.781 5
136.828 355.549 4
112.37 358.818 10
252.18 360.513 2
413.372 359.148 27
99.9727 364.128 18
344.279 369.909 4
402.077 371.433 1
412.106 371.188 1
447.448 369.896 5
458.518 370.468 6
501.568 371.971 1
37.175 370.599 14
123.03 372.746 8
98.622 373.883 16
410.172 378.606 16
93.7696 380.039 3
389.956 380.049 15
386.26 382.606 1
89.1682 384.897 7
116.233 384.597 27
353.485 386.763 7
140.517 390.041 13
324.539 388.259 24
426.669 387.671 20
375.669 389.652 3
23.3168 391.987 1
108.927 393.214 1
161.76 391.461 25
352.653 398.802 13
78.5063 393.773 15
155.507 393.984 23
440.339 394.583 17
39.2644 398.767 5
101.649 399.875 7
376.576 401.29 6
26.3944 403.464 3
38.4422 403.138 1
166.366 402.142 15
70.0436 403.691 18
108.759 404.322 18
317.635 405.303 12
144.876 404.534 25
357.666 410.089 10
453.367 407.515 21
65.9777 409.683 1
26.8994 411.249 2
45.791 414.052 2
358.631 414.112 1
418.254 413.037 3
149.694 414.43 18
380.425 413.489 13
370.299 415.074 14
57.0555 419.175 1
5.34861 420.51 1
194.122 421.087 4
107.657 423.96 7
12.1058 424.366 1
40.5496 423.805 1
200.885 423.017 6
36.7019 425.475 3
154.202 426.62 31
50.6546 424.654 13
437.356 425.189 9
449.161 425.751 6
105.501 428.202 2
513.51 427.528 1
369.178 428.764 1
379.344 429.39 31
41.1985 434.728 6
157.679 433.543 1
409.253 439.251 1
326.857 437.59 11
61.6077 438.905 8
155.356 446.683 19
143.792 447.048 9
125.956 447.911 1
455.358 447.8 22
22.3109 450.661 4
198.822 450.739 12
200.534 450.392 5
188.732 455.119 1
81.3781 456.049 4
161.348 454.919 19
122.433 457.528 1
19.6309 459.444 3
137.992 461.28 4
467.921 461.914 1
199.452 465.667 3
9.1043 467.671 1
106.115 466.697 11
155.986 471.682 15
187.622 472.017 13
59.0664 470.75 4
73.0131 468.72 45
83.1925 474.058 4
102.121 476.914 24
201.524 476.844 2
424.603 477.985 2
435.243 479.437 4
39.4367 479.487 2
469.488 480.38 7
18.3028 481.022 4
139.26 481.572 3
78.1366 486.052 15
190.014 482.283 3
479.679 481.193 8
485.941 481.896 1
9.69533 482.73 1
34.6379 482.708 6
495.455 482.592 1
328.431 483.141 2
157.433 487.676 8
11.148 488.418 1
58.3726 487.885 6
150.899 489.87 2
98.1627 492.319 2
199.655 489.515 37
121.222 492.543 3
11.7194 494.076 2
476.744 493.684 12
30.027 497.05 5
189.473 492.565 10
126.445 495.936 9
48.0383 498.826 2
405.491 500.336 17
128.682 502.248 10
168.107 502.649 7
16.6819 504.794 1
185.228 503.368 34
443.647 505.013 12
477.723 505.326 16
174.316 508.114 5
16.8998 511.298 2
124.885 511.085 7
404.701 513.93 11
34.286 515.968 5
400.127 516.866 2
434.21 517.476 1
11.8917 518.097 1
410.658 520.041 2
324.743 521.269 3
435.65 521.916 3
31.0073 524.044 6
6.58037 523.9 1
154.606 526.336 18
349.227 524.313 24
369.543 528.984 18
245.998 529.47 7
321.309 529.718 23
379.646 530.887 13
20.8984 532.795 3
328.102 534.853 4
394.767 535.649 2
403.446 533.076 23
155.025 536.938 10
316.972 537.508 3
119.156 538.109 8
15.8374 539.122 1
238.947 539.292 1
250.011 539.411 11
372.777 542.562 2
12.5464 543.955 1
351.487 543.643 3
335.844 547.369 9
439.312 541.78 12
365.785 545.318 24
476.01 549.701 3
339.626 552.622 6
256.21 553.395 5
395.677 552.557 15
400.952 553.63 2
84.5598 555.474 8
259.031 560.914 6
82.2349 564.767 1
408.419 571.302 2
76.8013 573.686 4
231.367 573.395 2
91.0906 576.396 1
103.105 577.911 2
73.2249 577.557 3
227.708 582.109 2
88.5052 583.165 1
69.775 587 2
450.849 589.02 1
85.5723 590.065 1
90.1144 9.18457 1
69.1484 46.9475 16
61.7913 52.3848 4
76.3112 53.2566 9
65.9746 59.6178 3
170.319 62.3208 7
169.915 65.4337 5
420.153 70.6879 22
162.668 70.9684 1
65.2663 73.3318 4
410.918 72.9898 8
81.2481 75.8592 25
465.543 90.5632 17
422.804 88.8234 19
87.6377 93.4743 45
86.7534 97.2007 4
144.213 100.559 5
240.955 105.706 31
256.648 104.651 20
92.1012 105.32 9
417.445 105.645 21
163.399 105.628 9
234.947 113.266 18
354.163 109.492 20
137.384 114.457 12
95.1379 114.78 10
224.762 115.718 3
283.43 115.509 15
260.35 119.632 12
411.414 118.552 3
232.261 125.998 16
224.086 127.971 18
287.245 128.13 18
440.9 133.336 24
100.241 131.012 18
154.823 130.82 15
439.687 131.223 2
379.755 131.758 9
104.358 138.286 7
425.99 140.438 6
503.955 141.136 1
124.797 142.981 8
149.979 144.086 16
287.522 144.12 40
369.67 146.103 33
235.645 147.274 31
219.312 147.05 9
348.441 146.864 5
108.224 147.722 1
224.92 150.958 5
276.753 153.356 3
501.623 151.537 1
127.082 152.524 4
292.278 152.22 18
377.749 154.194 5
147.086 155.576 42
114.808 158.617 15
184.545 156.283 2
191.84 158.242 10
508.718 157.825 1
225.637 159.932 10
276.051 158.889 5
404.528 159.115 1
356.091 163.195 31
377.514 161.178 8
288.2 161.195 8
338.644 164.097 9
248.238 166.065 19
163.278 164.046 4
153.098 167.897 33
44.0238 166.548 1
122.302 166.649 7
287.322 170.432 40
492.982 168.74 2
213.911 169.692 6
225.117 170.122 2
135.378 174.942 4
168.41 174.294 11
150.289 177.101 30
191.537 177.53 12
202.011 177.272 3
282.44 177.513 10
338.164 176.012 72
187.047 180.91 12
257.79 181.054 30
391.344 176.225 3
72.3303 182.3 3
117.295 184.163 17
159.741 180.724 16
144.892 181.318 2
10.5981 182.006 1
57.0798 183.692 6
315.405 183.315 15
240.649 183.369 23
223.894 186.384 10
330.551 193.221 35
282.659 187.441 51
74.4322 186.972 11
201.682 188.164 2
247.448 190.918 10
242.509 193.801 4
39.9813 192.531 1
169.935 194.172 23
181.576 193.932 4
330.667 195.814 19
234.976 199.533 24
309.679 196.984 5
470.128 199.758 10
53.9678 198.499 4
248.733 199.763 41
395.621 197.827 2
492.559 198.278 5
286.509 198.963 37
44.5508 202.665 4
226.029 205.007 42
86.3817 204.07 1
326.368 208.163 22
458.581 205.211 17
259.975 206.257 1
288.252 209.155 23
499.691 206.999 1
22.7746 208.206 3
210.08 207.796 1
202.047 217.773 29
297.545 212.73 6
77.9038 210.077 1
129.017 210.288 21
174.838 208.984 50
461.508 210.822 1
303.859 211.871 1
472.016 212.852 8
136.635 213.948 7
188.383 216.077 5
311.276 221.173 18
504.328 214.207 1
177.029 216.345 7
258.177 214.369 24
337.796 215.117 10
443.821 217.729 9
108.525 219.076 12
332.3 218.699 4
248.719 222.37 27
257.716 221.331 4
435.08 222.495 8
38.4058 222.086 1
76.1938 224.446 8
93.9182 224.436 1
275.964 224.486 2
427.965 226.89 5
137.301 225.314 17
508.407 227.926 1
142.741 230.575 9
245.119 229.395 8
365.43 228.442 2
176.241 229.775 10
186.406 231.48 12
406.065 229.948 10
418.151 232.781 40
222.855 231.176 11
230.58 232.91 21
146.349 241.526 14
101.29 240.489 24
506.098 239.245 1
216.629 241.086 2
137.213 250.775 15
422.875 243.884 11
219.491 249.803 6
75.9179 252.903 40
170.447 250.196 1
300.708 250.141 1
119.739 250.594 1
212.148 253.772 22
483.008 254.736 4
512.399 255.972 1
343.901 258.699 11
451.297 257.153 14
423.412 259.866 9
57.6662 261.091 1
452.88 262.464 6
110.687 262.927 28
475.584 262.545 1
331.463 264.979 4
81.2214 267.137 37
374.596 268.219 2
197.426 271.836 9
55.9646 270.298 1
25.8893 270.872 2
265.891 271.042 7
427.746 275.021 33
39.2754 273.641 2
22.4399 278.775 1
61.8342 280.044 9
36.7943 280.837 5
76.6576 282.649 3
302.145 284.578 2
341.017 287.152 6
358.601 288.147 14
87.9787 289.383 2
317.516 289.441 1
425.262 290.286 13
349.763 291.987 8
365.368 291.663 1
71.8415 292.486 1
154.833 299.865 21
112.937 299.85 9
140.917 303.801 2
11.126 306.319 1
152.084 308.568 18
349.173 311.569 33
129.434 312.006 32
64.1035 312.888 3
226.014 315.331 7
278.521 313.906 5
149.275 318.691 34
253.004 317.255 33
382.051 315.076 5
95.6176 317.954 12
112.351 317.703 2
80.0491 321.614 7
129.422 319.832 6
229.574 320.34 1
104.736 322.075 7
220.913 322.053 14
241.439 319.626 11
148.25 324.504 33
259.34 325.712 4
35.051 324.804 4
170.349 324.914 21
53.7417 323.124 3
209.107 326.418 5
86.7706 326.788 2
223.379 327.828 3
113.498 329.536 5
66.0459 330.288 4
24.8484 330.702 1
97.6261 334.016 27
142.551 333.309 26
92.0288 336.164 6
512.781 334.361 1
180.074 337.053 24
4.80639 336.281 1
27.8433 337.388 1
75.3173 336.627 4
150.186 339.759 19
13.6158 338.015 1
234.026 339.431 7
255.668 342.749 28
84.8506 343.974 7
266.372 343.542 13
431.124 345.406 29
439.745 347.872 7
501.121 344.029 1
63.7332 345 11
75.1461 344.74 1
113.092 346.418 4
50.6648 348.852 14
99.8824 348.697 8
173.406 346.189 3
510.323 345.938 1
163.162 346.676 4
191.231 347.36 13
110.735 347.799 3
136.938 347.825 1
33.1081 349.248 2
88.4035 350.353 3
260.053 349.743 8
214.899 349.163 9
85.6018 351.135 4
251.714 353.734 7
46.178 354.036 2
218.916 353.936 1
424.471 355.89 30
130.955 355.179 1
346.047 355.957 46
38.2286 355.486 10
434.013 357.918 11
503.884 356.126 1
81.7926 359.211 10
94.6248 357.53 20
122.43 358.929 8
154.919 357.526 3
512.131 357.134 1
59.0157 358.312 6
141.744 359.187 16
244.928 358.523 4
62.8099 363.464 5
131.655 365.688 13
429.885 365.186 25
6.5524 364.537 1
233.006 363.934 9
357.056 365.543 18
58.0768 365.546 2
419.088 367.52 21
243.898 368.12 6
83.2638 368.005 2
427.172 368.176 10
437.243 368.822 11
406.696 370.202 15
487.422 372.972 7
73.1916 371.696 5
114.774 372.001 15
129.529 372.735 17
201.818 371.651 1
340.652 373.215 2
181.637 373.914 1
91.1628 374.628 6
418.853 375.858 34
350.748 375.628 4
471.565 378.123 9
431.603 379.77 13
101.64 379.514 3
340.77 379.042 4
257.975 382.701 26
500.53 380.894 1
145.039 381.673 6
193.505 382.401 10
16.3842 383.136 2
409.763 384.789 3
30.4131 387.444 2
419.512 386.051 19
434.667 388.025 11
443.07 388.329 23
119.812 390.392 4
331.026 394.407 38
152.658 392.184 5
345.656 391.829 9
5.30582 390.625 1
52.2322 391.59 3
148.659 394.471 8
323.393 398.18 19
60.8417 398.589 6
55.2685 398.58 1
412.752 398.305 2
361.355 401.628 5
17.3626 400.265 1
160.787 404.209 23
441.898 402.03 4
267.501 402.995 20
42.8805 406.668 10
89.2367 404.858 6
130.989 406.884 11
383.483 403.936 9
32.9828 406.918 7
104.261 406.464 11
116.38 409.132 19
15.1012 407.158 1
325.902 409.257 19
419.021 409.245 15
168.255 409.623 27
90.7178 412.331 6
150.731 411.131 2
144.611 412.43 7
176.813 410.825 15
23.5702 415.391 4
76.2773 416.776 9
262.742 419.491 19
414.505 419.189 14
457.842 422.952 22
161.711 420.818 42
36.2689 419.572 2
44.6389 421.133 9
118.996 420.195 9
363.703 426.049 28
454.807 424.304 4
17.2326 425.275 1
26.4894 426.2 5
474.138 426.212 15
259.469 423.498 13
66.8884 428.168 6
74.7907 428.436 1
193.95 428.042 28
304.631 427.298 4
264.444 429.046 2
176.715 432.29 7
195.066 434.829 10
208.44 434.203 3
445.791 438.304 20
287.659 434.302 9
370.358 435.885 13
34.9763 437.941 4
25.3495 437.188 1
57.4575 436.986 2
69.3339 437.549 5
81.0652 437.664 1
430.172 442.319 2
283.314 443.298 1
445.556 442.816 18
453.881 444.983 9
49.5783 445.74 10
59.9914 445.864 2
331.182 449.418 31
462.718 448.212 9
147.406 451.035 6
167.808 449.993 32
53.2477 451.555 2
145.939 454.127 5
152.088 454.733 4
26.6421 456.486 6
90.5869 455.135 8
434.162 456.002 1
195.488 459.661 41
103.951 458.792 24
126.946 462.2 8
448.966 460.861 7
112.087 461.439 6
207.519 461.875 15
154.414 464.508 2
20.8665 464.503 3
464.865 467.913 13
438.37 469.018 3
79.8712 468.565 11
26.7466 474.153 6
8.95946 472.883 1
461.194 473.918 3
46.1825 477.827 15
332.175 475.53 24
64.8268 478.196 17
74.5215 476.279 2
96.6227 474.691 11
135.119 472.102 4
109.535 480.436 16
324.197 481.316 2
440.904 481.383 1
86.9614 484.133 23
53.7026 484.342 5
95.8879 484.68 9
14.7509 485.175 2
144.707 485.502 13
24.545 488.475 4
475.9 488.702 6
76.0022 486.757 1
36.7836 492.403 4
114.859 493.293 12
207.385 487.85 6
126.756 488.77 7
84.867 495.102 12
485.249 493.775 9
197.425 494.128 3
411.616 493.85 9
63.7486 495.31 16
133.033 494.481 15
35.5774 497.969 1
51.9247 499.821 2
83.4125 497.695 1
201.705 499.542 11
469.576 498.426 1
165.58 497.819 11
180.602 500.478 8
41.8269 499.644 1
21.559 501.932 4
28.1414 502.283 1
483.85 502.977 11
118.828 505.425 8
133.493 509.262 23
63.4243 507.047 6
142.725 510.74 15
152.405 510.864 9
193 507.735 2
376.267 508.45 1
51.7309 509.536 1
398.798 509.568 3
448.135 511.636 3
353.039 510.206 17
384.143 511.485 23
501.164 511.825 3
475.483 515.085 9
164.301 514.278 19
129.066 515.848 9
184.156 517.651 6
439.33 517.479 8
17.7867 517.233 1
28.3373 517.074 2
132.512 520.755 5
341.94 521.295 29
403.634 520.755 12
469.874 522.883 3
318.067 525.252 10
49.4563 526.929 7
19.0002 527.427 1
15.8336 531.378 1
124.392 530.669 10
310.758 533.576 20
355.919 533.336 14
372.329 534.965 4
246.677 537.33 17
257.566 537.876 9
379.806 538.484 13
9.85351 538.836 1
308.519 540.057 12
444.637 538.083 1
39.2673 540.471 4
129.343 541.009 13
125.504 542.233 12
403.45 542.811 13
320.509 543.164 9
331.243 544.185 5
458.177 543.187 1
24.1806 546.179 3
113.777 546.244 5
416.269 546.893 4
248.291 547.949 4
345.13 548.163 14
430.099 548.441 10
446.554 551.169 5
33.0209 552.523 3
19.2047 552.356 2
99.0546 553.99 7
387.796 555.913 7
107.337 559.062 5
117.84 557.79 4
347.177 558.223 9
403.199 559.75 15
499.562 558.391 1
479.217 559.257 1
21.7428 560.109 1
440.774 560.192 5
509.129 559.672 1
88.3101 560.841 4
490.259 562.152 3
427.488 564.927 7
16.0187 569.568 1
349.274 568.826 11
83.0632 570.269 1
101.49 570.204 8
267.925 571.034 7
414.273 571.543 1
482.245 574.139 2
460.4 574.254 5
96.0793 575.547 1
9.33977 576.905 1
350.526 577.238 8
500.25 580.199 2
83.2317 583.333 1
414.491 582.881 2
103.019 586.737 1
494.199 588.663 2
425.721 590.219 1
414.513 592.568 1
274.891 593.822 1
422.291 130.996 1
250.078 149.335 12
390.526 156.596 32
242.065 180.165 6
351.449 182.794 13
364.79 207.981 4
87.6683 224.199 20
204.61 220.185 21
319.609 223.836 37
357.104 223.635 13
337.481 237.54 11
91.0599 311.159 20
24.9708 323.476 5
50.0546 324.538 5
154.892 341.278 8
10.9228 354.565 1
450.491 364.817 11
426.335 399.385 19
453.693 405.139 3
448.817 417.977 35
167.738 434.35 44
121.486 452.594 44
443.794 491.475 4
150.917 499.638 21
142.911 502.069 8
413.187 528.905 1
417.426 570.19 2
138.715 9.46452 1
52.9349 58.5789 2
414.937 65.1533 15
400.88 73.9116 4
478.783 82.0254 3
455.118 92.7794 18
259.749 96.822 2
496.221 109.094 1
40.6537 115.165 1
277.777 120.947 14
218.052 124.707 2
278.308 131.41 2
123.841 129.623 4
96.7316 140.979 1
113.15 148.707 2
48.0355 150.745 9
374.722 167.584 9
58.108 173.134 2
250.225 171.202 2
233.769 185.349 1
68.1861 190.977 2
346.55 190.858 11
314.978 206.126 37
445.41 206.965 10
183.957 209.36 31
99.345 215.936 8
346.095 228.652 30
204.198 247.799 4
69.2402 258.763 4
23.1145 283.618 1
153.361 290.539 8
341.466 319.866 6
164.978 335.987 9
182.434 343.219 1
42.9039 347.764 6
374.347 370.313 15
336.932 380.339 25
39.8523 400.238 2
124.882 399.835 27
144.552 404.975 2
409.371 409.892 9
323.454 420.661 13
52.4267 424.92 2
156.139 430.739 2
30.9787 442.39 4
158.394 450.574 3
462.587 457.611 20
46.1972 467.35 10
187.755 474.809 1
14.882 477.407 1
31.0216 479.498 1
482.972 479.495 1
406.871 484.418 7
116.235 497.388 4
329.128 498.216 5
405.567 502.745 1
155.449 513.556 5
333.69 518.389 7
365.396 527.452 9
381.902 529.652 4
90.928 545.16 6
236.956 545.42 9
233.229 562.426 3
263.961 579.082 1
408.518 588.141 1
116.066 18.2608 1
65.9253 52.8169 5
78.5276 58.2151 6
54.4925 70.6779 3
82.6942 74.0316 2
426.415 89.1727 2
88.6579 92.7238 4
468.421 91.8704 2
171.278 94.9924 12
257.507 108.469 3
420.735 105.077 2
237.638 109.566 3
450.921 111.833 11
140.07 116.121 2
134.434 127.593 1
227.598 129.935 7
155.855 135.646 4
288.148 131.553 5
444.179 135.044 4
288.518 141.148 2
222.314 146.058 1
241.071 152.417 5
370.531 146.961 1
151.41 152.158 12
117.877 157.96 1
229.938 159.472 2
258.102 161.28 15
361.642 162.036 36
500.276 163.725 1
288.482 168.842 6
335.931 170.601 8
394.89 177.806 3
150.932 182.211 5
263.325 185.013 9
243.989 182.895 2
123.006 182.664 5
486.206 186.355 1
283.918 187.585 1
82.1051 191.171 4
113.811 188.5 7
133.301 190.65 9
251.977 204.578 3
52.0014 203.938 2
111.577 201.684 19
226.559 203.787 9
400.303 207.132 1
460.533 206.739 1
175.834 209.81 8
291.779 211.527 2
201.656 214.893 1
111.429 221.893 11
314.781 221.335 3
431.92 227.683 3
74.789 228.733 5
28.3182 233.91 1
419.952 234.377 4
233.116 238.425 3
341.322 245.456 20
144.927 245.14 10
107.248 245.71 5
142.326 247.569 3
506.436 249.15 1
80.2986 254.602 9
346.899 260.562 1
112.622 265.496 1
198.131 275.168 4
431.625 278.633 4
102.309 281.617 1
428.37 291.476 1
134.528 311.659 13
411.757 312.978 2
9.96656 313.347 1
106.507 315.95 22
355.051 314.049 14
150.076 320.812 5
251.234 319.668 9
174.356 327.889 8
230.895 328.441 6
264.396 328.066 1
97.397 336.791 9
140.685 338.341 3
10.1826 342.039 1
193.008 335.517 9
24.5748 343.068 5
433.726 348.314 3
65.7433 347.937 11
458.97 347.833 1
101.718 349.663 2
346.984 351.728 4
263.14 353.434 1
14.3486 356.106 1
138.173 365.705 8
11.3399 368.551 1
356.947 369.227 3
28.1056 369.808 1
419.448 372.633 1
67.5224 386.139 18
98.1797 384.247 2
451.09 390.934 5
152.274 400.358 14
384.179 395.167 12
118.183 397.982 13
329.426 400.793 11
109.475 399.884 12
162.266 403.887 7
134.278 408.692 7
35.4536 411.236 1
116.221 412.381 4
67.4251 417.734 2
179.839 423.436 19
163.355 421.335 3
435.634 421.945 6
460.733 424.247 5
115.787 432.038 1
476.887 428.819 1
24.095 429.609 1
390.123 429.179 2
52.1542 434.519 1
446.84 438.795 3
196.935 442.978 10
102.364 451.535 1
334.583 449.414 3
170.135 451.771 1
470.112 452.634 11
29.1794 457.123 2
145.437 459.193 6
195.491 463.996 8
51.1201 463.835 1
118.756 467.658 2
469.06 471.075 1
335.432 478.366 4
478.143 474.681 9
48.9214 480.558 2
69.6958 483.46 3
167.71 483.283 6
26.901 491.655 3
475.021 490.917 2
414.736 494.441 2
87.2369 498.834 1
488.933 499.594 1
338.719 502.705 10
200.366 505.471 1
415.01 506.93 2
40.9382 512.129 5
133.896 512.804 8
66.8365 510.963 1
166.433 518.084 2
446.037 518.848 2
11.7854 529.639 1
321.285 531.134 3
52.0981 531.806 1
361.231 541.181 6
247.57 540.478 6
128.131 543.953 2
261.942 544.132 1
403.823 545.495 3
332.885 548.25 2
349.114 551.645 7
434.576 554.069 1
12.4038 554.818 1
36.0659 555.425 1
382.01 557.766 1
404.421 562.566 1
496.518 563.72 1
241.817 566.603 1
431.463 569.87 2
17.4101 577.448 1
460.587 581.881 1
505.862 582.984 1
14.4931 223.302 1
423.014 383.624 3
103.188 455.758 1
150.486 462.775 3
447.715 465.962 1
454.608 489.425 4
475.036 525.539 1
111.317 561.577 1
42.0347 92.8086 4
385.354 93.9388 4
450.092 96.116 2
83.3018 117.245 3
116.436 141.541 2
43.519 147.067 2
94.5959 145.781 2
276.784 153.431 1
351.915 156.433 2
215.014 173.607 5
56.6817 177.164 1
472.111 188.358 3
66.4843 195.174 1
98.5407 209.826 5
425.541 219.399 2
85.7464 233.751 3
463.462 264.552 5
129.443 300.437 3
380.747 308.275 8
150.925 349.296 5
99.3043 361.959 10
380.749 367.73 2
59.5757 411.502 1
377.158 419.304 7
150.269 425.938 2
19.3184 452.508 1
326.729 466.295 8
155.187 482.995 1
399.999 500.861 4
328.737 514.216 2
398.104 528.828 7
233.166 557.064 1
336.391 559.554 1
63.579 80.0827 1
410.598 88.3319 1
95.3221 88.5748 1
430.167 108.018 1
473.497 102.818 1
239.299 118.288 8
297.036 145.171 3
160.808 153.378 6
370.923 159.924 1
293.59 177.028 1
345.909 179.862 1
122.482 196.509 9
154.236 197.988 7
236.965 207.388 8
290.162 221.521 6
202.602 225.874 3
323.849 229.624 7
432.848 236.968 2
243.8 249.273 2
145.072 255.798 1
85.9624 260.795 1
437.466 284.572 1
160.881 325.132 2
359.519 325.639 3
65.2176 353.791 2
441.37 355.411 1
144.664 374.302 1
367.212 386.579 7
428.057 383.879 1
337.117 403.277 3
396.267 402.802 10
186.562 409.421 1
430.653 410.791 1
173.257 434.13 1
343.632 452.097 1
487.251 456.852 1
37.0365 459.38 2
106.155 464.318 2
176.156 480.231 2
220.686 484.165 1
343.007 482.547 1
64.1247 489.228 1
457.933 492.343 3
414.587 514.066 5
173.597 528.318 1
375.468 544.33 1
127.813 554.042 1
274.243 554.273 1
458.369 556.334 2
30.2116 561.621 1
358.768 565.522 3
259.041 198.694 15
476.172 535.091 1
52.0524 535.057 1
379.124 97.7455 5
121.919 110.762 1
363.915 137.011 3
53.0064 185.507 1
79.7306 240.345 1
129.894 236.264 7
409.621 299.137 2
83.017 320.702 1
331.573 342.599 1
146.496 348.976 6
336.805 375.408 6
59.0583 415.812 1
145.023 433.983 2
320.151 458.654 3
147.016 526.906 3
213.827 44.1073 1
70.519 108.839 2
160.105 111.365 2
404.033 119.035 4
259.196 137.452 13
451.683 248.766 1
128.311 281.746 2
453.713 301.489 1
377.742 343.123 1
465.204 377.221 6
156.429 390.026 1
348.134 426.727 1
74.5025 450.565 2
189.105 445.509 3
112.904 481.451 1
188.005 542.843 1
413.741 540.36 3
58.2902 553.282 1
131.591 66.8447 1
210.858 187.054 1
402.351 283.97 2
309.172 497.411 1
335.831 79.9468 1
94.6771 152.747 1
276.161 168.362 1
194.732 283.111 2
404.589 364.575 4
211.158 415.512 1
384.208 479.86 1
262.788 305.299 1
169.751 52.8958 1
152.987 76.3701 1
468.37 80.6172 1
160.844 98.9574 5
153.426 119.87 5
227.393 121.146 4
240.671 155.957 11
340.115 155.076 13
245.145 156.83 1
281.124 162.264 4
172.356 168.6 11
276.093 183.121 2
81.3589 197.91 8
98.5528 217.015 2
100.472 226.239 6
108.605 234.348 4
94.9686 248.456 7
446.248 266.993 6
419.592 280.351 12
115.192 306.819 10
111.191 306.637 1
171.469 335.626 3
467.138 367.486 4
335.147 368.401 11
78.759 376.84 3
172.917 382.78 6
150.599 385.426 1
18.1293 393.666 1
123.61 403.332 2
184.682 430.227 9
185.047 459.953 14
38.263 466.617 7
43.2153 468.891 3
66.6745 469.602 2
42.3152 485.138 3
52.6216 491.882 2
467.024 506.873 6
359.204 526.856 5
91.3743 541.731 4
389.427 548.475 2
408.649 552.48 4
449.707 563.245 1
168.082 93.4202 2
449.4 108.818 6
256.355 155.139 3
333.428 167.372 1
195.18 168.026 1
63.9623 168.598 3
266.389 171.17 4
166.489 184.048 13
481.722 195.668 4
76.5425 214.277 1
341.316 225.446 1
24.5972 232.001 1
196.767 257.171 24
251.579 290.812 20
416.315 308.698 5
146.439 319.059 1
77.5443 353.49 4
22.6695 353.657 1
256.557 363.896 24
260.749 371.415 2
370.879 378.495 6
82.4575 381.227 3
383.167 388.659 9
363.094 412.43 12
434.593 414.892 13
81.3845 423.702 5
385.776 428.411 1
29.8505 440.894 1
63.9173 445.438 1
47.3438 458.18 4
476.51 470.704 2
490.834 485.306 2
334.955 500.569 3
411.058 506.297 2
35.078 507.051 2
272.873 115.728 15
418.019 127.532 3
372.558 381.154 1
115.735 464.798 13
99.4111 475.286 1
454.1 478.731 10
72.7486 76.0797 1
99.5509 146.403 4
163.647 197.3 3
274.684 205.59 7
75.3103 237.306 5
442.2 262.953 3
72.7721 268.444 1
339.206 341.045 3
156.351 380.31 1
405.125 388.835 3
319.954 415.567 1
202.672 430.471 6
88.6289 445.99 3
198.916 445.294 3
187.946 478.587 2
155.61 517.937 2
42.8138 529.383 2
80.7718 64.8094 1
162.808 79.9747 1
411.792 79.9637 2
425.693 93.5765 1
262.866 112.599 1
233.385 116.111 5
335.503 112.288 10
100.73 126.901 1
288.46 137.555 1
369.026 152.774 10
287.552 172.473 1
205.954 186.562 2
284.521 184.044 2
78.2152 188.823 1
109.625 198.54 4
458.011 210.802 2
110.943 223.043 1
72.9809 232.363 2
231.318 241.772 4
113.956 261.957 1
136.347 254.743 5
197.032 279.448 5
426.903 278.794 3
409.97 316.235 1
352.342 316.886 1
347.642 344.945 2
458.261 350.789 1
119.073 366.698 5
135.115 370.338 4
355.025 371.815 7
438.136 378.219 1
122.612 394.626 1
469.865 395.897 1
386.524 398.622 4
179.515 401.523 2
160.803 409.701 2
145.426 418.437 6
65.4946 421.055 2
118.199 472.534 2
207.081 478.171 21
200.502 508.554 2
166.266 521.478 2
266.818 116.525 21
179.659 202.173 17
360.006 377.271 3
234.354 179.235 4
337.029 333.052 2
379.131 422.016 4
324.521 443.809 2
155.175 479.868 7
402.796 498.141 2
371.429 163.307 1
293.449 181.796 2
346.3 184.107 2
155.525 200.252 2
237.503 209.253 1
290.031 227.151 1
205.091 231.434 5
324.105 231.798 1
87.7051 266.775 1
359.262 333.711 2
141.183 383.008 1
369.036 393.38 5
339.664 410.781 1
398.744 409.646 1
147.375 424.882 6
178.105 477.377 3
125.155 284.085 2
137.369 337.236 3
332.021 370.073 3
417.783 120.574 8
348.007 174.66 4
242.45 113.449 4
255.813 154.212 2
256.645 161.642 1
375.741 310.144 6
229.738 212.453 12
470.399 457.601 3
239.551 230.774 3
354.145 357.786 4
445.053 450.034 5
98.397 122.813 11
373.9 423.132 1
359.663 422.17 9
109.014 202.131 1
58.4032 154.625 4
110.462 211.727 12
459.915 563.385 2
203.069 320.947 3
333.127 482.963 3
394.789 557.498 2
95.4641 303.833 3
151.685 402.279 3
264.7 563.789 1
60.8477 392.608 5
132.542 535.477 4
450.821 104.647 1
478.682 213.622 4
468.693 221.446 1
458.073 218.983 3
234.809 118.828 7
331.966 211.314 8
170.502 62.3903 2
371.149 262.695 1
229.674 154.155 8
457.451 380.725 1
445.116 374.492 8
232.612 166.593 3
272.362 218.011 5
432.881 402.673 3
342.729 314.665 5
477.969 462.69 1
131.62 123.905 1
71.1653 67.0316 1
433.229 432.662 1
195.109 196.616 5
312.636 321.748 5
423.504 438.68 23
340.095 380.556 1
164.204 221.096 2
372.598 441.627 3
131.666 198.985 6
476.91 554.151 4
239.708 332.596 5
268.555 379.637 5
454.191 569.883 11
228.424 349.287 5
249.86 373.745 6
325.6 456.919 5
93.3697 233.104 11
79.8058 236.853 1
100.512 259.053 1
29.6682 215.798 1
343.048 530.11 1
105.429 311.713 4
66.9269 277.355 1
72.5764 312.233 1
64.2896 321.896 3
53.6741 314.47 5
115.589 393.151 2
93.9421 397.284 8
101.475 412.831 2
238.379 565.816 1
94.1084 439.128 5
164.597 512.184 1
27.7959 381.115 2
114.026 494.751 1
40.3412 524.099 3
336.902 166.234 4
402.405 382.318 4
401.811 382.954 1
226.582 326.559 3
78.5008 287.116 1
429.158 252.303 7
271.854 101.492 2
311.894 209.425 2
154.434 71.813 1
214.829 126.656 2
369.021 310.691 7
346.092 356.584 1
162.568 183.676 2
176.126 198.018 6
172.57 212.076 2
345.776 384.97 2
338.227 506.122 3
81.4954 268.945 1
160.337 383.371 1
114.131 387.484 1
259.959 538.802 2
167.224 467.799 7
66.1324 387.793 4
149.833 533.692 5
455.49 106.73 1
415.374 76.2154 8
419.162 146.579 4
393.176 175.2 1
362.304 153.133 4
362.934 157.234 3
424.221 231.827 1
413.39 253.39 2
328.563 198.381 3
164.05 75.9378 2
309.789 222.219 2
287.631 214.185 8
274.274 206.872 2
227.694 163.659 2
249.521 220.812 2
334.028 344.665 1
72.9115 89.6001 2
199.288 217.133 1
451.698 475.582 1
158.39 196.905 3
160.925 206.766 2
178.847 223.735 3
333.034 396.969 3
363.263 430.021 1
375.82 445.307 2
112.675 216.358 7
415.151 511.714 6
227.772 330.843 2
318.613 422.975 3
416.75 526.687 1
320.057 439.323 5
64.4199 191.275 4
74.0374 206.629 2
84.3431 228.075 8
178.742 341.526 3
150.671 317.309 1
323.879 501.534 1
152.65 345.604 4
193.964 443.483 3
115.178 366.886 4
150.668 434.984 7
112.427 414.249 4
182.837 483.563 2
197.083 507.839 1
66.7094 401.578 1
146.898 500.572 3
59.2401 483.052 3
271.485 148.929 2
432.641 507.931 3
144.798 345.582 2
151.91 476.039 13
428.089 130.276 2
362.101 139.011 1
277.482 102.401 1
293.459 140.691 6
406.313 304.218 7
291.273 195.218 5
205.25 149.98 3
132.683 98.0729 2
423.455 393.678 3
428.098 418.916 3
92.31 94.8706 1
111.716 141.448 5
179.729 212.135 3
393.713 501.753 1
93.5567 211.723 2
338.729 484.64 1
156.312 327.395 2
122.528 302.374 2
169.752 436.214 2
173.488 469.59 4
172.418 489.582 6
332.626 119.34 1
367.835 164.856 3
248.775 122.544 4
330.126 252.692 4
282.601 225.293 3
225.436 177.546 7
359.574 329.298 3
240.38 253.431 1
197.811 231.114 2
149.601 198.236 1
159.952 238.085 1
336.376 409.425 1
115.185 227.861 6
313.636 445.717 2
128.465 323.556 4
138.162 380.135 1
147.317 412.504 1
144.22 473.456 13
250.277 127.633 1
258.409 202.319 3
304.499 191.188 5
178.062 325.398 5
485.205 506.811 1
478.032 190.536 2
465.091 427.137 1
462.716 95.5831 6
449.122 393.606 2
448.64 112.668 4
441.389 210.629 2
424.29 297.074 5
412.112 514.429 2
409.852 304.693 1
386.321 408.361 6
379.499 379.526 1
374.59 140.94 3
357.501 389.806 2
278.861 108.194 1
175.078 202.178 3
168.937 459.178 4
165.166 488.906 16
161.684 116.952 3
160.744 122.918 3
153.382 137.474 3
128.35 380.316 14
125.499 415.455 10
121.976 148.454 3
117.809 162.517 3
115.727 426.003 3
103.747 352.939 4
91.6849 277.862 6
85.9993 462.572 1
80.4737 278.447 1
76.8852 256.746 3
64.9361 65.5834 1
63.9173 202.678 1
52.1881 78.7814 2
52.9465 381.493 2
39.1796 456.594 2
37.8105 393.333 1
28.6227 533.453 1
23.943 346.347 1
486.26 511.973 2
472.714 475.247 1
469.603 86.827 1
464.893 414.386 4
462.289 520.624 6
464.894 551.573 1
457.529 398.465 9
454.163 501.681 4
451.096 541.929 7
450.693 537.365 3
447.304 524.835 2
446.267 477.401 4
441.332 362.345 5
436.714 437.702 6
433.031 565.816 4
425.504 417.223 1
412.285 244.069 3
414.16 392.855 2
406.54 151.466 2
403.669 527.6 2
394.251 217.683 2
366.894 372.546 5
366.732 173.242 1
366.691 507.732 1
361.439 213.672 1
359.961 550.801 7
353.237 309.54 3
347.523 189.648 1
342.961 539.125 5
336.155 389.018 1
309.489 525.839 5
285.836 220.024 13
279.672 351.877 7
262.78 104.99 5
234.904 214.61 1
232.811 324.761 2
228.741 313.908 1
226.204 257.41 1
215.262 233.317 2
206.907 355.505 2
199.054 457.108 3
176.502 354.51 1
171.578 65.4744 1
164.475 157.725 4
165.71 227.892 2
163.908 399.389 1
155.525 499.664 4
153.737 305.849 1
138.35 488.988 1
136.123 505.958 1
134.192 404.757 1
130.694 540.215 2
119.487 496.886 2
113.022 288.423 4
106.664 351.68 5
96.5926 564.591 9
93.3515 464.512 3
89.1517 469.967 3
86.4122 474.568 6
85.6276 398.721 6
75.1833 382.711 5
73.3583 437.239 1
66.5537 344.673 5
66.4607 459.213 4
66.9676 493.657 1
56.6355 386.47 4
42.7211 280.945 2
40.9649 214.46 1
34.5378 388.216 1
430.435 462.908 6
428.425 454.161 4
408.911 390.246 1
168.529 512.326 7
160.868 390.951 1
137.736 309.313 1
438.418 208.368 1
440.479 369.836 1
425.128 357.787 1
417.585 222.186 1
415.991 234.442 2
410.133 65.1002 2
168.037 465.396 5
132.137 329.993 1
128.019 193.22 1
119.781 424.851 2
56.7486 339.793 2
457.901 494.766 1
436.778 119.724 2
436.701 345.536 3
435.118 504.051 1
426.427 551.44 3
424.861 442.23 3
411.862 249.667 1
413.153 293.299 6
409.995 355.044 3
406.788 129.723 2
399.029 500.561 2
374.953 413.93 1
373.595 180.309 2
368.299 128.877 2
360.465 428.463 1
352.228 194.941 8
353.959 550.538 5
346.058 157.343 2
342.077 396.79 4
338.376 242.552 2
335.113 323.384 1
318.147 420.64 1
314.898 195.606 3
269.262 196.369 10
260.24 384.227 1
259.349 343.423 2
251.942 218.839 2
243.604 374.721 1
231.105 547.98 1
178.431 503.909 4
151.907 473.987 3
151.915 301.358 1
151.42 430.462 1
142.706 362.229 1
137.198 165.041 1
133.869 236.442 1
126.831 216.861 9
129.42 178.126 13
115.323 134.996 1
118.634 204.077 9
106.485 179.909 5
92.0239 140.234 1
82.4359 110.207 2
83.0156 545.683 3
71.8944 83.3979 3
68.891 269.002 2
64.8182 259.662 2
433.017 535.561 4
367.055 382.347 1
265.091 185.147 6
118.097 221.721 3
85.9873 448.117 3
413.153 218.553 2
341.602 182.236 4
294.282 203.14 7
287.791 176.777 5
231.347 149.122 5
231.506 208.198 5
218.68 100.083 1
175.825 99.3176 1
169.529 484.746 1
167.551 527.269 1
151.203 157.805 1
152.167 326.627 1
121.709 399.241 1
367.256 95.8575 1
355.627 131.906 2
356.693 380.17 3
335 405.047 1
322.276 341.744 1
313.708 504.874 1
257.478 120.96 2
220.394 172.104 3
194.516 229.426 1
153.801 398.555 1
148.79 192.808 4
293.233 185.526 4
425.317 572.693 1
429.334 539.326 7
337.678 512.53 4
490.807 345.859 1
241.047 554.078 2
451.151 346.905 9
160.109 534.528 1
194.112 477.507 1
24.7581 496.743 2
79.9266 429.424 3
381.409 118.445 4
99.7569 393.319 2
35.7521 448.087 1
217.436 257.967 2
161.461 306.361 3
233.638 225.019 3
125.105 311.853 1
196.653 213.771 1
142.111 104.427 2
151.549 88.574 1
159.001 77.5815 1
464.996 533.701 2
420.362 566.845 1
440.297 458.953 3
489.954 371.89 1
426.446 405.843 6
75.5271 563.994 3
401.697 232.957 2
182.341 436.239 5
353.646 263.602 1
237.57 342.479 1
426.579 152.313 2
32.5621 541.667 1
42.9276 525.823 1
78.3841 488.94 1
98.335 455.674 1
340.653 206.513 7
396.38 145.966 1
287.019 242.826 3
331.392 202.592 2
98.336 421.02 2
125.71 390.379 4
96.5313 411.975 4
186.47 312.917 2
163.86 322.003 3
64.3303 392.17 1
227.438 221.41 9
123.882 245.959 2
98.4317 271.265 8
243.539 122.67 2
234.388 128.459 1
42.7955 320.472 1
231.939 100.676 1
39.4492 187.59 3
47.0352 167.727 1
344.697 247.484 1
427.677 519.046 1
447.369 404.987 2
335.316 503.882 1
412.357 423.369 1
380.864 440.977 2
258.575 544.973 2
453.056 350.461 4
370.485 367.311 1
467.828 203.004 1
66.2321 481.554 1
326.706 209.739 1
189.239 341.611 1
45.1691 480.425 1
249.114 201.975 1
280.182 111.828 1
135.45 249.66 2
230.956 113.963 2
101.512 243.572 3
107.198 224.556 1
76.8565 193.217 1
50.5168 140.582 5
456.941 524.671 1
436.46 393.419 1
407.079 401.496 4
231.472 544.13 1
369.876 384.051 1
349.561 400.407 4
459.214 262.275 2
318.539 385.086 2
414.718 281.414 2
376.861 305.972 1
197.446 485.231 1
333.6 336.368 1
149.522 516.027 2
335.895 318.842 1
181.976 472.503 1
111.628 537.043 1
97.7138 543.64 4
417.941 218.209 1
118.481 499.74 1
155.396 450.787 3
101.332 472.424 1
379.881 182.875 2
450.228 91.4888 1
135.689 397.174 7
104.845 419.212 3
74.4991 431.627 1
355.943 140.985 4
60.4012 403.765 1
202.515 239.71 1
123.548 298.768 2
228.178 181.453 4
207.882 201.935 5
82.0796 328.848 1
86.7363 309.169 1
271.869 120.044 1
55.3851 334.391 1
230.268 137.032 2
69.1398 237.472 2
72.3574 202.01 1
115.93 130.087 3
90.7543 136.942 1
432.483 501.831 2
283.926 211.814 2
333.355 493.448 2
416.128 383.729 1
431.498 351.529 2
344.61 347.039 2
348.954 320.864 8
163.839 478.272 6
93.022 467.517 1
311.163 224.895 2
225.528 141.821 1
228.965 117.8 1
361.744 387.047 7
310 430.87 1
323.39 324.062 1
140.091 426.85 1
356.614 122.374 1
136.214 344.626 7
107.826 373.313 3
261.78 192.972 6
264.804 124.019 5
145.87 188.727 4
202.237 122.752 2
105.154 125.345 2
148.797 131.139 2
218.954 226.651 2
251.663 227.41 1
198.818 259.679 4
86.8067 272.877 2
107.042 362.859 5
382.283 421.629 3
435.949 483.255 3
49.7592 493.739 2
463.019 496.989 1
266.756 110.061 3
130.414 127.664 1
270.466 145.049 1
225.105 155.129 1
349.958 178.908 1
395.463 204.126 2
79.3854 244.628 1
201.974 317.571 1
346.333 329.617 4
118.545 360.19 1
23.4368 368.925 2
411.031 393.296 1
24.174 399.759 2
93.439 399.916 1
31.8801 414.172 5
172.393 419.29 6
195.174 439.755 1
433.519 450.052 1
47.4429 462.439 1
149.279 469.4 5
101.22 487.578 1
426.639 531.993 3
312.497 544.594 1
65.7326 385.839 2
77.6015 92.802 2
137.67 100.058 1
87.8423 118.663 1
218.4 177.794 2
90.244 204.31 5
163.208 203.111 1
133.866 240.14 1
418.919 261.652 1
371.942 364.297 1
335.353 379.982 3
328.776 382.96 1
140.291 399.593 5
88.1544 451.445 1
54.0122 468.699 3
188.106 486.635 3
253.016 524.479 2
467.925 98.8306 1
387.366 114.082 1
453.926 114.079 1
366.144 158.299 2
396.427 181.634 1
257.977 184.986 3
151.67 186.694 2
290.612 218.146 1
314.676 226.511 1
425.326 237.592 1
233.427 245.618 1
138.471 257.122 1
80.9151 259.069 2
198.084 282.41 1
431.239 285.833 3
109.837 320.936 1
351.867 321.938 4
66.678 350.955 1
435.383 352.243 1
456.836 355.22 1
134.65 375.112 1
452.059 395.601 1
471.789 399.308 1
329.883 403.669 2
387.358 402.342 1
135.505 416.463 2
62.5916 423.324 5
460.773 430.857 1
385.354 444.005 1
335.441 454.999 1
416.188 463.712 2
196.916 470.037 7
118.018 477.387 1
475.94 496.871 1
153.405 191.327 2
148.536 417.939 2
317.396 199.825 3
97.9863 202.216 3
82.2334 233.286 1
102.952 439.976 2
158.53 209.84 3
119.58 222.186 1
235.236 222.627 1
326.862 235.377 1
205.301 236.705 1
359.559 338.266 2
140.098 390.155 1
370.981 399.36 4
340.736 419.958 2
399.839 420.728 3
146.111 136.826 1
424.158 84.6162 1
480.948 186.003 3
411.326 244.102 1
311.851 288.542 5
433.319 406.52 2
453.197 471.769 3
472.446 518.37 4
241.706 371.226 3
149.365 310.336 1
473.66 556.098 1
437.732 557.089 1
339.798 532.816 3
193.223 437.2 1
196.368 502.464 1
90.1879 440.802 2
66.8972 441.643 1
140.338 542.3 1
417.437 286.924 3
434.67 427.158 2
445.112 469.34 1
206.095 444.714 9
440.255 138.539 1
418.11 147.886 1
427.929 231.497 2
412.492 259.18 1
336.273 249.48 1
147.187 184.814 1
196.047 223.998 3
229.752 244.481 2
92 149.813 1
118.167 187.532 1
355.103 375.42 3
71.3743 208.69 1
451.82 483.052 2
360.027 434.784 4
372.069 449.682 3
399.972 491.582 3
76.2813 294.236 1
320.918 470.047 2
322.83 506.673 1
111.742 371.107 1
142.425 422.999 1
109.345 418.958 4
74.9247 299.765 1
141.309 419.901 1
309.538 204.233 2
223.189 189.699 2
113.213 138.779 2
279.326 232.502 1
150.021 203.218 3
196.542 235.827 1
126.531 328.224 1
132.56 352.519 1
133.659 388.446 9
298.747 203.615 1
165.355 295.384 1
33.7771 535.818 1
412.622 93.6043 1
416.065 350.462 7
345.361 146.622 2
352.591 172.939 6
347.579 298.483 4
304.059 196.201 3
271.381 113.006 1
230.865 217.177 2
242.167 351.162 1
83.4204 209.823 1
60.3137 207.594 1
81.8704 300.954 5
162.632 228.588 3
251.384 554.9 1
114.845 215.525 5
53.9714 527.561 1
168.165 104.732 1
92.8973 389.726 5
408.256 251.963 2
364.691 131.173 1
338.667 111.721 1
247.56 107.544 2
352.563 431.564 2
336.111 396.221 3
374.957 513.702 1
265.408 201.654 4
361.606 511.529 1
206.947 144.46 1
195.562 217.64 1
133.94 93.8159 1
166.783 224.688 3
86.8765 141.761 1
148.153 434.115 1
149.14 457.137 1
117.362 453.338 1
396.117 397.231 1
348.193 432.922 4
104.543 382.988 1
111.879 454.322 6
284.109 105.371 1
294.37 191.032 2
346.142 503.061 4
179.459 99.7052 1
157.004 152.563 1
169.978 428.928 3
177.218 458.21 4
346.088 138.107 3
207.796 173.693 5
258.449 169.784 1
218.931 212.851 12
154.968 385.364 2
221.846 140.899 4
111.564 341.288 3
59.2399 158.776 1
461.926 532.871 1
438.019 503.021 2
432.825 437.264 1
384.61 555.261 1
351.202 549.317 1
349.862 393.037 1
380.701 179.359 1
356.525 193.85 1
266.115 352.568 1
227.256 218.809 1
87.6941 380.65 1
84.9763 248.173 2
441.159 437.713 1
427.293 412.674 3
423.714 400.568 2
419.976 380.496 1
360.883 544.952 1
379.835 142.171 7
231.497 122.038 1
129.815 385.019 4
392.119 529.984 1
393.148 498.732 1
408.271 248.604 1
360.682 374.223 2
313.935 419.303 1
393.873 158.124 1
331.151 320.694 1
364.003 127.235 1
225.558 545.611 1
319.012 175.098 2
247.103 320.575 1
256.936 217.503 1
140.483 513.348 1
221.411 180.26 1
204.748 201.326 2
147.74 344.781 3
110.125 344.435 2
91.508 362.912 1
120.046 218.751 5
94.1115 206.828 4
110.564 133.334 3
94.0323 181.566 1
149.484 249.14 2
118.064 234.442 5
352.457 325.598 2
167.931 442.752 1
141.183 375.937 4
153.64 164.063 2
299.385 431.041 1
313.905 331.573 1
344.498 129.747 1
306.255 173.356 4
255.386 198.94 1
204.989 166.899 3
190.633 134.006 1
471.973 469.122 2
494.955 224.587 2
163.723 355.734 3
63.9477 171.669 1
461.437 490.832 3
484.658 463.923 2
421.626 418.311 1
408.774 406.903 2
237.153 533.965 1
420.593 344.79 2
174.34 490.615 1
181.244 436.602 1
185.044 419.841 1
49.1803 517.633 2
112.342 443.047 1
244.108 335.683 1
92.7216 443.466 1
151.226 382.21 1
77.4405 432.739 4
120.72 369.664 1
165.02 332.099 1
161.456 319.529 7
63.5679 373.339 1
275.034 192.866 1
274.699 177.929 1
89.0458 216.36 1
176.059 50.6213 5
121.451 242.076 1
90.6977 227.539 5
382.328 398.546 1
367.164 362.666 2
98.3524 463.631 3
131.791 369.231 1
62.0896 418.539 1
76.6504 262.672 1
80.4053 248.163 1
396.727 494.818 1
361.324 522.462 1
321.751 495.435 1
404.527 397.62 2
408.008 352.192 1
146.65 517.388 1
316.716 381.04 1
178.181 464.861 3
333.647 315.104 1
414.868 214.7 1
70.4467 463.723 1
101.239 424.023 1
133.141 392.413 2
176.983 338.798 1
381.871 185.793 1
425.594 124.746 1
438.84 111.525 5
106.391 342.008 2
447.886 87.5561 1
321.096 170.869 2
351.792 139.506 2
365.738 123.824 1
119.53 294.827 2
180.663 203.682 1
74.8254 278.482 1
67.3667 234.693 2
233.479 91.123 1
143.661 516.787 1
74.2988 361.822 4
114.683 231.611 1
345.341 339.498 2
125.61 385.342 1
316.308 230.975 3
194.663 223.7 1
132.985 259.705 2
319.851 310.558 1
137.29 430.296 1
133.832 334.206 1
262.838 198.289 3
306.551 165.173 1
175.338 191.933 5
208.374 163.224 1
299.131 176.983 1
162.876 92.4175 1
210.936 235.689 4
430.341 260.717 2
437.994 261.533 2
319.286 409.708 2
193.819 416.18 1
158.161 475.614 1
408.009 477.403 5
424.25 482.336 2
134.944 119.668 1
284.915 135.492 2
189.028 223.279 4
245.201 236.947 2
215.953 264.786 3
102.812 277.618 1
465.902 394.9 1
174.267 400.831 2
362.773 406.765 1
167.183 453.662 1
125.471 468.149 1
113.187 471.542 4
162.952 477.349 1
103.605 489.599 1
428.464 500.785 3
63.7804 512.446 1
111.334 254.601 2
64.8482 163.057 1
106.476 298.275 2
414.655 354.435 1
370.399 360.106 1
405.736 494.641 1
400.143 194.548 1
226.966 209.096 1
427.678 241.971 1
350.793 330.719 3
455.956 359.281 1
134.519 381.457 2
89.06 394.027 3
152.156 406.343 2
331.342 407.423 4
135.994 421.716 1
366.813 446.293 2
382.619 452.962 1
103.034 466.911 1
416.12 467.914 1
197.539 475.734 3
368.064 395.904 5
359.849 341.625 1
486.188 171.73 1
169.147 345.599 4
413.661 556.437 1
262.36 547.502 1
405.125 78.3082 1
391.725 171.344 1
190.433 181.06 1
221.667 244.573 1
172.196 221.975 1
131.526 218.203 1
433.621 409.628 1
84.8732 377.403 3
194.917 505.098 1
112.413 258.858 1
387.734 90.1387 1
164.461 174.035 1
126.005 237.546 3
450.745 489.271 1
208.552 445.394 1
210.374 463.175 1
419.263 153.467 1
431.417 233.409 1
221.892 173.155 1
153.125 142.543 1
307.493 229.783 1
117.168 190.533 1
197.114 226.547 1
77.9369 230.092 1
196.207 286.255 2
108.554 269.322 9
73.9025 304.141 1
358.551 440.476 1
368.739 456.696 1
319.835 444.72 1
131.909 377.683 1
319.718 473.253 1
130.094 418.645 2
87.726 160.054 1
109.888 273.109 3
219.282 196.134 5
405.545 300.013 2
163.024 315.431 2
278.877 241.633 1
188.89 249.603 1
356.924 342.346 2
456.46 336.797 1
247.468 94.9731 1
231.132 192.308 1
141.821 91.7545 1
454.607 561.627 1
137.284 443.377 1
419.643 140.709 1
307.118 217.867 1
334.069 262.382 1
344.725 300.18 2
245.92 191.148 1
342.433 364.625 2
367.974 442.817 1
195.858 329.571 2
201.388 360.034 1
49.964 200.88 1
71.4665 411.076 1
93.0272 485.868 1
60.1725 478.799 1
87.4905 547.62 1
268.814 192.298 2
371.024 410.032 2
168.468 221.691 2
337.328 540.161 3
70.9543 399.45 1
109.853 453.53 1
436.475 213.141 1
422.876 412.404 4
389.038 528.449 2
168.209 376.995 1
212.827 458.073 3
131.226 399.153 2
145.953 532.534 2
406.557 259.107 1
281.66 219.337 2
356.457 323.611 1
398.043 394.221 3
143.885 185.748 1
348.615 439.178 3
393.332 492.675 1
153.215 216.003 4
160.772 232.345 1
315.819 472.403 1
143.542 426.076 1
108.971 457.13 1
176.942 428.28 1
179.968 459.713 2
261.68 236.086 1
313.369 388.816 1
427.672 264.535 1
417.796 560.964 2
205.874 423.247 1
164.91 384.057 2
381.057 213.169 3
337.838 147.062 1
306.285 183.42 2
332.13 380.618 2
249.593 131.536 2
249.956 138.587 1
211.679 224.545 2
187.554 157.611 1
203.128 326.939 2
170.109 217.745 1
178.368 246.995 3
136.413 233.6 4
136.331 320.369 2
108.239 288.532 1
83.4734 222.071 1
131.664 471.45 1
92.3445 318.591 3
116.807 515.109 1
85.9707 432.194 2
75.5829 408.641 1
264.982 179.397 2
384.483 372.442 2
188.492 333.971 1
370.904 95.8311 1
358.744 319.405 2
277.76 213.26 3
310.358 442.118 1
201.789 130.918 2
202.061 145.467 1
150.995 217.815 2
128.121 166.069 1
121.681 547.072 1
259.485 145.298 3
292.263 106.883 1
245.334 125.65 1
240.964 205.674 2
465.252 437.17 1
244.845 141.219 1
435.891 362.891 1
380.739 554.529 1
334.642 550.839 1
304.386 526.847 2
375.361 177.32 2
326.495 368.411 2
272.134 127.796 5
150.836 535.347 1
210.949 133.575 1
136.816 388.873 1
69.1493 570.881 1
124.491 217.309 1
402.259 409.174 1
402.165 389.822 1
296.061 155.332 1
149.935 362.006 2
162.97 131.316 4
384.777 497.956 1
306.669 417.752 1
357.896 125.873 1
264.951 145.78 1
259.178 112.958 5
223.359 165.908 4
144.021 468.975 1
193.962 200.385 2
126.053 161.933 3
196.999 129.782 3
246.655 121.676 2
474.714 546.18 2
451.563 553.633 2
469.004 273.781 1
448.169 218.725 3
139.33 499.487 1
132.34 463.403 1
117.423 488.792 2
167.247 356.58 1
48.4288 502.805 1
158.365 358.819 4
165.448 308.936 5
68.264 175.558 1
459.925 530.267 1
342.554 307.995 6
423.462 149.493 2
100.797 542.873 1
407.335 120.616 1
138.602 385.455 1
101.26 435.296 1
94.4686 368.159 1
60.8753 330.264 1
136.225 160.648 6
81.9507 372.672 1
214.648 498.595 1
285.927 195.198 2
129.877 392.84 2
149.532 161.923 1
389.363 491.596 1
400.457 401.738 2
399.309 377.814 2
406.004 349.361 1
314.795 451.628 1
363.034 376.602 1
312.921 416.114 1
410.137 212.825 1
361.418 122.426 1
336.777 150.606 2
317.104 169.43 1
146.758 341.373 1
218.554 174.434 1
134.519 160.362 1
205.567 102.671 1
208.485 229.296 1
294.571 416.296 1
308.2 309.053 1
470.523 502.706 1
356.816 552.528 1
161.585 528.121 1
438.218 382.707 3
493.633 92.9095 1
218.569 218.139 3
379.75 138.102 1
143.479 107.548 2
320.702 516.119 1
310.395 519.68 1
417.208 450.725 1
480.239 375.499 2
413.103 388.679 1
374.908 384.977 2
420.358 338.095 1
185.565 415.671 1
389.038 190.842 2
59.4014 333.983 2
42.4956 342.781 2
218.935 190.298 4
37.285 416.154 1
456.561 436.61 5
96.5352 467.169 1
231.181 142.38 2
319.387 451.358 1
434.449 323.968 1
318.666 374.591 1
333.675 309.964 1
415.123 209.232 1
90.4642 353.342 1
70.2913 359.772 1
118.426 289.87 1
426.225 120.123 1
322.757 165.774 5
341.368 149.654 1
207.155 196.011 1
227.161 172.848 1
272.025 124.802 4
94.1078 200.139 1
406.808 331.815 2
348.873 326.983 1
162.045 372.504 2
359.782 275.511 1
320.18 283.619 1
130.575 162.669 1
158.039 173.89 1
192.849 204.349 1
139.621 293.211 1
89.7396 368.223 2
421.992 527.307 1
47.2932 98.654 1
245.427 243.146 1
216.056 270.629 2
425.938 283.365 1
93.691 384.255 2
85.4666 394.782 1
353.309 403.503 1
131.649 412.824 1
44.8363 436.784 2
413.963 448.581 2
127.264 472.991 3
104.31 495.58 1
427.841 505.801 1
373.08 388.94 1
421.907 448.047 4
216.975 193.428 3
88.956 196.674 1
326.116 452.165 1
338.59 186.128 1
401.066 201.419 1
291.951 230.371 1
428.689 294.65 3
87.4152 319.329 2
137.514 333.307 1
352.01 336.28 6
163.38 378.936 1
333.371 415.002 2
147.169 84.0877 1
159.62 170.936 1
454.396 401.787 1
120.646 378.137 1
405.44 489.79 2
252.174 521.135 1
385.193 106.838 1
165.791 99.3071 1
212.296 115.023 2
481.503 208.87 1
222.007 162.443 2
238.174 189.311 1
416.476 258.588 2
241.433 242.443 1
170.625 225.985 1
40.0086 211.521 1
165.936 271.301 2
31.2659 279.392 1
354.49 412.676 1
151.805 439.789 1
32.6616 428.372 1
140.422 477.961 2
406.207 422.314 3
163.787 167.96 3
368.276 299.16 1
148.288 286.433 1
126.247 293.485 1
333.364 373.444 1
389.342 396.625 1
210.792 454.52 1
55.4629 414.74 1
334.733 185.923 1
283.583 228.406 1
307.554 235.301 2
340.872 424.448 1
133.046 341.206 2
171.235 178.976 5
463.807 402.52 1
112.052 229.055 1
450.027 480.274 1
414.061 485.91 2
140.249 297.113 1
177.095 394.621 2
401.846 81.649 1
239.756 239.632 1
87.2595 416.319 1
188.86 512.498 1
134.181 487.547 1
58.1876 500.982 2
224.998 182.97 2
323.197 259.716 2
143.01 191.301 1
151.17 244.06 3
327.288 378.273 3
346.661 449.978 1
129.483 352.211 2
208.317 419.064 2
338.167 303.976 1
394.527 520.757 1
115.909 253.639 1
133.637 323.591 1
118.91 530.889 1
350.014 436.06 4
373.149 102.448 1
393.914 371.397 1
413.74 489.042 1
172.91 172.415 1
340.289 445.896 2
171.131 422.84 2
174.061 463.321 1
261.742 173.5 1
272.028 223.133 1
147.501 200.596 1
154.9 237.152 1
147.81 400.695 1
447.582 126.093 1
445.218 367.045 1
449.668 440.038 1
421.687 560.053 3
355.529 566.607 2
175.075 184.455 5
264.932 534.06 1
83.6809 47.1244 1
77.6284 179.102 1
100.46 539.023 1
340.656 300.974 2
394.326 517.639 2
280.401 208.028 1
360.099 508.7 1
210.229 137.634 1
124.223 201.279 6
96.9047 195.461 1
131.881 308.182 1
397.556 387.487 1
388.155 521.345 4
373.217 556.717 1
292.425 112.803 3
293.884 131.728 2
353.378 355.161 1
297.577 198.499 2
180.855 449.523 3
171.301 520.79 2
364.641 99.1291 1
256.726 141.726 1
296.214 422.966 1
195.584 147.458 1
431.722 271.573 1
356.449 576.634 1
352.568 556.488 1
293.934 161.169 2
288.336 115.911 1
170.913 398.16 3
103.035 115.67 1
98.416 105.611 1
81.4702 352.264 2
400.13 152.892 1
299.859 528.324 1
209.929 130.729 1
151.444 485.292 1
121.831 117.113 1
122.808 409.194 2
113.154 513.225 1
102.943 272.139 1
175.684 186.181 1
175.714 441.174 3
310.219 174.229 2
306.555 191.043 3
319.171 156.853 1
384.814 134.628 2
169.659 491.289 1
248.393 183.196 2
72.9874 178.824 1
86.7775 81.2637 1
398.068 156.215 1
321.488 367.528 1
107.288 334.697 3
110.672 172.113 1
342.262 499.59 1
339.223 453.331 1
340.89 199.183 3
173.383 444.032 1
181.117 405.432 1
167.716 317.946 4
315.893 153.286 1
437.901 429.203 1
213.139 501.754 1
211.936 492.178 1
81.9318 402.707 1
384.423 544.146 1
304.733 521.276 1
413.127 340.497 3
351.456 422.017 1
311.505 396.641 2
270.734 346.462 5
111.72 533.364 1
324.385 171.026 1
89.3266 365.227 2
78.1049 368.515 3
236.203 93.8797 1
107.725 167.652 1
117.272 272.438 1
353.323 116.69 1
328.377 147.314 1
310.797 166.142 2
209.503 503.147 1
113.938 485.102 1
47.4027 435.172 3
357.029 182.377 1
104.422 142.871 1
459.59 517.099 1
457.873 484.382 1
371.522 497.942 1
442.099 432.719 1
306.603 516.984 1
182.93 466.299 1
131.505 483.042 1
386.062 186.661 1
283.051 237.616 1
177.834 302.459 2
185.913 263.439 3
137.743 281.533 1
435.966 107.708 1
334.027 458.524 1
129.659 389.048 1
226.787 137.94 1
310.553 409.509 1
327.435 302.642 1
315.056 162.165 2
202.231 192.604 2
297.565 188.303 1
210.846 232.925 1
412.429 500.894 1
418.765 313.701 1
107.536 229.575 1
418.413 112.942 1
439.586 497.518 1
330.471 506.313 1
443.284 465.338 1
417.945 454.291 1
325.661 427.713 2
186.847 466.742 1
426.152 329.234 1
150.747 280.854 1
238.608 227.916 1
47.3878 188.758 1
108.314 142.364 1
418.257 461.313 3
425.078 447.869 1
442.701 144.265 1
443.998 410.155 2
407.238 338.573 3
435.938 316.033 1
94.2147 420.603 1
369.622 289.407 1
333.239 297.224 1
411.589 265.271 2
89.5285 345.946 1
119.292 282.294 1
92.6175 188.578 1
225.898 228.921 1
139.082 288.572 1
104.869 292.265 4
18.0623 463.106 1
439.844 142.133 1
395.533 189.61 1
296.901 220.501 2
216.526 276.735 1
365.139 435.385 1
44.3642 441.873 1
377.727 451.509 1
207.049 468.983 1
332.102 466.904 2
138.723 152.491 1
130.611 292.639 2
108.934 293.873 1
125.444 339.604 1
59.877 460.271 2
436.844 142.036 1
427.987 234.71 1
331.413 246.027 1
158.071 367.117 1
73.0219 395.841 1
108.466 279.739 1
84.3205 336.229 1
129.772 341.021 1
420.583 115.308 1
150.487 126.498 1
277.465 165.496 1
209.555 159.398 1
332.024 249.688 1
219.382 237.359 2
224.223 242.096 1
127.669 226.261 3
407.043 416.607 1
72.6409 297.173 1
365.072 453.962 1
86.8141 423.685 1
159.792 312.559 1
174.187 379.059 1
277.62 235.841 1
204.122 290.01 1
117.86 332.768 1
171.395 175.967 1
403.048 365.601 1
414.133 149.358 1
274.278 165.895 1
208.008 153.107 1
222.025 168.851 1
146.902 126.655 1
192.571 220.936 1
357.471 454.504 2
87.9242 253.967 1
157.898 315.131 1
172.272 371.983 2
271.776 233.863 1
294.839 276.491 1
315.351 392.161 1
262.175 91.7775 1
174.512 374.984 1
216.521 466.489 2
170.102 418.251 2
217.284 477.34 1
191.282 217.508 1
115.261 257.515 1
294.062 169.472 1
157.737 142.741 1
344.796 466.352 1
428.439 426.944 1
266.129 94.0132 1
180.663 380.634 1
190.688 398.315 1
138.298 403.922 1
330.239 305.776 1
409.274 540.444 2
268.942 533.966 1
109.619 283.312 3
357.342 137.753 1
370.912 214.112 2
392.327 562.976 1
346.097 537.141 1
205.323 125.819 1
203.852 138.761 1
259.775 405.302 2
255.068 425.934 1
144.338 259.539 2
191.371 129.999 1
302.541 113.268 1
250.016 142.176 3
265.872 224.693 1
377.303 547.749 1
361.158 577.141 1
345.133 168.775 3
299.695 152.491 1
298.915 160.93 2
180.698 396.975 1
176.776 346.533 1
167.48 131.425 1
379.896 518.432 1
368.7 552.987 2
366.186 262.507 2
347.333 364.062 2
327.118 353.583 1
266.208 139.378 2
208.326 122.833 1
344.737 515.747 1
171.275 441.458 1
111.859 498.752 1
115.27 294.62 3
296.536 526.056 2
369.769 176.928 1
212.02 174.863 1
188.212 418.935 1
176.867 403.218 1
173.928 312.502 1
122.064 268.805 1
301.246 523.314 1
103.29 341.406 1
177.906 492.794 4
339.534 496.726 1
116.102 316.385 1
113.386 378.474 1
359.931 356.187 6
346.457 200.282 2
256.144 189.396 1
213.781 495.437 1
180.81 519.067 2
160.782 504.428 1
359.839 181.238 1
320.698 484.346 1
182.089 258.667 2
90.4996 236.628 1
350.685 341.794 1
320.662 292.492 1
334.936 489.461 1
161.8 509.115 1
129.316 476.336 1
53.7726 148.704 1
406.355 394.055 1
99.1981 198.985 1
404.462 247.889 1
326.091 280.908 1
48.0478 132.408 1
437.609 444.822 1
186.612 437.919 1
158.119 441.624 1
84.1233 363.564 1
331.255 148.848 1
101.858 200.979 1
410.441 338.175 2
102.973 163.376 1
166.107 370.157 1
147.782 372.249 1
184.812 236.065 2
328.085 348.317 1
436.295 305.299 1
409.201 255.101 1
198.948 193.158 1
248.053 209.288 1
311.491 232.806 1
177.572 239.252 2
84.693 312.942 1
162.585 368.579 1
331.163 410.461 1
354.151 420.674 1
146.667 281.193 1
408.326 427.732 1
52.0462 411.037 1
243.764 211.382 1
170.114 242.288 1
131.9 288.919 1
122.962 289.615 2
335.091 462.82 2
78.5684 458.789 1
214.454 223.244 2
114.523 194.445 1
164.656 241.65 1
197.442 296.07 1
160.5 257.25 1
272.039 175.565 1
269.735 213.38 2
226.318 238.265 1
157.63 218.174 1
132.452 345.887 2
122.861 383.161 1
270.459 179.383 1
134.572 291.371 1
213.838 435.466 1
269.818 208.81 1
349.291 442.521 1
179.111 364.346 1
417.569 483.769 1
183.08 320.85 1
202.838 156.676 2
330.578 375.063 1
153.879 233.495 1
175.828 164.557 1
186.991 373.262 1
195.404 391.441 1
107.787 439.663 1
341.761 111.894 1
156.385 231.652 1
299.832 138.03 1
302.967 146.968 3
297.622 181.549 1
182.509 188.443 1
181.373 287.993 1
186.309 377.113 1
194.321 377.948 1
183.63 444.981 4
313.259 177.479 1
302.946 143.271 1
299.724 125.854 2
354.196 503.03 2
354.315 516.326 2
169.319 141.427 1
166.184 166.003 1
196.693 387.055 1
251.546 104.36 1
212.632 548.811 1
197.803 411.239 1
192.626 395.709 1
209.979 540.846 2
362.421 314.485 4
301.208 129.612 1
195.493 397.678 1
168.545 360.134 1
345.027 219.087 1
151.392 370.489 1
168.161 156.788 2
331.577 152.855 1
166.221 508.102 1
362.125 392.07 1
219.229 158.344 1
206.542 179.055 1
305.643 200.664 1
363.935 186.319 1
135.057 267.827 1
121.376 275.836 1
143.446 430.863 1
216.952 155.463 1
249.082 214.089 1
331.527 421.244 1
142.019 262.544 3
151.968 254.171 1
132.763 146.827 1
387.142 415.172 1
410.297 344.182 2
416.39 263.529 1
97.9892 188.839 1
94.4944 350.243 1
340.612 294.077 1
