4978 21669
152.428 4.74172 1
406.952 5.13876 1
412.037 5.40759 1
784.805 4.53649 1
90.0333 5.77752 1
400.915 5.74779 1
376.457 7.98159 1
381.794 8.20159 1
386.551 7.49708 1
138.487 8.66571 1
448.814 8.92647 1
127.99 11.0204 1
258.806 10.7922 1
424.1 11.352 1
608.09 10.9412 1
186.226 11.4778 1
336.074 11.8446 1
341.942 11.5027 2
614.781 13.0682 1
645.513 12.6388 1
765.404 12.6354 1
175.713 13.9945 1
669.854 14.1075 1
98.4789 14.6467 1
112.964 15.4337 1
236.611 14.6853 1
372.561 14.8113 1
600.681 15.3327 1
620.818 15.0299 1
652.66 14.5766 1
364.9 16.2892 1
454.288 17.5336 2
710.654 18.7906 1
352.439 18.9482 2
80.12 21.2873 3
685.108 20.4666 1
731.303 22.2319 1
385.582 23.632 4
139.067 26.9129 1
172.637 26.2347 7
511.54 26.7713 4
500.201 28.0304 7
126.623 29.3597 3
100.748 27.6024 7
487.215 29.0602 6
113.802 35.736 2
278.144 38.6887 3
272.322 39.3944 10
351.7 39.6317 1
618.253 39.6279 4
265.158 41.5795 1
520.562 43.2186 3
320.964 42.0612 4
79.4658 47.0307 9
305.209 49.4128 2
262.552 47.8205 9
280.536 50.2699 2
692.962 49.631 2
718.609 49.585 7
640.901 51.0281 1
633.001 51.6496 2
245.119 51.7766 3
186.604 52.5798 28
459.033 53.171 13
598.187 53.3839 6
233.78 51.0962 8
489.909 53.5832 11
428.002 56.5525 7
501.99 54.6803 16
416.122 58.5734 6
735.449 57.4875 14
749.001 58.0115 10
44.602 56.6383 5
411.86 59.9343 5
405.932 59.4056 4
549.403 61.9295 2
396.42 64.2709 1
65.6467 65.0316 1
390.336 65.0233 6
117.985 63.4825 19
461.119 66.0223 8
474.858 65.7949 7
488.855 64.3765 11
500.992 64.3 11
39.3497 67.7208 6
384.204 67.47 3
53.6525 68.8389 8
198.81 70.4351 10
376.739 69.9385 3
517.122 70.2107 14
557.742 67.7249 17
136.164 70.0938 7
507.077 71.5457 1
368.841 71.7314 9
529.89 73.3421 6
357.21 77.5776 1
53.4947 78.0628 3
98.7551 78.7174 18
127.322 81.7599 12
576.056 82.1068 31
147.072 83.5058 20
168.256 84.5368 9
87.693 88.6521 5
159.973 88.1244 3
507.394 86.8672 4
513.927 89.0082 7
68.083 89.9093 6
138.777 85.5449 16
99.0153 89.1514 15
327.587 93.9353 1
523.947 92.6914 8
496.305 94.2323 9
36.1208 98.8254 8
133.666 95.9223 23
586.47 92.8957 20
536.504 96.8158 8
86.9771 95.4443 15
505.714 99.5727 15
547.886 101.213 6
314.87 101.607 6
597.052 99.846 23
141.396 106.032 11
487.15 106.146 12
607.618 105.914 34
565.585 109.543 7
62.3486 114.618 3
481.298 112.697 13
22.1285 116.911 6
577.873 117.134 6
544.934 122.125 6
587.939 124.02 6
247.516 125.557 3
473.428 127.545 7
490.259 126.347 1
429.165 128.187 11
154.718 127.374 7
593.792 128.872 1
241.351 128.729 1
279.428 129.077 11
584.92 128.539 11
36.8346 133.93 13
33.1808 137.189 2
275.204 136.324 10
489.591 139.39 2
389.267 137.972 16
399.287 136.931 24
407.627 137.405 24
415.956 142.358 5
579.51 143.048 8
633.442 143.586 8
28.2909 142.869 1
353.166 143.407 1
362.59 142.666 4
372.01 138.89 16
380.726 141.796 4
202.566 141.598 7
334.434 144.275 1
343.491 143.84 1
316.68 144.19 4
324.961 145.088 1
302.499 143.866 41
455.689 145.236 9
271.342 148.73 9
183.147 146.39 12
518.255 144.472 13
586.624 147.367 6
258.386 146.926 50
547.351 150.139 2
116.876 148.864 8
424.759 148.304 18
642.557 153.925 12
745.48 151.041 1
171.232 150.111 13
292.708 152.665 27
408.35 148.956 15
422.1 151.709 1
608.718 150.125 12
397.08 152.117 4
404.984 152.692 1
452.24 152.468 4
389.917 153.886 8
508.342 154.923 8
15.3013 154.86 1
371.837 155.112 2
377.729 153.844 9
165.556 154.827 9
291.937 156.03 1
359.581 154.825 10
362.155 155.841 1
465.024 154.889 14
474.152 155.561 8
99.3209 156.458 3
342.658 154.019 5
661.344 157.741 52
210.422 154.783 20
338.646 156.915 9
153.7 159.521 7
238.363 159.221 3
441.689 160.089 22
258.315 159.799 1
308.974 157.354 16
314.958 159.883 1
648.901 161.409 8
90.7928 160.827 3
224.003 163.161 8
254.846 163.829 7
476.913 164.562 4
653.61 164.101 1
146.626 162.26 9
55.7491 165.072 3
202.122 166.432 4
279.508 161.742 51
193.618 164.645 19
439.285 167.287 7
590.352 169.558 2
655.919 171.577 9
502.102 172.487 7
239.494 169.674 17
659.555 173.272 2
185.57 173.717 3
765.622 172.458 3
175.169 169.812 18
453.191 174.769 11
517.692 176.101 6
758.623 175.621 9
268.285 175.287 24
565.849 177.142 2
780.926 174.64 3
678.502 175.918 17
661.335 180.83 6
702.067 177.066 23
471.549 179.569 24
784.446 180.714 1
166.818 181.228 4
776.963 181.914 4
218.813 180.46 18
552.103 182.15 26
715.369 184.025 1
156.905 182.092 16
331.37 183.868 13
407.916 185.271 27
417.02 184.806 21
229.998 185.43 3
234.89 184.186 12
317.559 186.124 7
667.738 190.265 3
751.83 186.005 18
260.756 187.945 21
680.227 188.487 9
689.058 185.965 37
733.101 184.291 16
742.866 186.538 12
148.277 189.329 7
373.598 189.848 28
719.071 188.342 15
723.494 187.342 15
787.68 191.843 2
138.98 190.726 21
639.895 193.299 6
702.316 192.56 6
710.11 191.222 8
397.601 192.055 15
402.054 194.016 15
698.52 193.554 1
387.315 193.586 14
392.494 193.098 10
772.722 194.647 7
192.543 196.036 1
254.501 198.693 26
493.732 195.172 18
349.849 197.721 19
355.231 192.949 18
363.743 194.864 35
130.217 197.42 5
151.873 198.62 2
488.153 200.47 21
306.454 197.932 42
405.502 200.555 24
610.998 200.358 2
22.0823 201.141 2
253.202 201.448 1
312.973 199.115 29
670.874 201.379 18
688.633 199.417 20
122.53 199.486 24
283.568 199.258 18
294.046 194.516 37
384.6 203.584 9
369.482 202.913 25
173.109 202.113 4
475.482 203.506 1
133.918 206.691 2
110.179 204.774 9
315.553 208.175 2
489.236 208.604 5
647.684 208.481 3
753.065 208.147 25
676.33 210.446 15
759.859 209.576 2
104.267 207.37 13
154.081 208.311 6
617.067 210.827 5
437.71 213.408 1
445.176 212.537 13
456.054 212.928 1
245.163 212.99 25
504.717 211.882 5
119.077 213.525 14
426.39 214.691 1
315.817 215.508 21
96.1255 218.236 4
649.322 214.551 3
135.129 215.022 7
158.134 217.729 2
494.592 219.14 40
630.843 219.182 36
189.372 218.142 16
128.479 218.404 19
238.963 223.252 9
179.692 221.856 4
117.603 222.632 6
140.174 226.377 3
652.268 226.218 3
237.445 227.62 15
684.302 231.392 11
183.052 230.482 1
655.755 231.992 1
97.25 230.148 15
153.323 230.623 20
51.8956 234.903 2
93.0079 233.029 3
244.009 233.201 8
46.3469 237.294 1
141.558 234.472 6
164.779 236.659 2
134.483 236.811 19
687.298 241.573 13
31.5154 243.596 8
231.036 239.459 33
622.476 241.281 13
123.307 240.953 7
251.036 242.601 12
656.387 242.312 18
754.029 242.757 1
146.129 243.52 2
187.409 249.448 14
32.7598 245.454 1
115.716 243.352 22
179.02 244.825 30
168.998 251.519 7
270.075 249.015 44
103.684 246.256 11
126.436 249.519 3
191.66 251.818 9
95.7362 248.516 13
160.085 249.605 32
658.581 254.601 22
687.868 253.062 23
147.209 253.264 14
170.268 253.626 4
266.61 255.457 20
224.866 252.984 37
108.227 256.92 6
659.927 257.542 4
140.81 255.268 29
613.225 257.795 2
130.402 260.125 2
413.31 259.609 3
740.524 260.169 1
150.716 260.807 5
424.408 260.273 6
404.632 262.005 1
221.71 266.979 25
690.813 264.048 18
662.673 265.09 1
103.994 266.374 5
109.126 264.328 6
131.836 265.676 9
179.713 268.227 16
583.746 272.896 3
662.526 274.665 6
614.502 273.692 7
625.801 274.329 26
692.008 274.624 21
217.381 280.706 30
546.371 272.825 20
201.926 276.971 4
136.118 278.998 1
191.388 277.749 10
383.945 281.498 12
663.943 279.307 5
220.432 281.751 3
120.129 282.683 6
606.954 284.14 37
454.613 288.271 4
621.317 286.92 41
692.979 288.162 13
107.167 285.771 24
706.795 292.862 10
108.653 296.196 14
382.125 296.648 1
436.871 296.791 1
636.477 295.687 20
187.111 299.261 9
578.911 301.098 1
374.766 293.779 17
21.6614 305.276 3
212.26 308.307 19
129.262 305.303 1
438.735 306.543 3
390.516 302.57 37
183.975 313.957 17
291.32 312.105 19
210.837 321.507 26
288.967 318.051 4
389.018 317.117 27
192.492 325.973 14
80.7612 323.51 13
78.2623 324.768 2
184.385 323.35 10
59.7294 328.865 1
158.337 326.453 54
172.761 334.855 6
16.4359 334.652 2
231.096 333.627 21
377.041 339.22 15
88.842 345.44 5
213.17 345.143 8
341.04 343.019 1
7.36338 346.245 1
425.144 346.487 18
371.67 349.267 11
204.187 355.217 2
368.763 353.272 19
4.63057 357.437 1
65.7906 362.128 7
95.7581 360.691 15
362.584 364.484 11
428.859 365.947 1
58.4959 368.323 3
205.429 369.162 2
83.9517 376.947 16
104.942 371.309 8
357.048 375.541 14
60.4338 377.421 14
207.33 382.678 2
208.407 395.307 3
218.074 403.858 1
52.773 404.921 5
211.803 408.063 3
334.089 409.267 4
45.9081 421.458 7
225.823 427.365 2
219.812 431.55 5
318.185 432.045 12
230.037 440.31 1
326.136 441 2
313.687 443.13 15
66.6339 444.386 11
336.104 445.871 13
325.361 454.338 19
47.5289 458.943 15
60.1733 458.637 13
302.146 461.138 2
28.4914 460.368 8
241.791 462.225 2
635.848 462.497 4
615.927 465.245 1
370.428 463.38 24
319.285 469.695 6
359.894 469.671 7
22.3753 472.274 2
293.148 472.124 6
608.465 473.28 15
6.16541 478.156 1
12.2988 478.139 1
587.406 478.458 2
315.856 476.625 4
59.2614 478.069 9
615.972 479.73 3
601.261 482.601 14
309.298 484.142 4
355.543 488.458 26
591.902 487.403 4
19.2259 491.886 2
5.43936 494.106 1
257.662 493.359 23
584.341 496.185 5
8.56477 504.095 1
575.496 503.493 3
352.96 507.416 1
344.58 508.404 3
566.594 510.764 1
349.088 514.906 2
572.566 516.421 1
314.873 520.695 1
346.43 520.626 7
563.333 522.268 1
554.341 526.448 5
334.988 528.362 15
544.956 531.01 5
352.989 534.043 19
534.981 537.155 3
11.0747 544.617 1
494.794 546.185 1
325.997 546.51 1
514.676 546.043 5
485.517 549.952 1
4.55465 551.665 1
351.5 547.084 17
475.571 552.48 1
13.6962 552.617 3
465.121 554.903 1
359.644 553.757 5
453.913 556.523 1
457.175 562.714 1
769.163 577.042 1
771.196 583.304 1
209.187 4.63828 1
431.005 5.18758 1
505.502 4.72261 1
511.859 4.86408 2
635.505 5.31586 1
187.216 5.60106 1
344.301 5.64694 1
200.707 6.84636 1
229.812 6.89509 1
110.372 8.09815 1
571.448 9.44459 1
627.565 8.39214 1
760.655 7.92149 1
72.0496 10.0766 1
406.344 10.1742 1
461.53 10.4096 1
691.983 10.109 2
660.163 10.7764 1
82.5203 10.9225 1
242.286 12.4306 2
441.222 11.795 1
486.77 11.5891 1
141.524 12.6043 1
316.421 13.1712 3
382.258 13.4014 1
723.354 13.2321 1
289.459 14.0986 1
450.025 13.8856 1
152.81 15.1826 1
181.426 14.592 1
200.518 15.2254 1
223.776 15.132 1
607.132 15.4882 1
127.905 16.1671 1
421.126 15.9161 1
170.934 16.7398 1
267.881 17.4308 1
337.197 17.3996 2
191.291 17.5119 1
243.555 19.4755 4
345.483 18.4295 1
675.962 19.7037 4
63.308 20.0906 1
89.1249 21.3325 3
255.38 19.6313 4
379.501 20.6746 1
279.605 22.3066 4
365.088 21.4844 2
425.066 24.0604 5
504.172 22.6847 1
169.006 24.2641 1
177.738 24.3624 2
265.519 25.106 6
97.89 26.0606 1
89.0442 27.0555 2
79.3847 28.0101 2
133.141 28.8719 3
398.885 27.8193 2
109.436 29.0219 8
581.129 29.8235 3
274.594 29.3426 6
627.783 29.9484 3
171.17 31.8337 2
505.806 33.5547 8
717.715 32.9971 9
220.596 34.7473 8
128.443 34.0307 1
148.952 34.7485 15
494.205 33.9767 5
236.263 35.9673 14
324.507 35.0933 2
345.018 35.591 4
98.8983 39.4083 18
108.392 37.6973 3
253.533 36.74 3
519.563 37.5968 3
174.967 39.7125 6
66.5505 39.8408 1
120.152 43.0414 7
140.659 43.5961 6
540.74 43.8365 3
297.681 47.5178 17
241.724 48.4551 2
286.692 49.0502 16
562.16 47.7047 1
225.702 48.7453 8
110.253 51.3025 10
184.262 51.8989 5
275.039 53.7604 25
38.9493 55.657 7
60.7265 52.5869 5
250.236 54.1039 12
538.391 51.4417 8
265.707 57.7524 16
511.582 57.4542 20
473.916 58.5945 14
28.022 59.3836 2
185.635 60.5169 16
53.9332 60.3651 5
135.42 59.4086 1
466.21 60.898 7
742.251 65.8217 16
451.376 62.4443 1
528.342 64.4805 14
437.222 64.0092 5
46.9531 64.7391 16
80.7694 64.7041 5
97.1857 64.4909 1
33.5661 64.9175 2
420.891 67.3681 4
190.46 69.4468 8
403.711 71.6473 7
532.893 70.2575 3
116.684 70.5398 4
128.382 71.512 10
471.384 72.3647 9
484.988 72.0916 7
91.1591 71.4322 1
457.802 72.5513 11
499.529 74.0251 12
40.5815 74.8553 9
48.7562 72.86 5
443.854 76.9059 18
551.331 73.5031 11
391.438 74.3151 6
514.087 75.3884 7
564.701 76.455 12
124.007 78.1532 9
373.069 75.6912 6
427.466 78.4626 9
525.321 77.4635 8
377.47 80.0918 9
82.3311 80.8977 10
536.595 80.9756 12
360.093 84.6601 21
410.706 81.9123 11
365.162 83.9553 4
549.383 84.3128 9
118.626 84.7312 11
155.14 86.9305 4
457.19 85.2226 7
470.193 85.0321 9
483.536 85.7005 5
102.586 86.4034 7
442.178 88.9118 12
88.7491 87.4365 6
66.956 88.0203 3
346.276 88.3417 13
78.1413 89.2632 1
383.852 90.9758 15
560.677 88.9257 8
352.555 89.7106 4
417.794 90.2725 5
146.361 92.2009 10
86.983 94.2746 5
134.256 92.5306 5
572.328 93.5736 9
370.752 96.6803 21
504.048 95.6461 30
337.961 98.1983 7
391.528 96.743 3
26.7862 97.8392 1
68.5907 98.5831 12
59.1933 100.426 17
77.8721 100.476 12
100.676 99.0705 1
488.419 98.4107 9
532.142 100.752 6
582.699 101.448 7
345.797 100.859 3
358.784 103.482 18
514.051 101.483 1
132.982 101.304 16
539.902 103.061 6
9.01281 103.413 1
91.3457 103.631 1
106.82 105.138 5
25.1481 104.223 6
593.698 106.947 11
347.483 109.245 17
503.2 108.849 10
83.4133 108.022 1
331.274 109.929 3
158.948 112.421 11
308.511 111.03 2
90.6907 112.246 1
315.101 112.722 1
603.466 113.928 9
615.758 113.929 28
335.182 116.503 23
147.969 116.945 7
349.248 118.664 8
368.975 116.462 2
567.862 117.537 1
40.3831 116.855 11
495.764 122.316 19
26.9212 119.288 2
297.042 118.794 8
475.814 119.892 1
612.236 120.523 9
302.807 122.02 3
138.12 125.276 11
323.461 123.327 18
342.488 125.091 17
434.228 124.07 1
444.78 123.855 1
130.776 128.308 12
16.2552 127.868 1
620.933 127.996 10
369.627 130.025 9
291.805 131.208 7
345.077 132.73 13
245.83 132.916 4
312.221 132.394 14
271.214 133.353 3
25.8244 134.807 5
122.043 140.041 13
43.4384 135.942 4
588.115 138.435 7
314.072 138.861 7
424.094 136 4
281.801 141.423 13
300.298 141.641 3
409.823 140.559 1
262.002 141.704 1
480.898 143.624 31
99.2578 145.955 4
348.311 145.178 2
366.801 145.144 1
437.448 146.006 12
329.625 147.239 3
358.818 149.497 14
375.813 148.535 18
393.17 147.221 11
484.526 146 2
651.588 147.97 39
31.2699 146.786 8
217.467 148.836 5
337.344 149.043 12
320.294 151.517 17
196.64 149.336 16
521.845 153.081 25
205.998 151.376 2
289.588 151.243 7
305.926 152.507 15
270.368 152.431 10
541.442 155.636 4
179.87 154.48 17
430.449 157.141 22
516.879 157.537 11
583.206 153.732 18
263.893 158.119 19
187.402 156.663 10
27.9536 160.089 1
103.377 160.042 1
245.132 159.314 2
296.357 160.418 6
467.983 162.067 7
162.628 161.362 22
277.364 161.917 1
75.8765 164.37 8
171.038 163.704 15
593.589 164.73 11
667.257 165.145 9
114.491 164.931 2
22.4269 166.073 2
215.955 167.269 20
46.025 167.524 2
794.511 167.92 1
253.693 170.216 5
624.863 170.393 5
19.018 169.887 1
480.587 170.842 9
521.221 170.018 8
680.159 170.371 9
142.229 169.948 9
152.462 172.09 28
190.731 172.577 16
665.617 172.968 33
245.569 174.763 1
272.143 172.967 6
424.647 175.245 17
507.696 175.371 14
198.042 175.557 14
21.295 179.927 1
127.187 180.63 15
172.543 180.33 15
693.16 179.08 5
741.922 179.929 1
752.707 180.715 4
765.61 180.909 6
45.0406 180.779 2
135.616 181.207 22
561.764 182.339 11
681.973 182.826 3
733.163 182.321 5
331.571 183.28 5
546.225 182.017 7
640.569 180.72 4
709.11 181.656 3
721.398 183.425 8
393.435 183.636 7
677.42 182.612 7
180.523 185.991 17
743.067 184.794 3
255.575 186.951 15
302.021 186.504 20
782.347 186.169 1
154.843 189.023 16
241.164 189.772 2
463.462 190.31 7
445.83 192.494 7
222.825 193.506 22
163.146 194.158 15
683.722 195.142 14
409.937 196.612 29
249.921 196.947 5
264.711 199.543 30
452.816 196.193 10
716.553 195.693 1
276.695 195.815 30
137.109 197.739 20
372.334 201.674 31
387.58 201.13 3
15.5975 199.997 1
203.449 201.489 16
143.493 202.51 16
322.455 207.057 50
354.134 204.728 17
424.972 202.958 8
766.49 203.723 6
416.875 205.656 4
493.813 203.972 19
616.036 204.128 4
698.435 204.862 33
272.279 207.928 48
286.801 208.669 11
480.951 205.268 37
630.221 206.116 2
780.074 207.489 6
187.23 206.359 13
738.746 205.292 9
225.814 207.73 1
653.181 207.392 8
241.096 210.797 11
624.631 211.675 14
727.223 208.737 9
614.995 209.603 1
127.612 210.364 17
161.826 211.197 12
421.258 210.606 7
498.431 212.284 12
686.409 208.655 16
237.394 212.428 4
478.672 216.672 33
170.742 219.631 27
253.824 217.27 5
101.905 217.643 26
264.729 217.893 2
453.051 219.202 45
283.339 218.344 24
110.435 219.023 18
342.234 219.847 15
415.246 219.688 2
312.807 221.799 11
327.118 221.133 11
150.175 221.653 14
211.74 224.871 9
623.511 222.956 10
687.586 224.008 6
767.42 225.85 4
229.806 226.049 5
249.071 227.233 19
636.035 227.349 10
316.875 231.418 21
194.056 233.227 29
496.566 229.008 1
133.094 230.07 20
325.349 233.209 1
693.953 236.836 33
175.469 235.914 12
229.401 233.952 6
36.5067 237.08 11
282.619 237.825 9
115.235 238.152 15
246.928 239.095 17
256.88 237.887 17
197.573 239.966 12
222.207 241.025 26
634.907 239.238 3
240.685 240.305 7
273.085 240.677 13
157.384 241.285 27
97.6133 244.762 14
53.3111 244.846 3
664.654 246.982 5
139.751 248.809 33
182.436 248.986 2
625.876 248.62 3
748.03 248.983 1
111.934 250.269 12
697.452 250.726 36
215.353 253.345 4
98.5637 255.401 4
120.946 256.04 46
259.788 256.588 19
234.712 258.184 28
769.326 260.457 11
101.404 262.434 24
755.54 262.024 15
205.519 261.707 9
656.828 263.392 5
741.157 266.713 25
232.053 264.567 11
645.886 265.401 3
697.816 266.362 20
729.332 270.13 29
209.6 267.703 14
237.975 267.554 11
157.914 269.281 13
719.104 269.79 8
433.646 270.88 1
705.093 272.264 5
556.794 275.135 12
172.125 276.285 5
197.078 282.029 16
589.276 276.141 19
635.392 275.175 7
710.123 277.439 19
614.909 279.294 10
119.259 280.904 4
553.529 280.28 42
696.359 281.185 12
726.579 281.385 10
182.874 282.197 17
660.006 284.782 26
638.695 285.381 25
705.339 284.599 9
109.651 284.574 3
128.225 286.842 24
588.14 286.107 3
633.323 286.133 5
719.695 287.491 17
145.677 289.177 5
554.93 290.423 24
6.61315 290.126 1
16.5295 290.85 1
117.165 289.969 2
180.857 293.787 10
247.444 290.44 3
610.121 292.051 7
712.86 293.382 16
724.086 292.272 1
545.19 293.327 3
649.328 292.427 31
698.763 293.575 17
441.063 293.849 1
625.076 296.091 3
599.832 297.763 41
201.861 297.126 11
705.743 298.245 4
129.443 300.099 7
144.31 297.226 6
194.206 297.89 14
457.303 298.832 10
151.064 298.829 1
224.64 300.422 44
591.036 301.469 26
339.144 300.117 52
582.315 307.136 38
222.798 307.147 4
26.7431 308.443 9
107.414 309.571 8
554.566 311.755 2
667.407 312.493 1
279.461 316.913 57
385.006 314.106 2
33.5061 318.157 9
223.274 318.738 30
356.968 319.696 19
550.358 319.389 19
22.9241 321.432 2
290.176 324.683 15
666.276 324.511 2
511.403 325.567 12
554.874 326.911 2
284.15 327.834 2
489.961 328.338 12
163.484 332.137 28
446.833 332.791 30
224.09 336.66 41
432.748 332.114 5
698.266 332.702 11
29.4822 334.021 8
182.801 334.255 16
161.827 336.096 4
416.659 334.441 2
664.456 334.439 2
239.615 334.569 8
87.0494 335.118 15
444.058 336.716 13
545.764 335.954 1
20.9678 338.882 1
683.774 337.629 2
108.137 341.833 7
38.6874 341.94 2
537.387 342.367 5
121.233 343.168 12
171.996 342.522 7
226.817 345.487 8
677.276 343.798 2
663.643 347.642 9
341.193 347.687 3
429.156 350.921 18
684.612 348.425 6
361.112 352.146 14
345.273 352.23 6
163.161 352.631 5
673.788 355.072 1
93.762 359.005 25
317.588 358.651 23
660.137 355.749 5
354.807 357.834 6
679.198 360.091 1
108.599 363.385 8
342.456 360.404 3
8.85013 362.004 1
211.332 361.569 2
349.264 363.105 7
335.084 368.52 8
100.917 365.519 2
657.409 366.238 4
330.01 366.67 10
65.6253 367.774 7
675.866 370.985 2
7.42779 371.794 1
212.824 374.8 1
654.276 378.236 17
195.102 378.039 1
673.224 381.552 7
657.349 385.25 2
20.6304 386.934 1
648.764 388.806 8
215.19 387.855 1
662.909 387.891 4
76.1433 389.22 12
135.47 393.226 6
198.055 390.569 1
103.759 392.169 5
123.163 395.138 9
668.97 393.329 7
11.9854 395.354 1
652.385 395.533 2
108.054 398.12 2
645.761 399.472 11
658.149 398.85 5
218.487 400.563 1
70.1525 404.561 11
664.297 404.394 8
647.661 406.237 2
639.313 406.967 7
13.1429 411.272 1
652.97 410.544 17
221.382 413.307 1
658.66 414.99 7
641.674 416.166 1
633.893 418.141 8
12.8047 422.136 1
647.007 422.709 34
630.39 428.904 12
653.193 425.675 6
636.554 426.281 1
87.0608 430.166 3
229.399 432.767 5
642.344 431.464 23
324.587 434.241 9
624.412 437.754 14
230.819 435.832 2
635.41 441.689 21
647.62 435.905 6
324.48 445.937 24
636.441 440.534 7
10.5871 442.253 1
239.274 442.018 1
617.349 446.766 15
640.873 445.91 7
624.08 446.022 4
320.584 450.194 10
47.9047 451.016 6
245.227 451.875 2
335.716 454.717 26
610.097 453.051 19
616.669 454.475 2
634.836 456.08 7
43.1717 458.559 1
331.937 460.18 7
600.577 462.668 14
76.7202 461.919 2
346.972 470.276 23
608.896 464.542 5
58.605 467.152 13
247.216 466.582 15
626.965 465.467 7
45.564 467.61 10
68.6336 467.09 14
306.015 468.085 4
258.819 472.291 11
600.313 473.531 6
243.19 474.648 10
253.44 475.424 20
346.082 477.001 3
619.953 475.555 13
26.5764 476.293 1
356.775 477.464 1
340.649 482.402 4
590.329 482.543 11
8.85523 482.82 1
46.2589 483.681 5
260.011 481.087 7
578.332 483.188 11
52.7313 484.082 1
288.678 484.695 9
611.974 484.611 11
583.941 487.98 4
769.842 492.305 6
360.468 491.067 2
603.716 493.15 11
761.347 492.865 5
335.967 494.719 10
270.425 496.386 58
576.265 495.102 3
15.6902 498.302 1
753.535 502.271 8
596.021 500.597 9
268.665 506.531 13
296.162 505.128 15
587.999 508.99 14
19.8549 507.954 1
5.86302 508.699 1
548.908 513.883 4
578.955 514.891 12
753.548 514.955 1
541.132 518.651 1
571.099 522.243 9
52.3635 523.967 1
530.633 524.161 4
348.41 529.358 8
560.936 528.488 11
521.854 528.28 1
39.4031 531.616 7
551.971 534.05 10
505.844 535.607 1
495.278 539.37 1
541.559 539.137 10
484.98 542.935 1
532.207 544.896 9
474.956 544.718 3
466.011 546.931 5
521.53 549.521 10
363.194 549.229 9
453.643 549.852 5
388.684 551.299 1
440.233 551.103 5
10.4298 552.251 2
398.497 551.575 1
408.464 551.931 4
417.755 551.895 13
429.399 551.907 6
510.434 553.777 12
482.153 555.173 4
499.657 557.868 6
350.397 559.297 3
15.5442 561.174 1
362.305 562.945 8
369.41 563.126 11
379.756 564.082 2
392.062 566.893 6
451.566 567.442 2
405.198 567.753 5
415.308 569.459 4
428.03 569.36 4
437.467 569.159 3
779.2 570.257 1
771.47 571.224 2
775.026 581.704 1
676.305 9.8437 1
573.284 11.8268 1
585.582 14.8923 1
150.61 18.6203 2
383.624 30.0062 8
366.402 32.2743 4
186.004 36.8828 10
313.469 41.4911 4
590.764 44.7202 5
99.6581 49.3018 5
242.129 60.003 16
211.7 70.4913 9
432.699 90.3839 13
123.658 100.9 5
524.242 104.889 6
553.772 113.008 13
165.997 122.968 9
463.817 125.57 32
377.027 149.633 5
87.9865 153.824 4
786.917 156.033 2
14.2688 163.873 2
635.71 173.469 6
723.367 186.951 3
286.81 188.598 22
333.468 203.842 17
307.852 207.212 5
297.942 209.347 21
22.091 211.939 3
412.924 212.999 55
190.469 269.637 44
448.514 275.721 22
328.307 344.374 24
312.182 346.792 14
69.9048 347.473 9
45.7804 357.979 3
131.329 364.213 4
55.9487 412.608 7
71.3563 454.846 31
251.324 462.566 9
309.447 514.296 9
348.282 531.501 7
339.159 537.082 23
789.501 591.435 2
176.339 9.98777 1
124.102 11.1565 1
634.497 14.3167 2
355.139 16.665 1
517.331 21.1648 1
479.571 24.1966 1
323.454 30.1484 6
121.16 34.3404 15
270.233 38.0224 1
236.895 50.2935 12
504.64 54.0112 1
734.607 58.7318 1
752.256 58.7708 2
118.056 64.2881 2
421.556 74.0462 4
542.817 75.9652 17
183.239 77.9763 13
199.968 77.5055 41
165.279 89.6819 20
586.939 91.319 6
34.9583 100.782 5
166.615 105.343 1
295.767 113.411 14
483.924 111.591 1
489.685 135.181 3
275.317 138.37 1
430.604 136.92 28
168.064 138.035 5
230.878 138.871 26
533.925 145.229 13
19.7495 148.395 1
588.686 147.931 1
210.951 155.263 1
508.337 156.376 3
644.416 156.291 1
481.816 157.939 10
442.148 161.755 2
650.452 164.339 1
779.856 171.545 1
500.73 174.578 1
680.547 176.127 1
739.164 175.892 2
703.519 177.789 3
726.076 176.712 10
158.299 179.338 2
787.318 179.508 1
661.462 182.562 1
418.27 186.507 2
665.47 191.326 2
327.766 194 4
383.769 196.137 4
520.856 197.222 12
85.7151 196.496 8
122.231 196.027 5
278.501 198.271 7
343.547 195.726 26
460.152 199.09 15
105.237 206.07 5
483.863 207.565 1
633.655 208.811 4
783.227 209.579 1
584.804 215.297 11
715.084 216.598 9
679.59 220.867 11
36.1781 225.58 4
96.2666 231.023 2
684.018 237.307 3
687.418 244.189 1
223.182 268.75 2
547.621 273.577 2
692.061 277.364 1
100.834 277.436 12
461.171 284.475 24
626.572 283.381 13
215.299 293.933 21
639.065 294.295 4
215.41 310.047 2
292.79 310.68 1
46.8108 312.075 4
375.971 312.929 17
214.447 324.755 2
433.19 322.152 18
177.572 327.358 62
212.728 334.329 14
377.516 345.872 3
75.4987 341.921 18
158.445 343.119 8
432.473 343.503 3
61.646 354.674 6
326.098 421.451 1
312.794 445.492 1
354.429 452.374 13
236.187 464.578 12
372.172 464.318 3
16.8735 476.739 1
243.887 478.222 1
278.013 483.022 13
247.912 485.638 14
356.022 491.638 4
295.752 495.925 11
346.496 511.784 5
331.262 524.395 4
10.154 541.543 1
415.916 562.713 4
190.345 10.1335 1
207.022 9.62743 1
263.69 9.09417 1
646.609 9.76284 1
144.944 14.4137 1
408.434 13.6913 1
464.68 14.492 1
576.316 13.5165 1
680.698 13.8647 1
245.297 16.6716 1
294.511 15.3493 1
384.925 16.4756 1
611.182 18.3897 1
773.847 18.4006 1
75.1315 18.8219 2
126.13 20.163 1
171.905 20.8498 1
339.989 22.9372 3
421.395 26.3179 1
79.5743 32.0658 1
634.805 31.7221 1
147.954 36.642 1
349.693 36.5404 2
505.278 37.7159 3
526.219 38.9187 1
41.9451 42.2646 1
318.254 42.2525 8
96.9315 42.7744 3
122.888 45.8397 2
262.266 47.3223 3
591.195 47.9027 5
646.507 46.8548 1
288.898 50.4208 1
550.145 52.8869 9
276.005 55.3015 4
110.447 59.993 8
516.767 58.5603 2
476.867 61.382 6
444.799 63.3903 9
488.426 60.1207 13
180.986 65.6413 7
413.864 66.4434 15
558.006 67.3999 3
742.506 67.427 1
400.15 68.9948 6
83.3223 72.92 22
195.836 70.8651 3
117.254 75.6907 13
375.532 76.9438 1
460.396 76.4522 2
474.2 76.1702 1
569.711 77.5674 8
62.4606 76.7376 3
448.716 77.5644 1
431.945 80.2048 2
126.06 83.524 1
415.483 84.0901 6
200.011 89.6821 2
52.0647 91.0453 8
387.497 92.6102 1
434.983 92.3935 2
12.5972 94.1521 1
133.545 97.7401 1
373.412 98.759 2
505.658 98.2667 7
81.219 100.451 4
362.306 103.861 1
28.1594 106.808 1
59.3076 106.887 10
349.716 110.316 1
508.141 112.783 6
162.229 117.919 10
407.905 117.15 5
421.08 116.654 2
337.301 117.313 2
386.69 117.936 16
14.3489 119.133 1
295.46 122.218 1
349.329 123.957 2
478.474 124.596 14
325.263 125.977 1
632.905 127.9 51
47.61 132.907 8
313.58 134.789 1
369.327 133.15 1
254.187 136.712 37
56.3193 138.043 5
443.398 145.008 1
496.487 144.719 8
408.116 148.351 11
361.748 150.551 10
339.044 151.414 12
40.3396 155.342 5
222.589 154.102 1
309.699 155.35 8
521.393 156.909 2
269.524 160.719 4
545.43 160.131 30
433.821 160.068 14
238.849 168.137 1
465.894 166.264 7
675.559 165.361 10
598.219 169.668 4
26.0756 171.064 3
669.96 180.319 27
510.051 178.886 10
770.153 182.518 1
446.924 185.071 32
749.416 184.211 4
685.144 185.202 10
473.514 189.942 26
555.708 196.569 2
444.598 197.068 9
686.154 198.904 8
96.1218 200.295 15
371.863 203.319 4
432.515 199.861 10
268.917 205.928 3
327.212 206.285 11
769 206.332 2
23.6787 208.267 1
119.286 206.817 14
701.034 213.021 19
489.483 215.696 9
458.077 218.645 4
425.825 221.475 59
197.33 234.321 4
700.117 234.722 17
261.597 235.7 10
65.9825 238.531 4
244.788 242.8 6
193.366 250.135 21
667.047 249.696 3
47.5657 253.424 2
176.376 256.713 17
159.697 257.612 29
236.441 259.623 2
771.942 261.136 1
135.891 266.671 8
272.736 266.248 1
190.621 272.293 2
621.385 273.068 7
571.035 272.167 25
113.578 275.455 17
452.004 277.509 4
592.642 277.071 2
558.088 279.306 9
415.496 283.052 1
200.709 285.9 3
526.386 283.825 13
651.194 287.516 8
483.722 290.675 7
701.103 287.99 17
155.875 293.867 9
563.201 291.049 1
604.706 298.521 8
714.745 296.947 1
198.313 299.922 1
226.117 301.504 2
459.285 302.791 5
112.551 303.754 36
30.6865 307.361 1
364.797 308.261 7
344.784 310.85 11
445.395 309.419 6
193.401 313.616 8
280.384 318.327 6
38.7243 320.424 1
766.641 326.813 4
190.636 325.074 6
291.551 328.368 7
166.023 331.594 2
449.242 336.47 14
223.883 338.216 25
350.639 341.047 34
332.41 342.907 14
541.633 343.585 1
23.3377 348.986 1
233.508 349.088 3
89.857 349.097 16
528.464 349.026 1
664.161 348.991 1
132.572 368.109 1
81.3078 379.585 11
649.728 390.975 1
137.884 393.673 4
124.691 398.648 3
73.2531 404.23 7
18.1175 413.285 1
16.3115 425.874 1
50.6434 429.526 4
659.029 431.163 1
90.372 433.802 1
640.065 437.223 5
652.728 440.5 1
14.627 443.544 1
647.575 448.589 2
627.154 452.479 53
316.773 455.672 7
49.8768 455.348 1
338.451 457.692 9
624.909 458.93 11
638.278 464.046 4
600.008 464.217 1
634.37 467.279 1
53.8905 471.859 4
613.396 470.211 17
308.772 465.729 6
348.513 472.718 1
70.6015 472.032 4
257.103 479.986 7
622.353 478.871 1
17.0329 487.021 2
36.0283 486.965 2
294.129 486.618 6
596.925 486.788 9
612.275 490.743 2
768.846 495.189 1
272.195 495.984 4
608.25 494.815 2
363.576 499.32 15
15.4242 502.823 1
304.157 507.451 6
598.126 503.917 1
273.163 512.441 1
291.939 525.333 1
352.251 529.877 2
564.182 530.542 1
43.847 534.348 1
555.122 536.303 1
544.186 542.214 1
533.57 547.664 1
524.315 551.686 1
352.569 563.904 1
151.923 573.927 1
525.063 85.5356 5
90.7104 91.5141 4
203.228 137.015 6
658.588 154.672 3
275.031 211.638 6
456.478 279.699 3
446.779 291.462 26
538.967 322.79 11
504.44 327.382 9
301.611 349.039 11
119.282 353.192 20
489.863 551.787 6
382.271 554.158 17
404.767 560.591 5
780.858 576.564 1
521.332 24.867 1
158.276 25.8618 1
124.799 40.7895 1
193.559 48.643 2
761.176 60.0427 1
259.27 73.1556 1
52.5778 74.2669 1
202.005 82.2272 1
238.853 80.7389 1
135.54 106.509 3
477.37 110.055 4
266.099 121.644 9
329.02 137.119 8
427.096 132.954 7
158.507 140.979 7
482.928 151.33 8
712.867 177.823 1
498.008 190.847 7
543.645 194.134 13
310.578 201.712 1
604.9 214.056 20
708.812 217.43 10
57.145 242.507 2
231.393 247.491 1
313.009 249.274 1
655.575 250.144 1
463.872 281.125 3
604.756 282.68 2
626.665 284.065 2
376.937 294.743 3
41.4036 308.124 1
498.165 308.709 1
472.96 310.937 4
181.879 323.233 3
363.458 323.214 3
133.914 335.499 4
298.595 334.047 4
70.7118 375.386 5
377.334 454.827 14
19.0009 471.566 1
285.783 479.315 12
252.257 497.451 5
689.914 19.166 1
775.611 23.9104 1
616.661 35.5417 1
150.598 43.3997 1
497.738 43.5771 1
101.998 51.9548 3
298.198 50.9444 1
182.085 70.8757 6
228.184 67.0749 5
279.086 82.7913 3
592.2 83.041 2
21.1041 85.139 1
533.034 88.2935 3
92.7846 94.6623 1
394.431 100.181 2
328.651 104.109 2
42.3432 110.79 1
512.613 129.853 3
567.231 124.68 8
257.524 144.315 1
321.41 157.291 8
23.0189 161.051 1
574.295 162.341 1
215.492 165.123 2
352.921 177.577 2
468.779 174.851 1
521.51 177.741 1
51.6845 185.814 1
114.403 188.782 11
624.45 188.949 6
771.437 188.356 1
30.0032 207.474 2
405.054 206.581 2
556.437 207.868 2
77.9612 212.112 2
332.247 212.153 8
373.363 214.056 14
443.958 224.047 5
488.098 224.076 1
646.719 243.47 11
707.727 242.843 2
53.4968 255.873 3
245.221 259.938 2
678.268 259.813 1
777.468 264.579 1
165.397 269.194 3
737.444 272.954 1
284.697 276.895 2
563.822 281.16 4
520.871 289.745 3
653.268 292.389 1
208.143 300.048 8
392.678 298.602 2
421.885 302.015 1
235.645 303.165 2
608.777 304.501 1
116.716 313.999 9
203.761 322.627 2
54.394 329.69 1
773.6 328.378 1
725.53 336.545 1
454.208 339.1 3
368.424 341.392 10
97.1375 345.696 2
250.76 354.362 1
29.674 363.269 1
660.773 375.198 1
91.7526 384.798 1
76.0555 430.482 1
626.095 435.642 1
648.302 468.183 1
79.2542 483.157 1
41.8401 499.551 1
283 500.114 10
776.172 501.776 1
320.351 507.19 3
281.915 529.769 1
23.5457 575.416 1
361.346 574.312 1
516.987 136.245 2
473.9 140.144 6
531.763 178.954 1
424.866 309.352 2
517.935 330.632 7
60.922 335.771 1
31.8554 366.167 1
286.497 535.21 1
271.734 58.0018 1
207.279 69.7397 1
199.053 85.9688 1
168.063 94.0256 1
683.939 156.839 9
303.295 193.728 3
492.941 192.935 1
276.863 257.683 1
57.6409 302.998 1
360.385 305.027 2
172.917 329.672 3
294.143 465.295 1
699.401 39.7799 1
483.812 56.5322 1
628.462 92.7988 2
92.2443 100.234 1
213.692 123.493 1
586.061 200.756 1
47.2555 205.273 2
88.8592 232.522 2
346.171 231.939 2
465.669 238.712 1
619.573 258.381 2
678.428 298.348 1
143.641 308.404 1
257.385 307.317 4
600.022 320.592 1
523.268 335.984 2
474.033 348.855 2
199.832 362.724 1
307.536 367.379 2
121.257 378.358 1
40.3586 385.901 1
362.539 430.506 1
430.981 434.489 1
668.913 460.104 1
299.115 502.106 2
51.4139 520.759 1
150.368 308.581 1
325.106 374.94 2
423.488 191.855 9
255.15 248.436 2
569.266 448.879 1
448.163 100.668 1
699.346 123.942 1
493.733 260.684 1
348.413 272.306 1
704.245 342.877 1
516.685 369.695 1
147.361 427.2 1
335.321 497.119 2
447.059 496.626 1
413.018 317.925 1
344.523 26.6074 2
252.436 30.6351 1
311.878 34.3607 5
516.242 32.8085 7
120.555 35.4464 1
292.699 40.5827 5
111.793 41.899 10
448.104 67.7543 5
435.504 70.4874 1
554.127 79.9957 5
48.8689 83.5079 1
138.666 85.6957 19
566.326 85.7086 12
577.239 90.7314 9
21.6414 97.8937 3
539.79 117.662 1
17.5361 121.862 2
489.461 130.068 10
609.269 142.368 4
752.159 174.526 7
743.351 174.946 5
610.506 182.643 6
634.327 183.593 1
421.661 184.017 10
30.9318 189.007 1
61.1123 193.814 1
544.023 195.292 2
183.141 196.827 9
379.965 196.172 6
460.254 197.805 1
341.023 198.916 1
234.948 200.365 1
164.787 203.386 11
146.535 211.651 14
511.274 217.763 19
22.5906 220.38 2
159.992 228.655 8
208.232 228.357 4
121.89 234.08 1
234.831 238.462 1
263.718 241.988 3
103.381 241.096 1
111.843 271.706 2
655.796 276.129 5
589.419 293.183 2
378.115 311.073 4
214.3 333.512 1
159.541 341.67 2
46.7849 347.494 13
656.874 409.484 1
645.905 429.815 1
269.112 480.085 5
361.782 540.325 9
372.124 551.411 7
459.91 58.6839 7
252.67 62.4388 2
500.746 62.2963 2
521.338 67.816 3
86.9176 79.601 4
397.105 87.3807 10
516.088 95.9483 2
406.799 113.36 2
488.644 114.473 1
45.9584 119.911 2
436.123 126.634 1
628.462 135.859 9
113.563 137.435 4
274.475 147.856 4
39.7251 150.955 6
458.792 164.06 14
208.633 164.182 20
230.791 172.219 9
447.531 165.818 6
695.76 172.362 4
440.875 183.383 11
447.277 195.21 1
235.656 196.149 2
92.1677 197.855 1
510.051 200.88 3
738.284 201.35 2
751.189 198.492 4
396.887 202.047 9
385.383 203.743 1
715.105 203.813 6
459.6 207.782 6
225.909 212.217 1
756.106 215.544 2
236.827 221.937 4
282.87 228.144 22
325.343 238.416 3
194.832 246.651 3
185.554 255.381 6
220.439 250.153 4
30.3547 254.714 3
161.596 255.933 2
144.444 260.247 2
198.741 261.373 22
263.817 264.73 10
125.716 266.528 4
105.995 272.568 8
241.288 276.601 6
538.016 281.504 10
227.083 286.686 3
136.205 293.294 10
181.029 293.239 2
132.814 311.474 3
191.562 312.894 8
200.798 310.814 5
357.254 322.892 2
443.606 332.162 1
523.951 347.076 5
103.444 354.9 12
90.0853 372.59 10
666.707 376.335 2
122.938 383.966 6
277.889 490.821 3
361.705 494.61 3
658.171 45.8532 1
667.299 45.6451 4
253.032 133.415 3
596.119 179.336 2
139.693 187.177 3
703.771 187.461 11
709.522 187.226 3
491.066 212.582 2
709.596 274.02 4
489.438 323.623 1
503.788 326.472 2
99.3198 333.096 4
55.9583 365.433 5
217.604 52.8585 5
160.944 131.538 9
400.87 136.299 2
413.564 134.468 8
640.135 138.181 31
604.781 149.199 3
659.387 162.169 4
439.104 163.901 1
382.721 192.214 9
634.308 205.897 1
616.73 261.951 2
222.68 272.574 2
219.257 286.376 1
281.879 304.954 2
377.48 317.985 3
269.055 326.45 7
251.727 328.196 5
59.2908 381.231 3
81.8398 447.748 11
291.813 474.817 3
741.912 71.0944 1
404.596 74.9504 6
400.102 90.4981 2
334.316 96.089 8
384.475 96.184 7
323.769 104.295 18
530.308 106.091 3
166.454 117.468 2
506.713 118.003 4
352.542 122.598 3
287.072 126.828 16
123.904 142.862 2
57.7363 144.075 2
392.344 149.603 2
496.045 149.463 1
224.349 156.917 3
546.763 160.476 1
466.706 168.137 1
49.9672 177.876 1
431.75 177.503 11
455.674 186.428 22
598.954 187.098 3
450.402 201.385 2
494.06 209.903 1
727.808 212.35 4
51.3374 223.624 2
49.7635 257.185 1
271.873 270.205 1
389.422 290.431 7
403.996 296.585 3
458.758 306.621 1
113.054 307.777 2
233.344 351.383 1
144.376 352.769 6
506.513 352.805 1
438.198 363.488 1
127.658 375.398 5
51.7381 452.556 1
248.509 469.418 4
69.8217 476.618 3
347.67 476.077 2
308.589 502.839 3
362.303 503.654 2
275.979 517.547 1
353.11 526.967 2
43.7514 537.698 1
254.621 141.9 6
564.439 148.376 4
516.183 210.818 18
274.466 216.932 6
332.163 132.953 3
644.367 134.439 2
545.077 143.138 2
390.708 187.656 3
355.552 190.449 2
628.874 190.475 3
311.416 252.902 1
654.404 255.406 3
103.789 299.188 3
545.874 299.101 3
503.48 307.63 1
566.792 302.12 3
263.958 329.419 2
301.745 332.125 3
307.845 449.859 4
603 123.945 1
511.373 136.421 6
215.334 172.416 2
575.477 171.065 1
277.377 175.918 3
525.106 178.252 4
560.639 207.926 1
334.662 218.433 7
370.541 219.697 3
401.309 221.232 13
467.26 223.662 1
282.855 223.595 3
440.359 226.961 1
484.738 229.492 1
647.834 249.414 2
708.248 247.41 1
678.75 265.407 2
282.587 285.374 1
565.524 283.754 1
651.561 298.249 1
206.292 306.745 2
423.179 313.577 2
609.483 310.152 1
231.207 326.98 1
283.825 324.529 1
453.548 345.376 1
99.4581 350.532 7
253.014 358.881 2
306.865 358.88 2
120.835 358.924 9
660.56 378.245 2
90.0098 390.899 1
141.935 408.505 1
424.642 414.344 1
346.343 427.32 1
398.281 458.622 1
652.55 467.049 1
582.189 193.728 5
659.879 199.389 6
425.272 324.342 2
619.763 265.048 3
256.215 311.745 2
526.289 343.412 1
738.655 49.4529 1
756.792 191.685 10
624.278 121.584 23
653.406 153.532 7
656.369 158.134 2
659.085 163.575 4
669.584 183.001 1
679.081 202.092 6
629.95 163.673 5
645.37 189.428 2
648.989 196.45 1
616.96 190.74 8
475.137 52.5532 3
466.402 68.0576 1
609.941 215.873 1
451.065 68.504 1
394.542 22.817 5
333.978 42.5975 2
502.867 218.567 11
457.372 186.968 3
287.664 64.8006 1
300.764 111.435 4
443.454 301.099 7
436.944 334.816 3
237.769 177.462 12
274.801 220.013 9
191.016 144.927 1
172.116 132.1 15
114.701 80.7153 7
224.077 198.179 2
106.259 80.5836 1
200.746 188.003 12
221.334 212.899 3
208.921 211.765 9
242.511 251.015 4
205.956 246.83 16
171.157 224.147 8
238.278 325.699 9
226.336 324.867 2
113.577 225.409 4
110.146 226.987 8
220.479 340.176 2
120.797 261.943 6
101.789 249.177 2
172.046 326.136 3
79.9377 450.453 3
750.541 55.4549 1
768.666 177.407 1
551.263 44.361 2
597.435 107.915 1
683.377 204.921 1
745.687 270.255 2
543.759 72.9319 1
768.086 319.469 1
508.178 64.9932 3
710.451 287.053 5
493.585 87.0342 1
692.831 300.043 8
424.138 42.6003 2
690.385 312.923 15
635.914 268.042 3
686.704 336.777 2
512.949 162.087 15
402.195 65.5367 1
634.139 303.431 3
490.383 162.308 11
386.363 71.1572 4
400.466 83.1963 3
407.328 127.456 3
545.632 286.449 15
532.803 288.66 7
538.059 294.674 2
273.399 44.3844 18
401.022 209.058 2
409.665 222.227 11
513.122 347.753 2
178.507 41.9953 3
162.212 39.3384 2
275.802 188.976 10
306.347 223.961 4
309.775 230.919 1
85.5527 36.1832 1
356.333 313.922 6
288.139 257.094 2
157.571 131.889 20
215.498 188.352 12
90.6221 83.632 1
198.607 194.961 8
204.113 215.741 12
155.544 170.798 3
179.604 202.886 9
209.064 236.25 5
136.863 178.881 2
167.979 230.809 7
143.232 217.777 5
176.169 251.383 2
54.6236 137.612 2
150.065 237.62 7
123.801 224.836 5
40.0775 148.385 1
130.988 243.768 7
137.884 261.921 1
107.058 233.015 7
94.911 226.916 8
117.36 267.015 5
134.799 305.841 2
102.533 277.339 3
371.288 550.768 1
152.736 330.973 6
116.275 299.125 8
25.8677 226.599 2
131.762 345.105 2
222.728 442.867 8
227.978 454.602 7
250.777 483.041 3
140.374 390.048 3
106.596 375.875 3
78.394 376.337 9
33.9776 480.781 4
681.291 184.874 1
694.694 232.386 1
643.787 213.014 3
475.646 186.822 5
422.455 146.806 6
225.899 238.101 3
227.324 285.139 5
348.832 546.776 4
84.3767 365.011 6
698.88 253.867 1
699.938 266.807 1
611.142 263.917 9
535.907 198.264 4
407.746 75.8076 6
567.805 264.145 4
468.046 181.736 1
366.846 135.853 4
392.688 214.379 4
259.355 122.494 2
598.425 491.134 2
278.466 231.053 3
266.288 256.534 1
333.529 360.786 14
48.9258 120.505 1
211.233 298.745 3
308.813 448.28 1
351.337 533.566 1
315.067 513.761 4
101.479 305.565 8
84.5491 353.623 8
50.3066 350.049 1
737.359 69.784 2
722.982 210.482 5
597.6 146.58 7
522.556 80.6333 3
710.754 300.526 1
652.028 246.007 7
453.896 92.3003 4
559.91 292.652 4
443.782 185.033 2
440.924 197.64 7
521.701 351.13 2
502.942 348.845 4
351.209 207.067 1
326.433 185.193 4
413.095 285.961 3
431.14 311.241 5
238.771 163.216 2
312.315 238.555 4
207.489 135.061 2
220.259 156.77 2
168.489 114.13 2
123.754 86.406 2
368.804 339.255 18
340.604 308.15 6
158.166 134.25 5
421.028 400.73 2
106.894 109.646 2
262.101 269.439 3
334.632 372.457 2
229.632 289.028 1
190.712 253.563 1
196.415 286.14 1
178.926 286.712 3
227.52 350.994 1
325.705 507.367 4
104.445 293.326 7
310.648 498.272 4
231.47 471.423 1
91.4363 337.457 2
269.701 514.629 7
59.2061 325.386 1
64.6922 424.979 5
619.133 185.158 4
242.002 255.714 5
229.303 298.815 3
316.145 463.52 3
92.4505 341.618 6
641.286 134.495 1
597.429 215.034 6
473.327 114.696 1
420.799 133.483 14
555.17 305.311 1
372.427 138.38 1
415.653 215.993 1
324.151 137.804 5
269.626 122.516 1
194.552 86.9044 2
225.707 142.674 2
370.773 295.68 5
423.032 353.941 4
146.023 87.2452 1
361.256 325.547 2
354.137 378.789 3
296.208 337.39 2
257.483 334.134 1
371.701 457.518 4
349.408 495.719 2
678.783 272.514 3
571.385 168.441 2
641.577 250.033 5
470.279 140.18 2
643.207 344.09 6
597.015 308.984 3
461.511 183.021 3
562.672 282.648 2
478.081 228.87 2
455.657 222.864 4
663.586 443.419 1
356.046 181.458 2
359.399 217.576 6
496.158 365.975 1
399.993 282.464 1
327.477 215.575 7
272.786 172.773 1
419.022 314.674 2
186.342 114.689 1
203.489 169.722 3
123.487 107.995 2
419.243 418.552 2
240.411 263.557 2
280.127 322.853 8
298.927 357.545 1
115.849 218.705 1
242.523 359.044 1
201.26 330.424 2
310.98 475.398 1
138.21 404.066 1
527.623 181.802 3
240.613 299.807 4
477.807 199.154 2
388.887 197.955 1
405.737 370.354 1
339.42 316.762 1
239.636 331.598 2
453.061 246.642 1
347.533 242.445 3
763.478 193.859 7
739.238 182.078 1
718.636 20.5645 2
694.91 240.279 1
693.321 219.776 3
669.87 277.652 5
668.681 268.015 4
660.948 228.732 4
657.757 216.801 3
638.532 215.534 2
632.283 267.195 1
610.623 264.722 1
563.681 128.757 5
548.39 67.5524 2
513.665 61.8396 1
495.381 141.998 1
449.821 162.194 8
450.313 171.733 2
440.841 152.477 1
438.209 186.574 1
431.728 207.104 3
396.512 320.163 1
389.774 201.469 1
387.538 340.408 2
369.802 88.8635 1
363.503 489.31 2
335.395 23.752 4
322.12 210.582 3
304.336 497.638 6
304.16 473.66 2
286.623 492.485 2
286.02 53.6276 1
261.235 163.567 7
260.422 502.825 17
255.374 47.0838 2
216.084 71.5331 2
202.795 269.661 5
190.744 320.491 2
154.723 97.1446 2
135.543 79.1272 5
120.33 289.762 2
118.826 388.673 4
110.863 278.763 7
99.031 192.775 6
84.2224 140.721 1
81.7992 356.913 3
67.8739 227.893 3
51.473 113.408 2
50.0749 241.87 4
43.075 476.245 4
40.8157 207.792 2
32.6017 228.275 1
748.701 520.273 1
733.959 194.414 3
723.863 200.771 3
717.367 562.911 3
711.815 26.2195 3
705.64 554.856 2
691.108 323.778 5
683.861 359.361 1
671.653 163.851 1
662.776 19.5597 1
659.77 328.049 1
652.323 388.828 3
644.865 375.208 4
642.557 409.928 4
637.703 144.646 3
636.644 419.783 4
632.706 450.34 3
606.377 114.091 1
605.369 37.7576 2
606.316 166.709 13
593.037 472.496 5
584.718 29.4824 1
583.253 280.775 5
578.2 123.293 3
575.527 135.166 2
574.306 271.528 2
570.688 83.5396 3
561.496 81.5586 2
558.367 112.346 2
542.298 162.898 2
537.66 169.898 2
535.504 111.245 6
506.917 108.805 1
502.467 346.267 1
495.016 23.7784 1
489.487 561.159 3
484.519 336.277 3
478.297 564.386 5
473.451 162.449 2
472.851 119.248 1
454.495 131.104 4
449.899 291.776 3
434.302 340.888 3
433.115 289.949 1
421.235 325.294 5
403.487 213.847 5
345.157 489.966 3
341.577 453.084 1
341.528 551.818 1
334.954 352.324 2
332.542 504.815 7
328.259 23.114 1
318.874 547.15 4
282.065 170.072 3
274.083 331.138 18
271.891 320.492 4
268.967 165.744 4
258.67 329.144 1
251.793 260.7 3
246.167 58.4279 2
246.689 209.407 1
241.244 25.8558 1
240.105 452.915 5
227.392 37.9177 2
223.676 33.8558 1
222.388 231.444 6
219.386 246.024 6
211.7 26.9769 1
204.548 275.362 1
203.899 156.337 1
201.396 211.389 5
198.816 291.031 7
197.631 304.762 4
186.509 225.317 4
186.01 163.664 2
185.762 291.944 1
182.551 213.525 2
171.515 241.442 2
168.896 286.879 15
169.774 330.848 1
167.547 170.78 2
161.346 78.4412 3
155.705 340.527 3
149.802 179.053 1
146.456 229.731 2
140.268 154.003 2
133.984 254.608 1
129.725 57.1527 3
128.414 344.122 1
127.945 237.027 2
118.43 188.573 9
120.838 298.179 3
115.061 198.934 1
110.067 76.7911 3
109.136 206.032 1
106.652 85.7529 1
103.776 347.547 2
84.881 364.285 1
64.5612 223.081 1
49.3775 515.666 4
47.9332 108.049 1
44.2287 54.1439 2
43.6294 246.096 3
37.7458 317.247 1
34.0646 333.67 1
594.635 42.1384 4
482.482 143.625 1
340.032 494.317 1
220.653 179.056 2
184.268 193.211 3
166.357 200.809 3
155.038 229.249 2
153.762 351.968 1
148.082 206.61 3
142.031 189.489 1
76.3607 333.419 9
69.6775 69.7855 2
69.2614 128.531 3
38.966 481.782 2
663.958 237.913 4
599.043 131.336 1
562.86 186.736 4
540.42 274.347 8
515.173 168.372 5
509.166 186.395 12
506.88 219.161 3
499.136 53.6541 2
441.817 211.857 1
419.792 396.809 3
397.654 136.625 1
381.282 135.597 10
375.324 215.552 1
368.08 477.705 8
329.143 468.307 5
306.813 199.551 2
302.695 159.309 6
300.708 507.189 5
254.175 68.0705 4
217.926 68.9002 1
152.634 327.561 2
151.564 343.806 1
148.1 121.909 4
107.463 97.6957 1
92.7239 239.222 4
87.4676 159.983 1
89.6041 333.128 8
78.2589 388.665 2
734.581 171.599 4
715.343 287.795 2
680.168 244.844 4
666.619 204.606 1
613.72 226.661 3
606.321 479.056 15
577.312 154.543 4
575.808 77.971 3
573.12 126.014 5
548.456 133.281 5
513.16 204.27 3
509.582 114.8 1
498.898 349.239 1
483.536 60.8851 1
478.585 108.928 2
447.621 139.868 1
420.621 286.704 2
422.807 271.414 22
414.848 148.325 3
389.204 302.89 3
373.43 292.962 1
371.2 315.598 2
362.75 358.463 3
363.227 224.653 3
350.34 484.407 7
342.934 513.894 2
336.262 312.023 5
331.757 554.08 1
328.191 501.456 1
319.679 459.823 1
315.74 360.992 1
310.221 436.738 1
293.107 210.29 2
291.371 469.779 2
266.762 46.4752 1
267.727 250.377 6
263.584 323.056 18
246.133 254.006 8
243.306 87.2376 1
235.284 151.708 2
222.234 349.741 3
217.553 446.776 2
209.581 312.468 2
208.543 326.222 1
206.025 339.212 4
198.262 75.8952 3
131.766 542.153 2
105.84 162.263 1
98.5231 206.048 3
98.143 266.095 2
97.3484 304.102 2
94.9528 89.6975 1
94.1715 249.247 1
89.5502 229.568 1
86.8469 375.424 2
68.195 361.197 2
635.432 377.721 1
477.86 128.157 2
314.695 154.745 3
309.122 242.274 16
200.035 101.168 2
175.212 313.13 15
121.91 349.38 1
82.2803 228.74 2
533.733 271.939 4
500.2 149.035 2
449.409 187.099 1
429.616 259.84 1
418.834 410.64 1
378.65 104.803 4
363.206 509.004 1
316.555 135.232 4
310.263 509.026 6
275.186 476.768 1
273.509 502.552 1
228.563 306.52 2
177.808 141.599 4
123.598 289.214 2
128.647 337.435 1
108.52 316.181 2
675.326 257.715 2
636.851 246.927 4
637.202 342.144 2
596.32 304.047 3
533.136 173.263 1
526.053 135.89 1
484.541 182.323 10
477.39 222.694 3
421.63 321.379 2
415.316 274.692 2
415.685 348.13 2
361.799 345.918 2
359.591 292.976 1
340.33 376.941 2
301.174 245.08 3
295.707 444.148 1
292.846 355.819 1
279.405 468.693 1
265.025 250.072 2
216.699 140.003 2
199.725 321.506 3
167.847 315.389 8
563.33 211.714 1
415.688 432.242 1
358.674 191.625 1
303.383 305.753 2
280.708 192.569 1
229.381 330.89 1
495.651 338.541 1
353.526 434.46 2
342.865 232.797 1
310.584 372.108 2
752.099 230.921 1
651.143 282.479 4
666.355 256.645 5
662.421 237.132 1
347.96 538.9 4
680.008 197.996 2
354.075 514.715 1
423.383 390.228 1
434.826 364.631 1
491.242 294.855 3
736.11 40.8813 1
610.448 162.285 12
546.232 223.499 1
711.667 40.1763 1
560.297 168.87 4
550.179 114.849 2
556.586 105.274 1
421.057 219.331 1
431.091 198.953 1
268.489 315.635 2
207.098 282.561 9
60.4596 423.241 2
309.903 149.899 4
243.937 198.483 6
88.4809 332.236 1
155.508 255.507 1
63.7177 209.098 1
224.302 42.3791 1
640.178 451.115 1
608.288 479.259 2
599.838 488.115 4
654.598 431.584 1
617.422 469.255 2
525.415 541.395 1
504.233 549.348 1
493.659 552.883 1
672.737 365.28 1
661.192 368.078 1
471.582 557.547 5
653.771 354.477 2
759.118 221.989 1
772.079 203.099 1
662.433 303.505 3
543.896 329.006 2
290.173 529.369 2
337.742 473.851 1
340.315 467.869 1
437.91 329.377 1
625.513 130.233 1
551.916 160.957 2
426.651 285.063 4
555.726 127.983 1
357.178 298.763 4
543.552 114.787 1
456.244 174.594 1
285.744 316.806 2
269.184 308.602 2
483.052 93.1005 4
358.786 205.929 3
48.5674 495.516 1
82.1351 441.052 3
81.9826 435.446 1
392.379 122.011 1
39.9461 466.678 1
120.025 375.277 1
39.541 452.846 3
268.166 214.312 6
110.049 364.794 1
377.614 86.7732 4
364.038 92.8365 2
325.602 115.055 2
352.396 76.5716 1
218.323 201.73 9
337.453 83.4038 1
182.714 235.372 1
210.949 199.627 1
196.432 214.099 1
165.433 243.391 5
223.807 177.45 1
207.608 186.291 1
249.413 143.118 1
226.964 164.018 8
222.175 167.611 2
189.962 193.952 2
200.732 162.937 1
183.008 171.61 4
138.977 207.611 2
162.255 175.907 3
131.076 186.86 1
134.815 166.394 3
209.165 76.34 4
92.8311 189.127 2
39.8176 239.859 6
150.058 107.347 7
133.777 41.97 2
46.4827 123.008 1
76.7806 83.3482 7
90.7049 64.7553 2
53.3527 99.1382 1
32.6866 118.971 2
619.668 296.321 8
455.448 316.355 2
362.533 328.942 1
281.049 332.343 4
555.393 55.6104 2
128.347 382.125 4
348.672 136.357 4
178.032 241.721 3
158.75 246.459 2
218.15 176.586 3
152.071 226.656 1
163.514 199.057 2
191.254 160.267 3
173.011 168.02 2
155.113 176.432 2
255.104 65.0474 1
88.2954 208.95 2
752.29 502.677 1
726.061 269.796 2
699.223 286.87 2
619.102 297.207 1
747.263 157.901 2
596.319 167.437 3
629.267 126.252 1
583.931 144.985 1
399.051 298.02 2
513.704 160.965 1
567.367 76.1628 1
428.182 177.012 1
229.984 348.611 1
497.737 62.4446 1
65.1436 477.021 3
78.2506 444.385 4
403.538 115.845 2
275.955 226.1 6
330.585 165.389 1
372.72 117.845 1
315.215 166.588 1
83.4799 347.624 1
96.9817 317.393 1
106.399 274.47 2
90.2172 238.252 1
135.151 83.2613 1
740.468 500.674 1
623.278 406.621 3
682.48 241.352 1
623.553 276.95 1
666.126 198.089 3
566.999 293.507 2
618.433 225.892 1
626.686 215.366 1
683.051 152.464 2
541.848 268.876 1
296.041 491.264 2
252.522 491.566 1
442.006 287.939 4
429.23 294.431 1
428.21 274.947 11
495.212 172.509 1
374.137 289.547 1
440.862 208.807 1
129.425 497.225 3
483.544 130.97 1
269.218 330.706 3
414.767 183.07 2
475.756 104.482 4
447.52 135.572 1
419.46 147.222 2
311.681 241.792 1
386.505 149.113 4
209.342 321.765 1
177.479 322.445 1
150.317 340.313 4
215.964 271.351 4
259.132 222.825 5
341.09 135.045 1
373.421 81.9629 2
171.253 267.045 8
68.3779 371.838 1
286.237 126.631 1
70.9991 335.807 9
339.29 48.4361 2
309.746 54.9701 1
287.993 61.0784 2
88.825 225.889 5
233.44 74.8187 1
101.378 201.533 3
129.087 60.7769 1
91.8782 88.5473 2
632.18 196.096 1
599.147 208.511 2
464.859 306.906 1
514.732 210.033 1
407.432 165.738 1
417.489 405.065 3
328.477 434.183 3
449.644 272.235 1
296.625 352.452 3
241.94 351.436 3
272.364 160.748 2
87.1316 339.781 1
105.184 314.423 1
172.159 135.539 2
137.076 161.029 5
104.366 184.851 4
89.3519 196.346 1
626.469 372.034 1
669.842 232.451 1
342.78 483.794 1
363.52 443.067 1
489.39 297.97 1
418.096 342.054 3
564.64 154.046 1
480.098 220.465 5
384.781 303.037 1
526.849 130.704 2
485.649 177.552 1
359.211 283.014 1
468.113 132.447 5
424.638 126.319 3
344.922 181.243 2
260.749 243.487 1
201.494 302.182 1
290.459 189.698 1
133.277 250.113 1
219.021 132.445 1
141.139 127.961 2
360.143 439.247 1
525.683 247.781 1
477.806 292.551 1
575.873 308.806 1
413.388 417.729 2
225.479 311.6 1
400.346 344.621 2
305.073 370.879 1
233.76 229.531 1
510.415 47.0825 1
191.32 83.188 5
584.853 119.873 1
354.576 137.767 3
361.172 137.362 5
324.404 141.058 1
690.158 173.31 1
697.874 175.239 1
386.963 188.244 1
396.942 191.049 2
422.295 197.759 7
152.735 203.562 1
401.812 213.155 1
722.035 216.526 1
644.123 221.528 4
140.915 230.498 1
108.94 262.455 1
708.873 289.24 1
584.191 295.211 1
93.9505 348.122 1
77.2608 348.98 1
70.7954 379.349 3
340.642 529.166 1
393.016 559.574 3
432.13 60.9081 3
27.757 78.1116 1
45.8293 77.7723 3
58.0711 80.5806 3
189.385 91.4261 1
157.362 101.231 6
153.395 119.185 3
486.757 117.716 1
478.551 177.076 2
765.287 185.982 4
715.662 208.336 2
186.88 213.453 4
28.7206 214.057 1
754.546 221.02 2
634.771 230.837 1
270.033 233.251 1
52.4709 249.944 1
175.163 254.779 1
624.048 254.27 1
144.666 266.209 4
646.185 270.127 1
389.787 285.259 3
179.305 298.918 2
398.035 295.063 1
453.87 302.941 1
553.143 332.758 1
35.1402 352.331 1
82.1477 351.397 1
618.954 459.918 5
536.021 86.3197 1
136.217 100.63 2
600.669 117.271 2
102.021 177.947 1
179.962 304.034 1
117.351 347.668 2
255.132 71.2087 1
38.4106 90.607 1
179.988 92.2427 1
209.989 143.508 10
554.117 173.207 5
760.315 179.861 1
294.901 199.33 2
728.352 216.957 2
596.951 281.401 4
381.715 288.645 3
281.494 301.958 1
47.0277 308.426 1
275.402 335.362 5
360.861 369.581 3
333.109 519.58 1
413.584 92.8833 1
53.6851 95.7049 1
399.087 97.0432 1
387.969 99.5115 1
170.547 118.324 1
502.911 125.786 2
464.277 133.387 4
547.947 165.639 1
132.588 169.827 3
208.73 170.886 3
265.569 168.217 1
492.76 166.246 3
466.902 172.041 1
343.82 177.663 1
116.112 181.631 8
431.88 185.41 2
102.654 191.9 2
472.375 199.736 2
372.931 206.826 1
65.7879 211.634 1
325.749 210.634 2
356.761 213.047 1
299.724 217.78 1
699.008 242.06 1
56.0184 259.912 1
670.2 258.912 1
271.195 277.333 1
197.889 296.066 1
390.252 295.714 1
112.021 312.444 1
352.257 343.729 1
180.486 351.746 19
234.257 355.807 1
533.426 357.89 2
140.173 398.372 1
69.9845 424.917 3
336.797 462.675 3
640.462 467.128 1
69.7818 483.406 1
312.329 505.265 2
471.293 207.887 1
473.009 293.84 1
334.164 227.103 2
371.116 230.827 1
400.678 233.661 2
437.928 234.383 1
598.04 255.402 1
708.037 252.361 1
124.013 312.744 7
233.445 320.617 4
451.776 353.533 3
122.081 369.88 1
254.386 367.506 1
312.232 366.154 2
87.6598 404.613 2
426.201 417.612 1
542.065 285.192 1
706.99 177.721 1
701.42 217.435 2
748.026 264.604 1
444.499 67.9435 2
280.485 35.1452 1
363.701 139.089 1
144.922 99.3814 6
58.7431 41.9823 1
106.694 301.592 1
449.409 560.467 4
108.444 368.652 1
751.416 217.736 1
726.04 203.977 1
712.702 271.744 3
439.59 115.369 1
393.717 114.632 1
585.235 287.345 3
356.087 219.888 4
250.888 163.257 2
324.783 215.248 1
394.8 276.998 5
121.384 82.1098 1
245.214 183.514 1
307.263 233.23 2
286.171 259.502 2
251.409 251.052 3
352.641 324.524 4
47.8476 249.189 1
301.343 499.454 1
314.311 539.055 1
51.4862 439.402 1
568.821 95.9708 1
44.8494 226.287 1
40.3427 231.404 3
392.72 555.943 1
479.904 150.808 1
248.882 70.602 3
291.7 115.485 1
465.289 310.324 1
373.328 320.274 3
228.585 245.134 1
128.4 334.244 1
700.194 113.958 2
502.258 100.891 1
501.472 120.463 2
603.408 204.586 2
516.951 164.618 3
707.393 335.87 1
462.917 170.884 1
440.606 205.055 2
247.776 87.9327 1
369.111 206.551 1
348.758 210.813 1
184.392 107.242 1
395.184 280.912 2
499.774 355.389 1
407.365 291.586 1
431.492 313.742 4
372.927 343.99 1
324.224 315.414 1
258.761 275.771 2
229.7 295.222 1
129.481 274.702 2
225.869 354.205 2
97.1356 271.171 1
360.01 472.866 1
359.889 506.836 1
116.495 351.018 1
248.951 503.557 1
268.815 520.364 1
69.6187 412.668 1
460.874 176.089 4
463.968 219.385 3
656.215 440.435 1
409.243 295.945 2
203.138 326.458 5
314.186 465.868 1
538.129 191.668 2
622.175 282.95 1
530.528 305.444 2
299.081 197.86 4
148.925 147.491 1
507.607 143.824 2
569.332 194.411 1
630.794 260.587 9
522.331 180.86 1
556.184 248.876 1
591.761 316.3 1
638.79 353.652 1
450.276 230.442 3
253.396 151.604 5
354.163 226.891 2
513.956 333.708 1
395.077 290.669 3
455.594 343.131 2
412.449 327.168 1
411.297 431.22 1
238.661 304.655 3
299.952 361.526 1
239.692 364.63 2
194.089 344.633 5
624.826 267.711 3
408.346 350.815 2
352.753 364.398 1
238.906 312.547 4
749.626 49.4936 4
617.828 52.6141 1
512.88 69.6304 1
443.318 54.5474 1
462.18 212.236 2
418.692 200.583 2
442.365 343.985 1
292.159 36.3433 2
363.445 377.211 1
151.605 99.0813 2
130.549 43.2732 1
154.15 297.004 1
713.188 122.265 2
721.901 195.537 3
599.305 38.8966 2
742.595 505.838 2
606.179 149.251 1
584.91 101.432 1
638.661 266.119 1
656.639 329.276 1
618.964 222.504 2
575.355 96.328 1
567.26 91.6116 2
618.184 269.398 6
575.692 236.288 2
483.766 119.576 6
465.142 161.237 1
453.473 133.398 1
471.683 204.469 1
442.114 192.231 5
435.226 197.654 1
530.609 537.871 2
389.953 103.823 1
405.44 220.478 2
388.58 183.931 5
290.612 46.2055 2
307.139 184.513 2
327.925 351.002 6
374.242 549.666 1
268.627 321.186 1
170.729 39.2056 2
337.966 553.293 1
245.775 333.067 5
226.371 331.254 1
216.798 434.238 2
52.1672 465.951 1
730.792 230.673 2
629.015 186.448 1
627.727 430.702 2
410.56 269.957 11
430.503 341.961 1
328.185 202.062 1
170.479 270.073 5
114.947 374.498 5
524.981 66.8767 1
529.416 197.521 7
452.458 158.818 3
404.683 78.3393 2
437.092 175.319 9
335.381 138.956 4
163.219 343.274 1
703.938 210.413 1
681.812 165.466 1
709.965 331.289 3
661.464 210.73 4
678.688 252.431 1
583.224 74.999 1
646.065 335.316 2
570.129 156.197 1
539.621 160.759 1
509.33 79.6079 1
565.386 274.853 5
554.845 293.156 1
530.271 228.195 2
515.186 286.1 4
462.371 167.067 1
494.328 350.227 1
439.509 200.163 3
348.939 86.3863 1
394.235 225.735 3
321.623 184.523 3
364.954 317.147 1
350.695 373.224 1
369.518 451.33 3
236.865 61.8065 2
297.678 349.051 2
233.473 154.491 1
255.023 272.068 2
302.354 447.648 1
214.794 271.853 1
154.757 135.253 1
185.758 255.126 1
205.371 314.735 2
128.965 99.6225 1
262.375 513.997 1
102.909 163.303 1
120.478 272.229 1
89.2779 250.778 1
94.3351 267.538 2
101.078 292.528 1
127.731 542.862 2
575.854 182.562 3
523.959 61.748 3
529.97 325.278 1
454.26 331.794 8
244.118 278.434 1
283.528 474.35 2
530.91 273.938 2
536.022 306.04 1
468.341 281.632 3
444.109 261.962 1
415.961 419.599 2
340.283 329.091 2
294.467 202.404 1
174.97 92.2523 2
232.41 306.3 1
277.253 501.127 6
626.44 159.603 1
580.209 111.245 2
629.275 351.238 1
586.957 309.56 1
514.488 141.144 2
544.26 240.065 1
464.073 142.953 1
459.648 228.184 1
466.965 333.661 3
399.598 175.713 1
406.06 278.599 3
406.177 353.469 3
354.287 348.377 3
286.685 357.522 1
200.556 108.598 1
287.498 452.458 1
396.092 367.924 2
419.783 431.668 2
305.82 311.517 5
441.97 246.403 1
695.701 306.461 7
667.452 49.3712 1
508.898 167.759 2
524.199 109.233 7
471.698 53.0486 1
343.844 189.988 8
233.776 342.024 2
314.057 63.1725 1
300.328 66.4459 1
743.628 502.684 1
658.225 420.86 2
644.004 375.823 1
638.786 387.199 1
706.813 25.8626 2
566.895 288.515 3
608.994 30.7129 2
548.856 157.982 1
548.433 129.52 1
539.196 112.075 2
512.509 110.948 2
423.199 280.83 3
344.917 454.839 1
435.168 167.021 2
420.341 112.587 1
316.909 243.609 2
234.569 443.395 6
263.989 311.261 2
310.374 101.774 2
221.126 149.419 2
168.02 277.753 5
190.891 180.964 4
172.318 188.58 2
176.266 169.686 1
155.661 195.528 3
87.178 323.874 2
105.613 238.553 2
66.6392 344.768 3
68.3582 323.835 1
58.953 350.572 2
86.8526 212.91 7
48.6447 331.787 2
114.317 94.0828 1
66.7265 58.2317 1
726.658 56.9865 1
265.709 134.44 2
212.613 53.7896 4
66.3308 105.638 3
699.082 260.461 1
711.267 45.458 2
528.495 143.499 1
453.774 282.128 1
421.085 82.1037 4
389.771 134.539 1
286.146 307.704 1
282.977 261.373 1
236.665 91.3205 5
151.555 292.602 4
159.867 120.589 1
120.463 169.354 1
677.576 242.013 1
610.711 297.445 2
591.479 181.508 3
538.237 228.191 3
540.58 128.861 1
493.593 185.09 3
423.954 343.427 1
429.245 321.315 1
344.083 543.839 2
366.036 456.392 2
423.514 272.019 2
470.77 107.123 1
425.074 161.126 2
367.467 291.652 1
248.507 492.583 2
258.68 320.923 4
226.327 138.315 1
100.361 286.906 3
91.2057 302.684 2
86.3621 247.132 1
305.724 328.897 2
325.974 133.616 4
657.265 291.141 1
473.074 305.487 2
365.355 506.573 1
287.839 275.51 1
270.546 218.123 2
580.796 199.295 2
534.572 294.98 2
528.934 173.998 2
522.968 132.893 2
471.292 218.909 6
410.266 344.993 2
327.32 371.294 1
340.24 284.299 1
350.218 437.07 1
318.364 479.159 2
363.496 181.913 4
337.206 215.618 1
475.286 338.641 1
338.351 231.467 1
697.659 320.106 7
442.104 299.039 2
381.52 306.581 3
444.129 220.423 7
574.049 114.119 1
542.211 119.557 1
191.733 285.701 2
67.7807 357.707 1
259.697 169.62 4
394.818 68.3798 1
197.625 183.633 3
374.718 30.877 1
158.071 150.79 2
106.252 188.006 6
117.749 168.057 1
153.202 123.647 1
582.412 501.962 2
460.409 559.178 2
482.861 533.345 2
438.744 561.773 1
427.508 562.241 6
419.239 544.196 1
408.978 542.19 3
399.774 544.553 2
689.898 308.87 2
433.921 293.058 1
337.595 359.673 1
497.31 232.102 1
220.034 408.432 1
295.947 306.633 3
396.521 213.43 4
496.552 105.215 9
385.528 136.111 2
59.3978 372.415 4
74.6517 360.551 1
430.387 65.2998 8
268.138 181.813 1
417.654 70.452 1
164.79 247.55 3
386.915 76.4827 6
194.024 211.19 1
128.008 256.26 3
303.883 127.278 1
176 218.998 1
221.903 171.631 2
205.906 182.084 2
349.238 75.0492 1
188.012 190.655 1
335.508 80.7703 2
168.66 198.782 1
198.323 161.028 1
179.592 167.269 1
208.66 140.113 1
145.539 185.59 1
124.623 192.887 4
190.922 141.209 4
152.589 155.051 1
181.938 87.5002 2
139.671 102.249 2
67.847 107.168 1
34.7741 126.037 3
411.721 131.318 3
42.5984 77.7274 1
614.122 296.884 2
325.451 437.381 1
467.36 326.696 2
473.544 214.845 4
405.71 223.759 2
60.8315 432.921 2
83.7324 343.264 1
59.9372 341.25 2
51.4329 322.5 1
302.939 73.0925 1
279.243 78.2116 1
265.915 82.3997 6
173.774 138.17 1
161.357 147.738 1
124.17 168.327 2
132.038 78.8965 1
618.787 403.773 3
597.955 276.484 4
549.089 293.414 2
272.529 473.924 1
539.645 265.322 3
439.439 282.031 3
353.561 318.232 1
371.137 286.257 1
479.953 132.091 1
258.921 301.309 2
384.878 185.423 1
352.017 189.653 6
265.277 246.472 2
487.631 79.4619 2
65.2672 363.014 1
330.13 130.365 3
228.865 133.003 2
86.4837 221.934 3
132.219 177.967 1
115.179 187.397 2
149.841 104.793 1
599.035 196.221 4
490.868 271.483 1
407.626 176.476 1
373.293 180.904 5
347.127 184.577 1
149.294 327.659 1
162.775 86.1381 1
382.357 465.278 2
646.215 142.703 1
172.031 353.156 5
169.731 123.988 1
622.219 378.554 4
357.174 434.874 1
501.363 201.733 2
533.634 166.788 2
350.41 276.649 1
443.052 179.038 1
399.768 179.789 2
339.822 182.445 4
162.538 312.182 1
515.294 255.778 1
578.683 187.458 1
570.859 306.046 1
343.295 137.456 1
33.4451 179.079 1
29.5513 182.76 1
623.86 194.587 1
439.085 309.826 1
47.6262 415.559 1
315.124 438.915 4
74.4478 440.874 1
119.621 88.9826 1
547.501 90.6457 1
574.77 150.778 1
102.771 182.183 1
449.871 180.467 3
715.55 211.405 1
27.9008 217.803 1
623.78 231.502 2
634.78 235.951 1
204.853 238.945 4
125.301 271.245 1
192.683 290.193 3
467.952 291.45 2
452.694 307.861 1
126.998 376.251 2
594.878 466.744 2
289.878 488.707 2
25.9485 497.597 1
357.782 504.298 1
584.791 79.9439 3
572.551 103.731 2
581.419 108.009 4
590.549 113.664 2
600.418 121.203 1
608.75 128.066 2
471.716 171.085 2
307.229 216.116 5
31.5556 327.734 4
75.6755 337.17 2
295.426 196.253 1
739.675 215.508 1
240.126 230.203 2
45.7419 305.383 1
460.377 312.253 1
128.214 328.372 1
294.944 333.008 1
57.6021 383.857 1
465.062 137.553 3
502.223 136.527 3
564.597 159.997 2
209.248 176.206 3
464.81 176.892 2
545.375 173.107 1
382.831 181.139 1
491.294 176.613 2
72.5434 221.868 3
470.534 216.646 1
427.693 227.144 1
700.108 246.451 1
153.802 272.895 4
730.662 278.078 1
270.304 285.446 1
196.359 308.593 1
602.669 307.587 1
445.364 345.753 5
164.234 357.849 1
180.319 357.597 1
236.606 360.496 1
534.914 368.549 1
51.0218 378.47 2
80.6962 386.425 1
645.256 466.624 1
314.24 469.104 1
715.635 340.648 1
419.979 193.916 3
301.921 311.666 5
598.275 263.428 3
236.407 315.999 5
202.918 342.806 3
394.382 79.8474 1
513.518 170.534 3
246.436 46.5582 2
550.712 269.267 2
336.465 191.697 2
184.425 143.411 1
380.657 292.313 2
324.178 461.585 1
252.637 454.967 1
262.003 468.147 1
374.497 538.627 1
341.419 525.385 1
30.4754 456.579 1
499.029 114.114 2
687.977 303.602 4
593.83 295.935 1
43.4789 81.2366 1
534.067 345.658 1
391.396 280.532 2
402.556 286.808 1
51.4544 142.06 1
300.034 264.007 1
757.209 496.764 1
630.237 461.887 1
412.488 365.102 1
352.542 361.155 1
35.4351 213.074 1
63.2996 233.081 1
110.144 347.438 5
308.462 461.525 1
355.316 499.098 1
227.377 457.927 1
239.943 479.691 1
66.8697 409.334 3
49.4664 443.207 2
297.469 271.653 1
224.981 295.987 1
97.8234 337.649 2
107.793 351.066 2
619.319 108.25 2
627.051 116.798 1
548.15 188.331 4
621.433 218.866 1
484.296 202.311 1
366.879 190.414 1
203.343 250.802 3
287.723 334.957 1
266.254 336.742 1
581.704 505.632 1
122.122 324.461 1
345.823 437.98 1
696.958 117.709 1
500.498 127.708 1
702.633 242.798 1
684.226 276.523 1
643.413 298.473 3
484.333 223.243 2
705.516 338.528 1
591.965 306.809 1
366.081 213.322 1
347.33 218.135 1
195.157 170.983 1
393.813 285.676 3
405.758 302.539 1
516.835 366.424 2
643.668 456.485 2
254.911 285.997 2
227.12 358.737 1
392.066 449.93 1
150.732 355.489 3
333.921 466.1 1
67.6093 417.812 2
478.308 138.119 1
405.412 312.907 2
229.617 302.857 1
420.638 189.253 1
369.174 304.132 1
334.104 315.687 1
304.845 321.606 5
549.646 260.929 1
456.613 240.44 2
587.73 329.278 1
386.612 244.484 1
352.773 241.098 1
387.84 310.668 4
235.82 312.616 2
192.251 354.646 1
382.795 252.065 2
731.858 176.217 1
581.179 86.8561 1
456.113 66.9847 2
441.369 69.2018 1
131.513 75.3381 1
137.29 109.486 1
735.961 65.9167 1
619.035 132.992 4
563.601 64.787 2
656.809 184.389 1
638.901 270.86 1
613.813 269.457 3
346.836 120.203 1
271.394 44.8492 2
409.271 281.862 2
400.809 272.193 6
230.66 71.6261 1
186.289 89.2052 1
356.37 337.979 1
227.834 180.695 1
336.856 340.722 2
257.278 267.127 2
103.02 106.389 1
93.8819 177.84 3
150.23 352.442 2
237.227 477.98 2
244.692 487.689 1
91.1232 330.584 1
555.961 51.0261 1
679.212 248.997 2
486.523 213.284 2
354.372 374.96 1
234.043 283.377 3
611.445 103.854 1
576.999 261.65 1
243.145 75.0939 1
577.519 509.376 2
223.263 82.5353 1
159.32 94.1369 3
281.489 336.139 3
203.877 257.473 1
254.483 330.338 1
262.661 339.438 1
288.019 501.027 5
295.274 519.904 1
114.446 320.068 1
87.0059 314.827 1
695.828 215.334 1
503.549 83.1111 1
541.808 187.797 1
591.316 303.364 1
328.219 98.6707 1
400.282 205.306 1
391.074 230.421 1
493.937 357.87 1
363.352 209.195 1
399.474 277.34 6
416.234 307.038 2
301.171 175.938 1
305.214 244.428 2
179.337 110.001 2
369.478 347.747 1
200.172 168.398 1
327.826 346.838 1
175.113 158.421 1
239.472 283.466 2
110.463 213.245 2
222.887 354.956 2
307.568 475.717 1
131.888 397.259 1
566.354 192.694 3
419.072 172.762 3
237.655 288.375 1
513.808 306.016 1
343.804 327.544 1
285.267 469.946 1
521.506 186.163 2
530.749 253.486 2
572.679 321.904 1
425.363 231.701 3
462.842 340.813 2
258.808 179.594 3
343.866 367.609 2
248.074 305.535 4
284.701 364.874 1
698.731 49.5991 1
571.341 110.313 1
554.653 101.051 1
588.518 266.54 2
543.18 95.8098 1
519.686 89.3999 1
480.752 29.398 1
499.124 135.534 2
469.829 66.9271 1
358.802 94.0655 1
295.326 35.4052 2
299.749 160.509 2
367.876 488.015 2
296.083 314.608 3
310.152 494.418 1
267.469 472.543 1
260.333 464.6 2
201.738 239.765 1
120.854 147.609 1
71.6347 465.507 1
725.399 182.651 1
652.7 329.502 1
650.606 342.167 1
613.435 222.331 1
621.564 440.28 2
607.082 458.665 1
528.108 151.56 1
514.113 202.377 2
506.045 240.757 8
468.229 204.86 3
493.62 346.075 3
394.919 103.403 1
372.85 129.003 1
323.743 23.9934 1
313.662 244.958 1
350.799 476.61 1
274.499 491.794 1
166.463 39.7289 1
131.934 277.398 1
134.768 284.631 2
65.1991 32.5421 1
84.1042 219.544 4
356.207 33.5492 1
314.506 149.994 3
217.528 266.951 2
704.265 265.927 1
565.908 67.3581 1
496.284 52.1596 1
536.34 274.67 2
513.918 186.648 1
338.751 138.835 1
376.859 478.6 10
300.833 309.689 1
331.539 434.289 2
230.052 317.559 4
157.378 118.762 2
100.263 236.937 4
639.408 243.427 4
643.304 258.691 1
640.007 335.845 2
529.251 158.968 5
498.245 78.4205 1
472.715 109.931 1
470.516 128.614 1
475.154 146.137 1
499.817 288.072 1
490.518 350.02 2
420.469 346.794 1
387.95 226.063 2
363.358 292.788 1
357.824 359.801 1
329.492 312.242 5
233.033 61.4742 3
293.672 349.154 2
314.197 501.11 1
225.442 150.239 1
247.339 275.687 2
204.215 99.349 1
223.868 185.788 5
254.47 513.267 1
531.214 189.553 2
460.181 330.213 2
248.034 281.163 1
530.03 217.964 1
498.686 279.088 1
517.788 307.48 1
477.169 278.969 2
385.277 472.917 2
308.689 334.301 2
384.034 176.566 1
400.402 360.908 2
280.695 448.356 1
552.171 68.4622 1
290.097 218.042 1
189.11 334.135 1
116.298 365.469 2
63.0796 243.104 5
682.018 302.67 3
634.058 386.839 1
615.804 294.241 1
551.027 288.623 2
604.579 30.6936 1
544.64 127.576 2
381.264 549.917 1
480.706 104.876 3
447.981 130.676 1
440.734 119.927 2
430.667 167.044 1
291.013 497.023 1
259.667 312.848 1
292.86 111.656 1
245.666 266.41 1
253.571 213.373 3
233.779 217.046 4
203.686 224.415 1
186.365 179.399 3
156.267 77.9215 1
108.463 148.265 1
64.686 322.885 1
663.592 46.4079 2
466.284 302.068 1
432.831 220.816 2
301.238 327.21 1
227.494 313.861 1
260.917 83.4382 1
233.142 90.2711 1
139.703 340.319 1
116.977 173.158 1
613.912 173.654 5
621.783 71.9481 2
590.953 144.907 1
583.074 180.311 2
528.245 270.783 1
536.297 159.058 4
528.224 124.073 2
510.262 98.0258 1
485.513 170.715 2
464.644 105.807 4
418.296 290.694 2
361.353 452.611 2
346.43 483.439 1
412.57 162.081 1
403.21 182.759 4
365.35 339.592 1
373.567 266.668 2
304.693 540.079 1
242.12 492.398 2
247.892 216.925 1
213.425 239.307 3
205.21 289.461 2
218.947 137.299 1
150.502 132.754 2
608.775 278.157 1
523.761 189.144 2
290.994 350.639 3
286.48 168.035 1
566.138 206.453 2
478.893 302.275 1
457.828 332.58 4
460.384 277.698 3
506.161 290.914 1
340.479 215.449 1
514.177 193.148 6
289.853 209.89 1
149.193 264.536 1
128.645 269.24 1
143.914 125.878 2
58.6218 85.4935 3
687.392 306.871 1
687.801 282.144 2
719.907 174.964 1
415.276 543.67 1
405.327 543.636 1
630.399 178.8 1
328.659 541.616 1
608.906 169.93 2
351.169 459.134 1
436.685 275.395 1
236.418 447.104 1
135.762 543.278 1
441.241 127.604 1
388.43 77.9024 1
377.235 82.093 1
373.693 85.2932 1
351.026 93.2467 2
312.897 116.359 1
73.2311 329.178 1
205.636 142.135 1
105.237 202.63 4
59.8568 57.5446 1
659.268 288.187 1
642.64 289.445 1
659.371 167.867 1
600.346 172.81 2
306.696 511.91 1
328.859 439.342 2
510.957 189.166 2
444.59 150.731 2
284.365 270.064 1
321.009 71.5815 2
266.983 83.6274 1
215.22 97.8792 1
672.343 229.452 4
609.733 204.189 2
533.428 261.214 4
568.943 149.73 2
430.363 276.894 1
353.796 353.861 1
305.633 325.242 1
478.998 79.5474 1
439.949 107.071 1
170.415 318.496 1
185.09 268.9 1
223.178 131.886 1
146.189 167.979 3
147.541 126.945 1
127.589 95.8364 1
334.824 297.243 2
402.211 177.42 1
368.272 179.955 2
339.904 182.569 2
527.842 164.982 1
241.9 315.389 1
277.119 185.282 1
490.518 246.633 2
472.125 328.688 1
275.888 510.565 2
681.147 207.32 1
548.295 227.417 1
415.881 226.756 3
535.587 155.869 1
266.921 269.393 1
38.833 355.032 2
540.761 106.938 1
204.924 205.987 1
435.365 79.6854 2
198.132 171.489 1
180.182 180.006 1
247.821 137.727 1
145.492 174.168 1
28.5625 231.673 2
364.403 59.6239 1
317.138 68.6207 1
26.852 111.233 1
29.0194 101.811 1
590.523 494.099 1
635.733 445.29 1
653.775 414.781 3
369.107 537.94 1
552.839 167.545 4
210.925 252.817 1
185.325 242.058 2
276.76 66.4841 1
163.531 104.149 1
183.18 90.4964 1
133.798 65.5066 2
606.259 194.724 1
104.266 198.207 1
206.524 146.478 2
667.969 263.177 1
614.601 232.612 3
472.186 213.59 1
274.113 278.315 1
397.711 207.115 2
243.321 245.865 1
113.349 183.2 1
616.579 398.931 2
628.986 378.242 4
365.592 451.174 1
270.929 467.63 1
632.856 189.483 1
371.242 278.15 1
482.485 196.155 3
563.453 124.065 1
353.186 184.011 2
305.543 190.549 1
359.548 120.324 1
334.316 124.546 3
289.631 300.839 4
261.337 319.204 2
378.51 181.622 2
172.562 358.079 3
317.178 370.062 1
521.498 260.002 1
288.086 296.471 1
161.505 304.738 1
33.9112 94.3725 1
596.712 95.0698 2
151.646 139.108 1
185.695 318.052 1
439.863 317.854 2
78.9972 96.4315 2
398.228 94.1463 2
294.538 127.042 1
438.454 135.734 3
634.156 150.042 1
199.042 155.847 1
409.055 171.175 1
25.4121 174.681 1
387.847 214.114 5
213.374 219.342 1
256.166 228.713 3
680.689 228.499 2
622.711 236.556 1
143.547 277.096 1
266.52 274.926 1
430.17 300.824 1
157.574 317.612 2
442.269 340.458 1
181.286 344.553 1
173.277 348.259 2
311.812 349.835 1
93.9492 381.883 1
645.202 453.02 1
621.022 481.779 1
367.3 483.436 3
604.061 500.278 2
25.9709 503.693 1
595.547 508.222 1
162.807 347.906 1
42.4433 165.901 1
435.551 170.862 1
464.996 292.671 1
497.819 295.825 1
69.0353 388.769 1
211.422 181.076 3
490.092 182.868 2
750.3 192.731 1
107.043 196.72 1
371.548 226.223 2
70.3939 233.653 2
454.159 238.42 3
470.459 230.069 2
493.797 233.651 1
730.916 288.98 1
265.489 297.404 2
650.928 304.105 2
119.889 364.228 2
180.365 367.652 1
48.5306 385.492 1
75.8498 413.148 1
69.4056 353.773 1
382.692 80.8544 1
736.885 212.708 2
338.03 188.999 1
552.632 265.557 1
454.464 311.667 1
32.6758 182.738 1
338.793 354.996 2
168.124 337.369 10
339.988 440.13 1
322.325 464.382 1
61.2889 453.184 3
695.514 112.81 1
630.598 147.885 1
409.667 87.8502 1
455.76 169.688 1
417.574 169.373 1
394.324 206.326 1
383.081 209.211 1
400.835 293.805 1
520.827 354.524 1
134.118 272.853 1
646.422 439.756 1
412.293 369.491 1
756.538 500.182 1
169.856 348.625 1
333.03 128.767 3
497.976 292.403 1
97.9005 176.838 1
367.118 360.063 1
298.633 464.74 4
704.784 200.229 1
729.124 285.041 1
483.306 232.224 1
422.072 231.48 1
254.3 191.268 1
78.5302 222.716 2
427.736 331.429 1
254.365 298.107 2
228.566 366.157 1
151.103 368.345 1
461.019 234.364 1
266.904 361.796 1
149.75 374.497 1
180.103 316.837 1
410.14 73.1955 1
98.3157 235.503 1
54.8767 235.751 1
685.657 258.797 1
702.173 333.355 1
505.953 202.574 2
453.193 168.111 1
405.708 286.891 1
213.402 159.423 1
101.571 109.245 1
408.769 367.174 1
417.084 401.35 1
330.665 371.28 1
74.9838 194.228 1
83.39 207.1 2
218.87 351.996 1
236.407 481.765 1
54.4946 435.356 1
670.745 224.179 4
176.44 108.554 1
291.214 275.424 1
549.116 304.997 1
276.997 117.957 3
150.998 143.148 1
367.423 322.237 1
289.768 331.44 2
255.143 326.87 3
92.025 311.491 1
452.908 179.642 1
641.513 348.595 1
468.867 234.485 1
392.194 219.342 3
320.773 216.628 3
251.981 174.619 3
260.256 209.873 1
404.278 319.979 1
424.21 333.814 1
128.241 139.845 1
235.173 296.184 2
323.81 355.29 1
405.228 428.516 1
200.75 348.163 2
223.324 361.145 2
146.464 359.023 1
453.13 226.059 1
401.087 328.457 2
313.81 313.191 1
462.832 184.683 1
288.152 158.883 2
369.532 325.066 1
131.973 110.427 3
373.78 473.22 1
98.5429 307.768 2
684.266 291.129 3
451.683 76.0753 1
582.382 290.363 3
406.323 84.1777 2
538.834 290.892 2
281.007 60.7851 5
294.657 169.547 1
183.412 103.538 1
249.109 271.49 3
178.128 211.466 1
97.0495 164.19 1
207.791 349.927 1
121.077 268.066 1
96.397 283.384 1
227.941 472.844 1
232.883 480.92 1
128.855 503.13 1
703.576 234.403 2
648.276 134.413 1
639.853 127.399 2
473.566 276.809 4
285.024 119.402 1
223.26 140.43 2
378.934 358.394 2
380.47 469.605 2
648.515 180.301 1
617.671 245.262 1
635.271 350.37 1
464.075 229.606 1
504.902 294.507 1
386.698 214.967 1
487.128 363.947 1
352.809 215.353 1
295.125 180.904 2
415.42 356.895 1
319.684 321.593 1
164.713 163.757 1
373.721 446.71 1
196.947 332.87 2
214.239 357.483 4
331.172 323.037 1
511.448 261.814 1
403.403 245.508 1
467.407 344.367 2
333.17 239.51 2
468.061 347.825 1
729.587 27.8969 1
651.516 145.768 1
666.499 228.485 1
592.855 264.884 4
505.509 27.5131 1
464.103 52.0875 1
257.748 29.017 2
287.049 246.708 1
317.974 511.501 1
111.474 353.476 1
113.957 390.813 1
706.897 203.668 1
669.617 209.918 2
684.342 326.076 1
647.926 317.967 2
647.584 329.873 2
507.288 75.632 1
566.967 271.979 1
537.072 287.956 1
440.751 172.482 1
481.575 338.335 1
379.276 113.895 2
323.402 184.157 3
306.571 165.556 1
298.911 322.037 5
317.034 491.755 2
184.898 151.814 2
136.211 115.868 1
260.775 508.113 1
143.473 152.189 1
207.1 346.107 1
115.25 155.608 1
569.987 64.3951 5
575.908 179.176 1
472.828 281.705 2
379.539 473.125 1
238.401 280.586 1
233.991 299.147 1
289.332 516.957 1
596.994 75.7258 1
571.979 189.792 1
525.109 231.759 1
469.819 149.817 1
471.187 224.403 1
487.851 353.22 1
416.381 163.196 2
366.355 121.47 1
379.435 204.431 4
367.311 151.108 2
407.241 273.684 3
373.697 229.183 1
355.9 295.104 1
214.307 154.055 1
201.166 315.706 1
244.427 516.548 1
161.596 317.454 3
459.803 491.284 1
402.744 357.016 2
722.242 58.8768 1
590.604 53.9682 1
528.829 93.4802 1
495.176 54.968 1
464.278 298.059 2
457.54 155.84 1
385.809 107.173 1
309.184 178.609 2
177.262 79.5246 1
173.805 18.0576 1
109.853 81.4454 1
700.547 225.17 1
695.087 25.2336 2
682.252 316.606 3
680.282 325.039 2
637.034 369.024 2
608.745 221.55 1
590.35 39.1744 1
538.365 71.2003 1
533.715 223.351 1
435.535 120.245 1
431.006 42.3013 1
427.92 190.071 2
383.214 271.49 1
380.796 128.798 1
361.443 313.926 2
336.131 220.214 2
320.619 23.8494 2
288.305 112.862 1
250.801 191.415 2
251.447 315.047 2
234.822 27.8068 1
228.824 203.99 4
203.664 335.464 1
151.414 79.2022 1
129.403 554.021 1
108.589 391.907 1
401.79 148.665 2
239.011 348.057 1
483.316 51.8373 2
478.887 299.026 1
370.251 499.736 1
311.975 324.747 1
303.082 45.5143 1
289.399 144.955 1
266.377 65.1252 1
229.055 91.8521 2
143.773 342.045 1
461.255 107.409 1
408.861 161.662 1
389.87 54.9153 1
359.795 276.081 1
342.736 298.057 1
239.822 508.806 1
167.917 259.26 2
345.837 445.09 4
503.171 302.116 1
473.401 335.758 2
387.884 474.633 1
392.683 176.298 2
724.349 33.5104 2
460.422 568.802 1
278.728 241.468 1
243.678 347.506 1
275.459 155.288 3
85.8168 367.295 2
67.0299 246.137 1
660.365 409.771 2
676.923 313.871 1
682.483 280.504 1
662.364 192.989 1
561.628 300.431 2
538.579 123.293 1
318.778 536.181 1
304.697 33.1188 1
309.089 328.701 1
197.486 53.1663 3
542.985 228.962 1
297.224 266.721 1
261.658 350.961 1
518.453 267.526 1
530.744 211.31 1
525.008 122.328 1
460.444 82.0729 1
284.181 527.458 1
415.816 106.362 1
369.446 261.855 1
345.425 286.945 1
234.468 486.759 1
194.889 337.401 2
208.068 242.027 1
211.652 134.095 1
150.067 281.63 2
348.877 447.301 5
324.706 473.763 1
406.975 105.161 1
371.869 176.342 1
246.503 323.868 2
482.247 331.226 2
386.624 484.435 1
302.876 225.369 3
400.172 338.709 1
350.643 181.265 1
563.997 171.249 1
302.876 511.678 2
555.729 122.019 3
489.539 191.326 3
541.509 83.1749 1
531.051 80.5461 1
355.536 307.16 3
367.6 102.705 2
371.875 57.3569 1
93.0007 203.574 2
323.255 537.685 1
363.646 459.89 1
547.624 178.162 1
522.718 141.792 1
437.304 207.545 1
328.912 356.793 1
131.318 509.355 1
252.662 269.316 1
340.285 69.765 1
260.275 66.4865 1
150.347 112.589 1
128.984 176.775 1
542.263 232.017 1
254.118 352.17 1
302.612 215.253 1
187.42 344.861 1
169.705 356.559 2
583.074 173.284 1
606.524 122.073 1
475.871 297.256 2
555.746 140.703 1
380.739 246.382 1
405.677 179.585 1
599.518 432.044 1
531.071 278.339 1
248.481 316.52 1
397.371 334.588 1
627.297 298.901 1
357.731 463.993 1
625.502 200.693 1
152.744 250.875 3
354.563 62.1405 1
294.717 79.0362 3
283.142 78.598 1
123.298 171.378 1
50.0132 102.302 2
322.897 518.6 1
720.534 171.123 1
636.752 188.586 2
601.18 184.335 2
133.546 513.441 1
440.543 285.267 3
232.47 438.347 3
132.61 493.854 1
528.796 140.281 1
491.243 79.5432 1
137.229 333.576 1
93.7697 300.339 1
183.149 220.263 1
136.276 144.707 1
74.6142 79.4325 1
318.733 514.46 1
699.696 160.309 1
151.345 87.9933 1
505.818 199.522 1
332.589 293.733 2
211.903 256.681 1
123.587 320.678 1
135.914 242.426 2
117.067 249.47 1
524.218 253.939 1
282.61 295.665 2
250.495 309.021 2
198.692 341.859 5
752.957 508.709 1
143.256 160.493 1
332.992 70.5736 1
325.625 72.2197 1
287.064 79.883 1
282.067 81.4694 1
64.7661 80.2347 1
740.729 212.532 1
742.266 169.981 1
724.395 169.761 1
700.369 171.944 1
133.473 331.42 1
44.5973 343.127 1
398.508 186.459 2
462.819 148.416 1
216.898 193.947 2
205.851 176.906 1
436.461 278.876 2
76.8499 398.618 1
192.767 333.723 1
553.057 142.695 1
697.888 200.838 3
503.324 197.027 2
150.282 318.002 1
593.141 189.263 1
654.063 302.895 1
448.34 323.655 2
368.814 183.791 3
128.594 322.008 3
250.969 450.972 1
257.479 458.847 1
284.979 132.397 1
618.787 136.958 1
559.392 153.401 1
641.552 163.847 1
260.237 175.66 1
253.493 182.845 1
24.827 251.582 1
154.12 266.449 2
191.765 306.172 2
599.451 304.525 1
220.333 325.533 1
533.657 365.766 1
94.7718 389.61 1
644.668 461.036 1
707.12 323.926 1
261.714 248.167 1
433.667 337.517 1
59.6703 270.619 2
730.228 311.212 1
714.816 320.862 1
31.6344 450.143 1
480.803 135.187 1
397.532 309.565 1
40.8937 235.425 1
159.413 348.038 1
88.5296 385.804 1
63.7729 483.16 1
742.098 198.202 1
727.888 201.474 1
362.921 301.925 1
82.5013 300.833 1
724.115 308.712 1
709.469 316.44 1
186.76 285.847 2
416.528 178.141 2
72.4777 90.7713 2
76.6877 207.328 1
80.0257 433.138 1
176.623 178.419 1
236.731 252.065 1
81.9775 210.95 1
408.685 372.277 1
92.0446 253.207 2
326.668 430.271 1
61.6892 463.199 1
283.946 176.786 2
414.619 392.518 1
138.087 320.698 2
472.857 240.184 1
638.965 361.495 1
288.838 233.701 1
321.317 364 2
145.757 328.093 1
116.939 317.695 1
131.425 328.604 2
700.009 278.78 1
684.246 272.608 1
378.367 96.5707 1
620.058 300.289 1
419.308 216.154 1
284.344 179.948 1
413.76 408.568 1
213.518 287.183 1
336.71 414.833 1
85.1265 239.53 1
93.6818 272.86 1
156.15 356.598 1
230.628 488.474 1
411.558 412.89 1
233.499 292.111 1
145.331 148.158 1
447.369 228.265 1
416.433 236.873 1
378.856 231.655 1
348.876 230.482 1
394.158 338.463 2
357.225 365.397 1
214.036 370.924 1
453.877 204.249 1
299.906 303.652 2
77.048 217.481 2
683.506 268.742 1
681.948 308.408 1
317.157 126.363 1
179.617 106.589 1
160.032 186.463 1
218.899 258.723 3
130.096 161.642 1
303.638 452.189 1
126.429 234.175 1
311.889 491.487 2
236.408 494.693 1
330.927 307.535 1
347.116 324.182 1
311.094 297.809 1
388.746 459.776 1
340.554 419.281 1
573.202 315.126 1
414.019 176.158 1
462.446 333.273 2
347.741 221.613 1
479.299 374.743 1
209.016 364.68 1
516.192 182.621 2
532.554 337.129 1
305.509 227.218 2
680.401 293.26 2
680.181 328.736 1
643.154 306.608 1
634.408 372.602 1
298.55 168.607 1
302.499 235.38 1
323.983 312.226 2
229.368 150.378 1
230.807 158.357 1
172.369 156.313 1
158.058 168.426 1
128.965 158.333 1
176.846 301.411 1
136.14 227.462 1
522.418 217.225 5
507.696 305.486 1
284.958 113.446 5
333.2 329.318 1
223.18 135.996 1
385.197 467.45 1
511.1 146.026 1
560.302 314.948 1
401.305 172.329 2
398.502 364.464 2
272.279 325.654 1
282.516 356.332 1
632.262 121.489 1
408.231 41.0062 1
453.098 268.61 2
452.908 326.687 1
260.835 28.2499 1
172.768 87.7281 2
120.643 275.296 1
583.926 46.0688 1
631.467 375.588 1
492.436 73.6581 1
528.014 224.396 2
531.784 333.561 1
400.725 102.893 2
486.138 554.486 1
384.717 222.288 2
372.806 282.533 1
278.993 206.794 1
248.414 182.026 1
248.779 220.602 1
155.173 42.7174 1
200.984 220.302 2
252.647 507.797 1
198.578 338.254 3
148.064 143.864 1
574.315 63.7441 2
524.552 324.516 4
568.393 165.032 1
568.763 216.318 1
518.793 277.294 1
468.13 270.917 1
456.642 263.319 1
296.18 229.351 1
242.016 297.098 1
518.596 232.589 1
463.178 225.267 1
396.558 164.038 3
370.872 121.67 1
364.98 229.812 1
331.382 153.058 1
316.457 170.751 1
695.934 225.717 1
676.606 277.197 1
672.952 325.797 1
545.271 19.7941 2
467.629 286.753 1
313.807 52.7396 1
293.862 142.328 5
292.022 256.676 1
178.347 17.2514 1
643.568 329.182 1
631.784 36.192 1
604.938 222.001 1
596.507 29.8967 1
583.616 40.1956 1
562.709 24.2513 1
537.996 223.359 2
522.172 204.161 1
476.278 95.3418 1
395.652 173.534 1
378.933 271.733 1
306.479 355.573 1
245.607 36.7631 1
245.013 315.904 1
229.554 27.6466 1
216.409 217.198 1
208.676 86.5377 1
200.182 335.038 1
167.225 100.888 2
358.103 447.906 1
345.698 92.4122 2
380.014 477.035 1
375.136 499.017 2
328.38 155.573 1
290.001 226.468 2
284.242 211.411 1
240.281 89.7767 1
529.414 294.536 1
449.673 107.444 1
399.615 162.521 1
380.912 57.409 1
342.754 276.625 1
340.95 206.481 1
327.932 298.8 1
468.71 299.751 2
253.332 348.025 2
260.156 55.582 1
121.487 173.838 1
600.938 49.0822 2
528.73 119.206 1
521.383 97.6832 2
382.996 264.754 1
198.925 224.892 2
160.732 280.865 1
141.5 119.503 1
156.171 36.4696 1
631.307 227.468 2
613.204 285.641 1
483.041 304.792 2
290.929 168.08 1
543.438 89.4848 1
499.64 268.164 1
351.541 264.854 1
571.211 173.816 1
485.266 328.864 1
616.592 173.21 1
535.659 122.313 2
361.22 457.041 3
489.959 171.445 1
311.273 531.077 1
478.664 83.9756 1
128.638 92.2491 1
493.725 272.894 1
249.758 293.515 1
180.604 135.935 1
523.5 276.822 1
520.81 207.679 1
560.514 120.487 1
394.455 179.856 1
360.517 249.326 1
408.72 123.311 1
222.339 476.645 1
252.286 320.696 1
313.492 122.081 1
515.999 273.828 1
476.231 285.251 2
700.531 311.29 1
569.69 178.505 1
549.907 126.393 1
430.188 225.34 2
282.818 151.68 2
120.867 301.185 1
177.606 138.1 1
627.254 389.518 2
594.364 176.441 1
622.462 302.221 1
382.632 212.504 1
190.234 349.151 2
181.621 131.089 1
695.559 183.341 1
673.665 190.123 1
195.535 330.176 1
598.968 141.126 3
410.332 207.812 1
302.543 133.461 4
158.582 125.544 1
288.542 118.863 1
163.919 308.122 1
218.87 226.074 1
517.729 251.408 1
276.088 291.711 2
630.652 303.466 1
597.428 115.24 1
70.8192 239.714 1
183.257 119.664 1
725.45 298.13 2
218.215 426.198 1
644.261 201.267 2
189.714 234.771 2
398.835 123.959 1
379.677 123.279 1
95.3191 221.61 1
86.0251 172.687 1
605.708 199.632 1
662.6 294.847 2
433.474 277.945 1
146.198 364.642 1
378.738 218.549 1
356.657 244.7 1
170.213 308.339 1
148.942 313.468 2
219.004 229.097 1
39.1622 491.305 1
66.7922 352.118 1
164.488 265.536 1
622.289 137.76 1
31.7437 114.515 1
226.317 258.553 1
108.025 155.213 1
43.7459 159.76 1
541.38 265.558 1
660.734 298.589 1
236.183 367.721 1
153.705 366.649 2
376.821 225.472 3
304.229 221.656 1
71.1979 229.648 1
173.937 307.386 1
369.721 247.929 1
104.813 155.519 2
496.15 182.998 1
66.4756 386.033 1
40.5493 252.456 2
116.654 361.182 3
162.439 363.21 1
173.394 362.866 1
180.963 360.543 1
95.8728 401.551 1
40.9262 267.103 1
27.0016 273.227 1
94.7102 170.504 1
127.452 315.562 1
367.526 217.947 1
177.313 356.096 2
159.563 357.69 1
98.9917 172.451 2
386.537 326.834 1
430.267 360.284 1
62.7261 401.401 1
67.5007 437.709 2
622.273 307.856 2
428.722 327.215 1
207.837 277.452 1
153.105 360.753 1
164.857 361.27 1
57.8288 428.379 1
230.839 270.707 2
635.754 403.306 1
349.874 316.516 3
417.903 388.107 1
348.95 430.869 1
381.494 450.278 2
674.513 234.646 1
709.116 282.163 1
409.401 232.33 1
243.18 186.913 1
513.113 377.44 1
348.365 347.459 1
403.178 381.037 1
141.479 362.256 1
127.242 228.112 2
403.689 304.986 1
202.483 234.15 2
616.184 305.395 1
409.329 415.788 1
340.667 408.884 1
396.211 329.182 1
405.44 401.901 1
691.277 205.145 1
182.603 240.484 1
383.64 461.395 1
613.397 304.049 1
445.325 176.832 2
411.784 310.131 1
180.648 262.519 1
562.067 512.714 1
122.302 117.568 1
331.83 427.212 1
471.211 147.09 1
308.836 118.04 1
231.607 130.225 2
145.529 140.305 2
332.95 230.701 1
335.558 376.636 1
174.923 128.519 1
571.369 294.949 1
420.72 159.418 2
425.652 166.746 1
235.207 127.207 1
320.438 313.873 1
462.045 486.011 2
238.53 248.867 1
322.74 330.685 1
397.947 454.505 1
514.031 197.787 1
389.1 177.358 1
636.328 332.913 1
573.298 292.103 2
469.59 110.187 1
391.691 69.5206 1
437.8 218.223 1
363.813 118.39 1
258.71 129.336 2
192.672 61.2775 1
213.879 148.757 1
151.135 287.868 1
559.306 131.589 1
378.564 172.907 1
359.742 233.178 1
656.211 219.429 1
519.263 337.353 2
492.476 285.373 1
458.105 325.761 1
305.326 131.391 1
316.457 310.251 1
282.252 214.107 1
598.346 68.59 1
585.44 61.6279 2
477.01 73.3091 1
451.992 208.257 1
416.629 157.725 2
466.459 558.555 1
383.6 114.336 1
375.373 50.632 1
350.51 296.852 1
346.87 315.438 1
249.477 233.604 1
490.609 280.291 2
473.886 269.133 1
382.641 499.878 1
356.678 167.47 1
485.898 295.484 1
435.132 28.7892 2
358.052 23.8493 1
314.88 320.66 1
304.091 178.373 1
599.876 222.051 1
553.601 301.046 1
510.521 278.163 1
484.022 165.543 3
415.746 128.475 1
385.594 173.95 1
367.564 272.632 1
303.857 23.0476 1
275.477 247.205 1
219.75 27.8207 1
345.238 205.757 1
477.496 331.342 1
427.543 107.059 1
428.482 184.886 1
374.749 543.395 1
315.945 324.079 1
287.013 164.978 2
522.229 270.737 1
400.069 559.98 1
470.507 92.617 1
208.216 286.526 1
521.588 212.946 1
377.758 538.907 1
327.706 65.5706 1
334.31 267.232 1
316.23 72.1896 1
525.597 117.59 1
377.816 260.382 1
347.992 354.538 2
294.61 527.183 1
157.361 278.33 1
603.618 427.446 1
543.68 211.214 1
410.854 106.569 1
403.937 335.413 2
394.415 126.483 1
312.885 517.957 1
184.637 340.159 2
183.058 138.348 1
628.233 420.722 1
633.644 359.745 1
572.923 122.176 1
623.982 393.579 2
612.612 439.32 1
606.509 449.918 1
258.301 293.663 1
354.895 462.48 1
123.854 302.278 1
622.165 428.412 2
622.94 415.176 1
608.695 434.345 2
633.012 368.012 1
572.901 284.099 1
524.311 208.029 1
623.111 388.08 1
554.674 137.17 1
258.044 288.829 1
404.43 283.104 1
493.147 332.015 1
499.759 223.566 1
190.334 357.782 1
124.774 306.272 1
616.418 438.776 1
605.262 439.596 1
619.605 423.474 1
637.073 365.168 1
239.736 469.126 1
141.136 242.966 3
617.018 421.92 1
623.273 398.569 2
619.113 407.664 1
629.208 198.96 1
582.208 162.423 2
576.169 305.01 1
613.396 166.489 1
110.526 385.744 1
203.469 305.342 1
250.05 184.94 1
629.713 383.015 2
431.813 280.627 1
185.538 358.873 1
249.257 301.19 2
582.38 158.467 1
357.72 185.275 2
70.9214 429.872 1
681.779 225.392 2
481.755 190.641 1
309.721 188.857 1
173.638 230.236 1
744.114 275.637 1
183.381 355.871 1
555.666 150.885 1
139.379 213.074 1
156.888 204.152 1
92.7777 207.805 1
192.9 187.777 1
83.4444 306.883 1
507.55 207.959 1
713.815 312.014 1
658.907 309.014 1
