4208 20346
102.124 4.6137 1
562.648 4.79541 1
190.819 6.00726 1
16.7997 7.05376 2
25.5843 7.41039 1
8.31071 7.54729 1
121.852 7.55551 1
372.472 13.4467 1
193.512 13.8762 2
60.5703 14.8209 1
32.2703 15.7452 1
89.749 15.9439 2
245.367 16.7398 1
278.315 18.9433 2
60.8676 20.2171 1
590.563 19.7157 1
73.1785 21.2164 2
328.574 21.6217 2
17.5679 24.9897 1
25.3937 24.9993 1
121.73 25.163 1
362.804 24.5087 3
191.245 24.5597 9
448.712 28.6523 6
21.3177 33.9106 1
32.978 31.5099 3
87.113 32.3901 10
561.705 35.8836 6
567.845 36.2289 3
579.2 36.0979 3
591.461 37.8393 1
73.6298 36.8824 3
61.3129 39.6398 2
117.985 40.6342 8
17.0875 43.0088 1
184.697 41.003 12
144.193 43.3158 13
245.754 44.698 6
180.994 46.2508 3
556.776 48.2398 4
278.526 48.4582 2
563.873 48.65 3
22.5616 51.7311 1
143.491 55.0894 18
61.6277 55.3214 2
69.8418 55.3246 4
127.771 55.8892 2
441.642 56.6892 4
446.528 57.5925 15
36.2235 57.0593 9
145.148 59.8986 2
154.469 60.1054 2
163.746 58.4892 9
16.2045 60.6783 1
189.851 62.0858 4
561.759 65.7452 8
191.144 66.0705 22
61.2859 68.869 4
143.012 69.975 28
578.432 67.5511 2
590.744 67.9641 1
17.6405 68.8084 1
86.3434 66.7191 7
414.014 64.5397 23
370.577 69.9202 7
69.0471 72.1757 16
126.305 72.7711 4
61.6497 74.9741 2
144.936 72.9781 3
154.949 75.3242 2
187.015 74.6713 1
245.185 74.1706 6
17.4612 78.4077 2
27.1957 77.6836 1
556.413 78.6074 4
329.227 80.4207 3
391.662 84.8553 13
167.526 85.8681 9
192.144 87.423 10
442.175 87.4764 4
447.159 87.6367 15
59.5775 95.0475 9
194.664 92.2011 10
547.112 91.6237 1
12.4926 92.4762 1
119.894 91.328 11
86.7989 95.7421 2
166.222 97.6211 9
561.375 96.1889 7
569.985 97.1208 3
577.744 97.6108 4
59.5764 97.6722 5
194.19 98.5296 1
167.941 103.85 3
245.443 104.386 2
128.032 107.354 2
68.4085 107.985 21
30.7048 109.37 1
555.961 105.865 6
328.243 108.347 3
575.76 110.224 2
591.213 111.206 1
362.341 112.504 4
167.995 112.804 7
446.387 115.274 21
193.23 113.315 13
413.802 116.595 2
179.037 117.286 6
272.177 118.139 2
162.794 118.888 12
186.819 119.139 5
420.998 119.161 2
448.111 118.376 3
139.452 120.852 19
38.8629 120.864 1
137.804 128.368 11
560.915 126.781 8
578.332 127.073 4
416.876 128.558 1
590.374 129.038 1
61.8691 128.652 9
124.897 129.255 13
192.676 130.476 16
145.805 135.159 21
59.5899 133.219 3
331.496 133.41 19
78.2341 134.205 4
307.452 133.186 20
346.293 135.74 13
351.558 132.353 33
357.282 135.221 16
10.1194 137.874 1
363.473 138.097 1
36.7532 139.188 5
192.193 138.575 13
394.489 136.979 55
386.916 142.28 9
583.921 140.954 1
176.204 141.213 13
280.038 139.654 3
152.811 146.768 14
499.23 143.362 7
99.4758 146.301 6
512.789 145.065 14
188.755 148.008 16
533.864 146.157 4
544.107 147.131 36
298.767 150.056 1
317.254 149.068 19
149.954 149.466 7
347.267 151.18 2
353.73 151.415 10
193.813 151.54 1
266.63 151.953 16
61.0262 151.145 11
371.821 152.78 8
379.479 152.904 5
262.06 154.572 3
410.692 154.533 9
21.3437 156.141 2
168.309 158.236 14
424.806 155.29 18
445.795 155.131 40
450.943 154.266 24
128.735 159.232 14
189.433 158.1 13
245.28 154.184 53
459.86 159.252 2
217.199 161.421 14
61.9724 161.609 3
180.779 160.18 12
237.025 160.669 24
489.507 162.007 3
95.2636 161.764 13
235.266 163.558 6
20.9948 163.879 4
333.681 166.955 1
61.6249 166.882 3
353.92 168.923 1
192.552 168.221 41
218.797 170.996 9
67.4368 170.898 8
166.241 172.423 1
501.958 172.571 24
38.5179 174.06 1
96.4806 172.396 13
154.869 173.502 12
139.187 174.357 22
58.1535 176.141 1
126.691 175.522 8
201.56 176.945 9
145.61 175.155 29
118.355 176.931 33
73.021 182.261 32
519.029 180.512 6
23.9352 181.476 2
180.57 185.743 1
476.504 188.909 7
172.958 188.126 3
54.0337 190.567 14
475.18 189.228 3
63.3984 190.358 9
166.521 191.247 8
71.4692 193.397 27
469.06 193.171 5
507.379 193.447 14
47.675 193.039 4
520.319 189.22 12
465.786 194.674 1
459.628 197.866 2
75.0193 199.154 1
143.622 200.255 17
131.276 205.41 3
497.488 205.295 4
34.7502 206.437 11
444.313 203.172 25
114.259 207.67 1
125.485 207.955 4
51.1364 206.912 14
5.3301 212.994 1
423.536 214.944 4
470.362 215.601 3
95.0847 219.377 22
413.304 219.117 4
39.5073 221.533 1
408.308 221.809 6
429.818 224.281 22
477.448 221.27 15
397.365 226.271 16
9.66011 230.071 1
387.033 229.958 30
63.5798 231.713 7
339.203 234.023 17
50.4967 237.064 9
89.7542 237.865 12
366.339 236.774 13
513.936 237.698 1
333.618 236.017 17
490.481 239.002 1
40.6862 241.239 9
323.641 242.246 11
15.7275 244.974 1
354.493 245.901 28
347.901 249.758 7
120.876 257.073 8
561.2 256.777 3
71.9602 263.323 13
89.3721 258.682 22
324.968 262.185 10
551.842 263.843 1
73.2352 266.222 6
91.7397 268.905 11
69.0946 267.322 3
307.122 270.994 26
131.348 274.278 7
51.8708 277.776 4
142.935 275.313 7
152.146 276.16 6
349.887 278.144 14
339.784 280.61 4
355.47 281.993 13
485.052 284.781 13
17.5787 285.454 1
52.9115 286.802 12
148.459 286.662 26
350.663 285.441 12
174.444 289.155 24
387.645 290.068 16
425.501 289.409 2
70.2089 288.66 11
480.05 289.054 24
196.873 291.149 12
229.405 293.273 40
507.387 293.36 5
79.9597 295.716 22
84.7201 297.353 6
91.7497 291.753 51
95.1853 297.329 9
122.197 294.836 37
176.215 296.42 24
202.584 296.985 24
211.709 297.052 8
243.178 296.98 14
262.09 296.818 20
333.475 293.55 10
345.702 296.755 21
356.694 295.192 34
373.262 297.627 2
383.04 295.492 46
405.336 298.314 1
410.801 298.28 8
465.369 297.283 24
148.261 298.192 40
156.585 297.87 5
231.731 298.828 18
322.555 297.065 16
452.969 301.983 15
53.7991 301.739 17
72.4448 299.047 7
55.7492 305.741 1
381.925 309.358 28
403.146 305.845 34
146.688 307.119 7
223.645 305.229 12
456.96 309.969 15
321.433 312.208 16
127.591 311.6 17
224.582 315.094 15
243.088 316.517 30
140.781 313.372 19
397.41 315.928 4
224.188 317.996 3
272.764 318.673 4
484.949 318.881 3
150.907 321.128 12
321.043 320.792 14
224.652 323.045 3
85.1303 328.319 17
243.371 323.946 32
353.245 329.374 68
227.245 328.926 2
467.475 328.181 7
483.223 328.289 12
322.295 330.253 16
85.73 331.956 1
227.219 333.832 1
141.749 330.677 42
146.623 334.016 11
86.0984 335.902 1
297.292 337.984 2
227.496 338.584 2
322.16 340.009 20
449.407 337.07 14
128.279 340.322 3
88.6496 343.912 10
353.12 344.234 43
227.512 345.499 4
399.025 343.917 2
119.693 344.989 14
354.849 346.667 1
91.3034 347.916 12
227.598 349.459 2
321.473 347.993 15
380.824 348.449 30
69.158 349.784 6
76.3587 352.036 4
144.515 350.583 8
227.765 354.292 4
58.9361 354.5 7
104.718 355.144 23
245.353 352.369 43
320.218 356.376 33
224.397 362.408 9
241.499 360.743 3
112.771 363.432 16
242.977 365.389 9
8.52695 365.689 1
186.858 365.89 11
323.705 366.596 25
74.8211 367.463 1
150.576 366.824 1
346.86 366.493 11
286.528 368.375 1
351.803 360.057 53
378.894 366.951 43
206.099 372.368 16
319.196 369.553 2
325.642 369.796 1
333.93 369.719 3
262.447 370.139 38
515.738 368.13 23
535.222 369.266 13
447.596 373.59 3
188.532 374.414 5
247.772 373.835 5
59.9006 375.717 1
335.079 375.995 9
233.792 376.496 8
190.333 379.88 10
208.763 381.07 30
220.607 378.478 9
565.33 377.336 14
571.207 380.973 2
582.232 381.588 2
93.4592 380.723 13
589.662 382.573 1
74.0342 379.568 25
206.23 384.214 12
323.343 384.747 5
199.017 385.312 10
190.514 389.936 26
433.859 387.165 5
312.968 385.992 12
127.832 389.378 35
308.097 391.257 16
541.8 393.851 24
136.759 393.011 12
194.195 397.508 3
294.943 398.618 3
36.8476 398.769 2
398.518 397.058 4
292.09 400.708 1
533.938 400.824 3
137.833 401.182 27
179.151 402.783 5
172.103 401.679 44
356.667 403.294 15
161.519 401.095 44
281.316 403.722 23
263.291 407.969 13
349.333 409.045 3
124.24 407.687 14
203.5 409.305 53
211.845 411.259 13
388.014 408.672 10
174.984 411.927 5
231.958 413.325 2
246.747 414.656 8
256.416 414.606 1
532.828 415.151 9
243.339 417.244 11
158.745 421.257 6
325.895 415.846 46
271.718 418.918 9
551.479 423.855 6
578.617 427.076 2
587.445 427.934 1
542.049 436.777 10
531.755 447.347 2
531.22 452.838 4
433.108 458.262 2
413.578 460.205 1
530.994 459.403 7
549.127 468.753 16
593.15 474.458 1
537.665 486.27 15
116.671 491.452 9
144.25 497.665 3
390.472 497.98 1
163.732 500.348 1
528.846 501.763 12
460.705 502.432 10
544.796 512.028 12
556.95 512.177 16
563.722 514.11 4
582.339 517.586 1
444.043 542.24 16
447.185 543.911 2
526.403 543.636 5
526.151 552.979 7
567.068 554.035 1
578.371 555.298 2
427.489 561.911 1
461.625 583.12 1
64.9735 4.58395 1
245.052 4.53511 1
277.711 4.89493 1
579.234 4.62631 1
590.959 4.72858 2
86.4308 6.30958 2
115.898 6.00713 2
292.735 5.82145 1
302.46 6.08258 1
328.641 8.01948 1
341.125 8.4533 1
69.4373 10.2427 1
100.114 10.2554 1
148.058 10.2322 1
354.964 12.469 3
556.522 10.2272 1
37.1188 11.3382 1
541.537 10.5635 1
574.521 11.1869 1
124.582 12.3064 1
377.122 11.6097 1
386.348 11.9497 1
402.073 12.2724 1
5.78212 13.4254 1
119.943 13.4741 1
413.533 13.8067 2
43.8335 14.351 2
83.1528 14.8702 1
426.997 14.4959 1
443.051 15.4939 1
446.704 15.2697 1
107.76 16.6978 1
132.205 15.7436 1
104.239 17.8704 1
183.066 18.2451 1
197.252 17.6472 2
65.9816 19.2632 1
25.8501 20.4987 1
272.836 19.9903 1
17.0274 20.5856 1
92.3124 24.2176 3
236.404 20.8226 1
453.287 21.1172 1
87.7991 22.4132 1
251.088 21.8311 1
540.771 21.7743 1
561.929 22.43 2
552.525 22.8658 3
578.661 23.1793 1
6.30983 24.1152 2
115.634 23.7925 1
377.948 25.2072 5
591.263 24.3475 1
301.136 24.8645 3
318.121 25.929 4
327.598 26.4535 1
337.23 27.4533 3
70.1067 29.4596 3
103.36 28.1712 11
358.59 28.2389 1
37.3495 30.7535 3
150.167 27.786 6
381.993 29.9251 2
6.41742 31.0237 1
119.466 32.5868 5
219.774 31.6758 8
210.417 31.574 8
231.93 32.1608 5
83.1833 33.5756 4
244.827 33.5156 7
438.505 35.1929 6
108.766 35.2917 9
258.828 33.862 4
552.525 34.5324 9
270.236 35.8541 7
301.674 36.422 4
66.8204 38.0379 15
293.546 36.6997 9
25.9966 39.3952 5
150.164 36.7625 7
316.563 37.7047 5
328.987 38.6297 10
16.4204 38.8606 1
341.059 40.1038 8
349.749 39.5169 3
87.5524 40.2377 2
116.617 40.2448 7
160.814 41.3879 3
357.473 41.0055 18
556.694 40.9109 6
35.6609 40.5581 4
562.978 40.8293 2
190.18 42.7309 10
377.841 43.3407 10
387.048 43.5152 10
133.006 42.8858 6
401.786 42.5925 7
421.588 43.3625 1
370.834 45.6245 6
414.588 44.0763 7
69.9564 45.6009 4
283.252 44.6846 2
444.31 47.6328 17
102.953 44.4116 10
442.927 46.84 4
21.6241 47.5089 1
36.1282 48.6212 4
291.64 46.5596 2
121.345 48.5576 9
6.24649 49.2761 1
149.725 49.7461 16
216.57 49.1642 6
85.8505 50.0934 5
227.843 49.7379 6
453.863 50.2674 1
108.532 51.6783 14
133.317 54.3865 9
270.161 52.881 3
552.626 54.8109 12
562.407 54.4663 12
577.979 53.8574 1
155.54 54.5785 1
590.272 55.1438 1
16.5311 56.5179 1
27.5868 58.7542 6
36.1459 55.9312 1
68.155 56.4787 15
92.8564 56.5335 16
199.652 54.9991 9
87.9665 57.4443 2
189.272 53.0039 10
118.207 57.6827 9
356.42 57.632 2
217.572 60.3959 8
387.809 61.4735 10
583.684 60.2993 2
76.5451 61.3517 17
210.316 62.1179 13
401.308 60.726 2
410.499 61.0144 1
102.521 62.338 7
245.611 61.9943 9
416.521 62.3881 4
70.7541 62.8872 2
263.205 66.0644 31
438.645 65.4946 13
150.931 64.4132 14
552.139 64.8483 9
119.674 66.2071 9
6.54403 66.5039 1
174.813 67.3099 18
183.027 69.7035 11
292.497 67.691 12
300.554 66.1838 6
84.0191 67.982 6
314.369 66.702 7
108.896 68.7589 16
132.706 70.526 6
328.383 72.1803 26
341.948 69.4713 7
354.115 71.203 24
424.019 68.8358 1
104.069 70.0643 1
161.339 71.0243 8
198.072 72.8884 33
555.996 72.6415 10
150.894 71.7948 8
179.063 71.5455 4
192.267 72.4409 3
378.091 73.2931 11
389.738 76.5732 32
404.07 72.4465 2
28.4962 73.2079 1
66.8665 73.1637 6
92.8248 73.7846 19
590.005 72.8992 1
16.0082 74.5287 1
37.7483 74.2272 6
133.672 74.2059 5
412.577 76.0763 9
118.808 74.6724 4
292.129 76.8185 1
76.6428 78.5331 13
152.243 79.2652 24
70.3573 80.2888 2
102.682 78.7999 10
35.0799 81.8429 5
453.102 82.699 3
122.293 84.0074 13
552.603 83.6399 13
561.213 83.9057 6
7.27948 84.0316 1
132.981 83.8684 2
312.292 86.7758 6
577.53 84.2911 1
86.1472 84.8482 9
149.05 85.5139 9
157.763 84.9516 2
590.462 85.5313 1
335.54 88.1935 16
356.342 87.2287 3
210.112 89.074 12
220.107 92.1395 12
67.3603 89.6216 18
93.4765 91.5075 16
231.844 92.354 5
415.155 94.1343 19
116.525 91.7549 2
143.833 91.6907 18
244.849 93.324 18
35.9744 92.8387 10
87.8978 92.6918 1
263.654 92.4606 2
437.389 95.6941 14
444.355 95.26 3
77.463 97.3803 20
293.95 96.1615 10
551.84 95.3075 16
123.19 98.3294 26
302.68 96.8477 8
102.366 97.1344 9
328.53 101.636 22
70.4183 97.8032 2
149.377 98.5622 13
341.027 97.5128 3
119.791 100.053 3
356.51 101.209 24
21.0786 100.335 1
7.28105 101.459 1
377.538 102.238 13
390.187 103.011 8
555.508 103.555 6
87.6363 101.351 17
396.449 102.283 4
423.989 102.194 1
562.63 101.777 1
413.192 107.722 9
104.585 104.808 3
442.573 108.157 26
67.0507 109.092 7
93.5582 108.2 14
116.674 108.532 6
179.485 108.371 1
453.442 108.893 7
296.684 114.782 6
377.459 113.262 3
77.2132 114.192 20
306.842 113.188 7
102.726 114.059 16
331.114 115.895 3
552.076 115.43 16
561.38 115.058 9
571.876 114.174 3
70.8077 115.081 2
577.556 114.832 1
119.967 116.409 10
589.835 115.88 1
453.394 116.581 1
149.761 118.485 10
212.056 121.339 23
217.46 118.134 1
7.23382 119.44 1
227.192 120.291 16
381.359 120.689 3
84.3162 119.659 7
105.883 120.158 2
400.915 120.311 3
424.96 120.329 11
245.511 123.005 10
583.211 121.327 1
199.398 123.425 35
257.978 121.755 3
263.905 123.432 7
272.337 123.814 17
438.386 125.2 8
292.391 124.253 8
68.6964 126.583 19
430.989 124.479 1
36.9162 126.872 7
89.622 127.72 4
144.88 126.842 5
8.58209 127.154 1
156.699 127.453 10
329.298 128.666 9
181.1 129.588 17
346.184 129.745 6
46.2043 127.491 4
211.85 130.699 16
356.483 128.926 2
121.902 129.915 4
100.102 130.451 7
377.027 130.714 9
555.28 132.778 8
147.952 134.621 23
291.745 131.971 5
395.648 132.226 3
412.706 137.769 15
135.013 133.808 12
426.634 137.617 13
200.755 136.617 17
433.759 136.761 10
15.3917 136.453 1
140.054 136.14 8
214.949 137.015 6
164.444 137.492 23
236.602 136.844 9
247.158 137.574 3
157.181 140.354 7
331.256 140.242 5
403.593 141.327 5
66.7762 142.796 10
83.0488 140.772 32
341.915 141.446 9
101.509 146.116 14
188.536 143.935 3
198.528 145.024 8
315.16 143.198 4
360.727 143.808 19
366.62 143.457 3
430.532 145.521 9
32.8228 144.3 3
39.1253 145.429 6
551.841 145.558 28
561.003 145.111 12
19.0215 145.141 1
26.2656 144.518 2
163.36 146.98 10
392.429 146.003 17
575.307 145.993 3
7.68378 146.16 2
108.247 148.199 4
293.951 146.834 4
590.896 146.163 1
46.4517 148.606 6
211.806 148.772 19
217.439 147.068 3
415.644 147.214 11
425.307 146.529 14
484.412 147.838 13
101.039 147.553 1
176.236 149.176 7
233.569 148.292 5
496.225 149.554 32
435.843 149.018 12
506.935 150.93 16
133.811 152.734 13
246.378 149.778 4
457.369 150.678 1
519.844 152.222 18
26.8012 152.851 10
35.1071 151.829 1
531.926 152.764 12
421.464 152.728 1
536.777 153.337 2
542.417 154.504 5
275.224 156.032 6
297.646 156.538 4
119.648 156.175 16
151.249 156.219 10
372.298 159.334 14
39.9457 157.294 15
558.659 158.078 4
80.7121 159.17 7
90.3898 161.285 3
412.939 160.092 3
47.225 160.636 11
147.388 163.33 30
119.634 163.302 5
5.97191 164.048 1
220.621 164.068 6
176.711 166.317 12
240.169 166.991 3
161.652 169.217 1
23.8121 171.492 5
130.431 170.261 6
103.834 170.849 9
304.217 171.608 8
55.9634 172.036 2
4.92792 173.731 1
14.7534 174.263 2
72.5997 175.156 11
372.878 174.464 4
387.164 175.668 11
161.874 179.556 6
181.793 179.497 16
197.223 176.614 6
405.098 176.769 14
82.0378 178.563 7
87.2653 177.402 8
112.416 178.6 7
418.78 177.81 6
133.778 182.597 26
156.246 181.173 12
506.473 181.645 23
59.3637 181.663 11
102.055 180.317 22
247.7 182.615 2
472.568 182.108 2
567.022 182.365 6
496.247 185.493 13
44.2679 185.586 8
516.491 187.203 12
591.514 185.995 1
27.0246 186.76 2
487.624 190.452 26
80.4146 189.553 10
21.6492 190.322 1
142.058 189.005 12
130.409 192.856 9
551.599 191.674 10
32.1879 193.036 4
528.941 194.311 6
19.6209 194.025 1
477.376 195.093 11
520.416 198.294 10
56.9146 197.906 24
553.249 197.712 5
469.102 199.76 24
560.056 201.307 6
9.5614 199.381 1
83.8114 199.348 38
44.4366 200.728 3
459.735 205.743 19
72.4078 204.007 5
451.17 211.444 36
503.144 209.889 13
26.4936 211.056 3
441.944 213.845 13
39.2507 214.791 5
21.3113 212.585 2
59.993 213.285 12
52.0854 214.704 8
508.598 213.79 1
10.7947 215.186 2
38.5968 216.051 1
424.509 222.211 31
162.971 217.858 1
474.633 219.128 18
486.06 218.816 23
424.139 221.849 16
215.934 222.634 8
28.3633 223.248 4
65.0132 223.937 4
211.303 222.786 3
100.69 226.621 25
38.7965 225.749 1
74.6681 226.719 2
87.3213 229.765 4
377.426 227.721 10
475.69 229.077 1
198.603 229.72 1
18.2474 231.267 1
360.966 230.333 27
581.077 231.163 1
186.083 233.758 10
343.376 233.616 1
7.89471 235.049 1
391.223 235.014 7
97.7257 236.874 1
61.4359 239.712 4
521.635 239.244 2
79.2295 239.695 1
383.758 241.263 7
53.6917 241.153 2
370.428 244.597 47
346.429 243.199 1
329.754 244.787 21
360.064 250.576 8
5.58733 245.807 1
496.035 247.112 5
513.558 247.197 7
334.868 251.338 7
433.206 248.571 2
99.9577 250.224 5
28.211 253.039 3
78.7908 255.196 7
355.609 255.205 10
460.883 253.822 4
321.827 255.529 3
445.538 255.436 5
472.552 255.167 11
19.4143 256.095 1
569.616 256.167 4
343.225 258.036 4
127.033 259.148 3
338.805 260.669 1
433.753 261.352 13
51.3139 262.732 1
9.46419 264.214 1
85.9871 264.144 2
41.8815 267.9 5
37.558 267.274 4
389.221 268.436 2
23.1537 272.334 4
101.015 269.71 38
558.177 272.001 5
364.173 272.145 2
57.4652 273.973 4
311.456 278.154 23
437.665 274.05 4
38.219 274.829 5
111.648 278.159 5
358.553 280.162 4
543.11 278.227 1
124.288 281.075 21
301.621 280.199 6
71.6677 280.341 11
356.144 281.344 4
550.664 280.994 4
22.6857 282.19 5
149.745 282.74 11
102.258 283.345 11
370.859 285.855 10
427.794 283.113 1
449.971 281.998 18
7.48506 284.427 1
175.972 284.132 8
77.6631 285.724 3
345.66 285.048 12
38.3603 285.468 4
92.2946 285.394 19
204.128 289.707 25
261.818 289.267 34
63.7451 288.097 5
154.011 287.658 2
233.093 289.143 11
532.61 291.308 10
181.032 289.927 2
378.122 290.527 5
102.848 292.019 12
413.986 291.238 4
448.854 290.755 7
208.752 293.143 3
434.818 291 7
51.0725 294.405 3
236.515 292.941 1
485.182 296.371 23
525.311 297.222 15
462.535 296.872 11
15.3262 297.591 1
46.8106 298.902 2
363.093 301.198 1
374.99 303.315 18
391.109 299.386 6
170.47 305.565 27
180.215 303.161 15
191.99 303.691 9
382.506 302.576 4
88.2284 306.491 15
101.193 303.975 12
114.538 304.665 13
137.706 303.185 7
203.875 304.225 19
224.231 302.939 5
240.024 307.218 20
248.123 303.853 21
258.578 303.327 13
300.859 304.828 30
329.43 304.268 15
351.536 306.091 41
403.278 302.826 3
416.346 304.705 45
430.015 304.096 22
435.403 303.392 1
470.285 303.889 8
483.386 303.667 12
495.703 303.806 5
523.983 303.277 7
532.125 304.244 6
572.359 303.141 1
580.542 302.934 1
590.892 302.637 1
61.5903 304.589 30
156.542 307.289 26
276.637 303.734 13
478.1 303.557 4
294.594 305.295 1
312.255 306.265 6
454.227 306.11 1
46.4159 306.953 6
541.589 309.651 17
54.1404 310.254 12
264.189 309.944 14
133.285 309.707 2
553.977 310.783 10
117.112 311.773 12
252.852 311.251 12
307.093 311.212 6
560.54 312.523 8
570.915 311.44 6
588.703 311.16 1
275.777 314.816 8
359.062 313.781 7
367.963 314.088 2
44.9354 316.916 4
387.681 314.928 6
79.0713 317.793 19
443.576 316.451 13
454.846 316.055 43
61.48 317.332 1
89.2495 320.032 8
146.018 319.234 11
328.977 317.611 3
134.356 325.003 24
464.457 316.753 20
281.462 318.58 2
209.695 319.856 1
236.493 323.262 16
345.796 322.763 5
61.6268 322.924 1
275.588 322.768 7
361.253 321.989 34
376.563 325.911 23
386.77 324.56 7
209.776 324.813 6
327.551 325.318 1
490.393 324.728 1
194.003 326.366 3
254.822 326.345 34
156.568 328.348 25
447.477 328.383 5
281.03 328.003 2
381.562 328.073 3
480.316 328.14 1
62.6062 329.28 1
242.562 331.375 4
345.242 330.549 4
489.862 332.535 3
162.912 332.071 8
445.554 335.338 15
255.985 335.61 25
462.221 333.556 5
326.826 335.179 1
62.8309 335.557 1
155.064 336.46 28
210.018 335.522 1
280.987 336.521 3
535.204 338.306 12
545.465 336.5 1
305.145 338.046 3
381.225 337.719 16
554.094 340.293 7
562.861 339.604 10
574.82 338.373 2
236.681 343.234 20
414.4 339.575 5
441.375 341.107 3
582.453 339.072 1
137.439 343.681 25
275.129 340.654 1
111.254 343.977 10
300.478 342.191 7
358.332 341.508 1
373.849 342.439 3
158.499 343.193 4
340.98 343.136 1
387.313 343.738 14
455.264 342.888 3
327.684 344.202 1
281.399 345.521 3
442.652 346.393 7
413.969 346.804 1
61.5159 350.119 3
277.655 349.789 5
402.775 348.505 3
50.0241 351.219 1
301.305 351.226 4
150.881 351.172 10
98.4918 352.899 11
233.157 352.896 14
256.083 353.024 26
123.142 356.289 40
329.471 354.842 5
284.379 355.483 10
381.607 356.31 5
329.196 358.276 3
66.7193 360.174 13
153.648 360.281 2
358.779 360.048 8
257.485 362.091 39
425.092 362.764 4
447.434 363.225 3
235.707 366.593 28
17.7934 365.132 1
121.759 366.737 10
515.536 366.242 5
103.506 368.25 1
165.388 368.699 14
254.946 369.255 12
357.996 368.675 5
522.634 369.188 1
541.424 369.753 12
340.255 369.722 2
6.83336 371.068 1
65.0365 370.652 14
195.424 371.24 6
308.141 372.501 4
141.335 370.72 32
150.18 371.622 1
223.772 372.387 9
378.128 372.956 9
387.495 377.99 11
548.839 374.37 1
99.3939 374.951 1
200.365 375.969 9
112.648 378.661 15
146.166 377.651 12
440.802 377.856 2
240.223 380.088 10
412.715 380.225 13
447.414 378.989 9
555.111 376.895 8
66.1975 380.696 8
366.077 381.537 11
373.555 380.135 3
470.303 380.697 17
496.459 380.408 1
340.016 385.639 44
351.711 382.45 23
392.286 389.227 26
532.803 385.552 19
548.58 384.047 2
215.395 387.23 24
560.059 386.702 8
570.582 387.458 5
442.529 386.694 14
580.894 386.785 1
71.1768 388.364 2
392.491 389.145 6
381.781 395.191 21
205.579 392.747 25
198.984 392.541 2
317.971 392.356 6
221.887 393.685 5
254.215 394.156 10
105.179 395.36 11
419.173 394.705 9
547.983 393.701 1
71.4997 396.21 18
165.972 394.951 3
404.732 395.868 11
122.926 400.151 16
23.8671 398.437 6
207.708 400.142 12
291.133 397.459 1
131.857 405.238 7
178.518 393.17 27
304.936 402.243 52
190.38 402.648 22
344.704 402.456 2
326.519 402.791 7
330.631 403.153 5
38.3158 404.392 1
224.394 404.885 26
474.716 405.367 2
30.1675 407.594 4
287.719 409.834 43
360.194 407.884 8
21.5663 408.518 1
146.697 405.742 35
592.884 408.018 1
198.941 409.374 2
236.926 410.108 3
244.831 410.273 5
10.9747 412.193 1
152.977 413.124 17
251.867 409.951 9
262.116 411.955 1
271.018 411.303 13
513.329 412.881 16
137.715 414.909 11
538.729 413.228 1
127.51 414.531 9
350.94 414.65 7
428.932 414.014 2
317.1 417.21 22
392.423 416.555 22
463.61 416.041 6
178.724 417.996 14
192.987 418.69 21
203.193 420.475 20
249.33 421.114 12
210.68 419.665 11
280.495 417.462 5
140.096 420.148 1
223.642 421.396 33
233.951 421.817 21
341.919 420.728 5
288.753 422.295 5
532.921 422.082 3
319.177 422.526 11
411.694 424.978 11
440.096 423.207 12
328.442 426.341 11
395.46 426.018 24
569.277 424.161 5
263.996 425.441 5
503.873 427.997 7
270.649 426.661 6
284.828 429.131 11
291.138 429.5 12
530.885 430.357 20
303.593 429.566 5
317.143 433.209 6
548.923 434.492 21
581.158 432.28 1
537.62 437.426 12
404.371 436.069 7
81.0823 442.822 4
536.379 451.348 6
81.1975 451.7 1
511.774 456.632 13
394.072 458.253 7
519.138 457.644 2
548.637 459.854 17
492.006 459.014 1
426.379 463.2 9
397.94 467.263 12
415.984 469.257 27
466.762 467.494 5
428.896 468.159 1
405.529 471.087 11
528.539 475.186 20
548.53 481.66 19
558.117 475.498 4
175.774 478.155 11
577.697 477.738 1
83.3926 479.345 8
406.041 478.279 5
534.916 479.679 3
88.6785 483.627 2
175.419 485.596 2
544.032 491.259 2
117.24 501.554 6
508.858 501.009 21
545.75 501.176 5
393.89 503.148 20
163.845 505.836 6
428.839 505.046 2
183.085 506.361 1
416.162 506.972 23
392.942 510.832 23
450.582 508.283 2
506.23 508.022 2
461.952 510.53 16
530.491 509.784 3
526.654 517.954 15
546.321 520.633 18
565.933 521.525 7
533.545 523.22 4
579.171 521.768 1
335.096 525.058 2
107.448 528.894 30
398.101 530.854 2
113.31 532.557 2
392.19 538.302 8
542.173 535.793 2
388.311 540.614 1
507.373 542.627 15
531.456 542.643 1
111.783 543.819 1
415.894 544.293 10
93.1052 549.466 1
397.358 548.55 3
461.523 551.688 11
436.922 550.183 3
113.011 553.766 2
534.118 554.531 6
489.04 554.751 4
86.8616 556.666 3
523.753 558.979 5
438.121 562.689 2
432.418 565.373 3
87.8352 570.45 1
417.195 581.223 1
405.449 582.74 1
504.387 583.205 2
439.725 584.487 1
462.586 587.531 1
91.1673 5.71339 2
197.495 6.12319 1
558.369 13.2503 1
369.722 17.1746 1
164.58 57.0983 4
21.5758 66.8336 2
126.153 81.9547 14
454.866 139.765 5
117.155 140.572 17
127.116 155.428 3
76.9664 273.803 5
478.779 288.898 3
112.174 316.22 9
450.819 336.32 2
337.809 349.741 3
292.677 370.751 14
102.547 386.11 49
542.411 389.349 6
164.71 414.334 33
560.117 424.141 7
416.32 429.311 22
536.736 484 2
393.085 584.502 1
56.2731 11.3966 1
164.233 11.6974 1
546.151 26.828 2
57.8468 27.4255 1
56.6849 43.9509 8
126.274 49.0493 11
58.3681 65.2411 5
57.9184 80.0736 4
444.247 79.1958 24
545.257 117.477 12
353.957 122.185 2
173.331 121.027 33
525.919 146.236 19
318.383 148.711 2
57.5863 150.38 6
162.706 151.388 7
429.644 155.559 19
468.431 159.552 8
59.6236 163.503 1
500.968 173.378 3
17.1623 176.422 1
144.966 174.456 4
89.5493 190.126 18
153.76 195.499 10
448.546 202.096 10
38.1631 207.354 4
118.102 210.435 5
106.459 213.858 7
381.265 234.842 10
52.5293 237.482 2
11.3441 246.351 1
335.152 256.76 12
134.782 272.134 7
12.727 278.3 1
167.222 276.544 15
184.798 277.836 9
231.081 281.487 5
48.0648 286.644 5
166.36 296.98 7
189.948 296.873 8
312.344 296.207 13
81.4644 321.365 1
143.079 334.223 1
322.263 342.463 2
104.511 354.082 5
352.955 357.044 10
293.259 360.422 34
201.833 365.292 7
271.554 364.074 28
284.529 363.548 26
309.134 362.497 23
143.669 371.397 4
369.504 374.406 15
114.065 388.852 26
190.474 392.665 2
309.916 391.117 2
166.555 402.902 7
258.266 408.439 10
468.299 406.345 30
330.758 417.112 1
584.724 473.574 1
391.634 491.097 24
458.79 544.85 9
432.426 545.029 13
244.957 10.4419 1
264.02 9.79295 1
297.53 10.773 1
329.643 11.8602 1
382.092 13.8313 1
164.771 20.6457 1
68.0663 21.6463 1
179.367 21.4669 1
225.963 24.0014 2
253.728 25.3412 2
556.189 28.383 1
579.843 27.9784 2
317.643 29.0828 2
338.168 30.1275 2
11.0608 34.1798 1
391.634 34.1325 3
246.035 38.2477 1
271.558 38.9986 1
442.448 37.2253 2
137.809 39.1531 1
297.017 42.0198 1
329.751 42.9935 1
354.849 44.3907 2
563.352 44.5717 1
382.095 46.4796 1
417.713 48.455 1
152.665 50.578 1
11.4501 51.6786 2
254.877 53.0771 13
138.031 57.757 7
555.503 58.2387 3
577.798 58.1586 2
509.218 60.8466 3
152.884 64.9801 1
391.041 63.304 3
244.488 68.2748 8
263.748 68.2404 6
440.817 68.4353 6
176.284 69.9342 1
298.728 72.2349 6
137.87 71.049 4
329.968 72.3232 2
353.428 75.2175 5
200.41 75.8119 7
424.946 79.7658 5
390.493 78.5464 3
415.514 80.7643 3
176.519 84.2423 4
238.593 83.3141 13
265.476 83.3431 3
457.759 84.6236 1
312.036 87.8861 2
555.227 90.9891 5
577.522 88.2016 1
338.014 89.2529 2
139.459 90.4719 9
404.297 94.546 8
245.023 97.5822 4
441.913 97.1216 2
152.057 99.7862 1
300.943 101.566 6
201.225 102.643 21
330.042 101.942 2
354.364 104.327 5
174.578 105.111 7
381.513 108.513 4
562.422 105.75 3
584.116 106.511 1
228.151 110.7 4
457.692 112.436 3
256.451 113.012 4
137.499 118.038 6
317.111 116.975 13
337.883 118.606 1
577.094 118.659 1
554.988 118.864 2
202.081 122.318 2
425.098 123.929 3
247.749 125.359 1
264.457 126.313 8
445.129 126.352 5
310.176 128.469 26
349.168 132.161 1
169.162 133.898 3
390.119 135.004 6
563.979 134.113 5
416.124 139.832 4
225.672 139.462 8
85.5827 141.043 4
67.4575 144.373 1
346.059 144.428 2
392.974 148.619 1
554.456 149.833 4
13.974 151.895 1
499.749 153.208 5
51.8203 154.962 5
127.733 149.952 5
30.0343 156.209 2
281.623 158.277 5
68.239 159.196 22
170.328 160.312 1
111.557 162.095 48
377.273 161.994 2
126.337 166.023 2
448.405 162.771 5
26.8267 173.694 1
358.726 174.125 3
383.238 179.368 4
84.5596 180.039 1
405.477 179.023 1
164.147 184.234 20
134.048 187.387 6
504.99 185.171 1
489.799 193.425 3
120.82 191.972 14
175.838 197.965 2
57.5391 205.434 9
526.039 199.51 1
84.3778 202.265 5
471.072 203.875 4
246.454 206.173 8
453.208 210.882 5
138.699 211.317 6
524.883 213.12 3
26.8911 217.337 3
47.054 218.363 10
490.221 221.23 3
425.527 223.301 5
105.133 227.577 6
204.646 229.097 15
176.954 241.586 1
368.885 249.084 16
26.2264 258.979 1
83.2158 257.35 2
357.963 260.483 4
440.916 261.073 5
102.757 269.141 4
10.3789 271.788 1
427.528 270.115 11
78.9693 275.3 1
320.609 274.042 19
563.078 276.951 1
24.975 280.234 1
45.1426 281.039 6
124.23 285.195 4
149.729 285.731 2
103.897 288.439 3
204.908 291.013 4
263.933 290.978 3
233.332 292.022 6
536.454 294.052 7
491.601 292.931 13
51.1696 298.599 2
511.045 298.233 4
476.817 300.315 2
65.701 306.51 2
124.564 306.566 22
174.621 306.274 1
221.388 306.84 2
350.682 307.909 5
405.462 308.354 4
418.38 305.665 2
77.0333 308.098 20
92.0444 307.532 6
156.015 313.66 12
198.682 309.815 10
242.514 308.533 6
302.177 307.367 2
468.401 311.93 2
115.691 319.571 6
255.912 318.018 21
466.588 319.261 1
362.931 321.554 2
137.198 326.07 9
241.651 323.169 2
213.296 326.101 1
68.8317 330.281 1
156.325 333.604 4
446.011 341.223 10
559.953 342.896 1
115.366 343.962 12
583.589 343.412 1
137.476 345.402 4
213.815 346.262 1
244.179 349.531 1
359.458 350.634 19
126.559 355.077 10
69.5743 365.295 3
257.021 362.705 2
165.992 371.358 2
86.4001 375.26 7
294.347 374.845 4
321.884 376.751 10
380.436 378.121 1
239.459 382.453 2
426.914 381.649 11
372.37 383.938 1
445.401 381.822 5
468.707 386.022 4
340.161 387.409 1
216.996 392.717 8
559.305 393.19 5
586.39 392.094 1
406.728 396.897 1
26.5648 399.709 2
306.884 402.652 5
287.293 411.232 4
552.533 413.702 3
165.225 415.434 1
395.862 417.092 3
208.17 422.022 2
236.476 425.507 3
255.755 424.807 15
440.659 425.733 1
332.949 427.838 1
552.921 436.678 1
569.306 436.138 2
85.0098 439.299 2
406.148 438.884 2
397 459.374 2
564.506 467.729 5
417.19 469.5 2
551.756 481.727 1
163.59 491.893 13
398.012 502.019 2
123.99 504.907 2
510.147 503.996 2
417.318 509.194 5
168.084 509.208 2
536.796 504.71 11
457.134 517.114 24
270.208 523.125 8
548.871 523.366 2
535.002 532.667 11
395.654 540.733 5
441.345 549.93 9
89.7464 558.159 1
538.725 556.964 2
443.086 21.0512 1
140.335 23.6386 1
523.488 32.7327 1
496.349 89.402 11
517.568 119.776 8
484.084 122.444 9
15.5503 155.49 1
357.467 158.726 4
394.396 162.089 7
350.67 334.989 12
99.941 338.885 3
336.973 355.203 5
391.005 394.136 10
466.869 403.49 3
126.127 37.1881 1
56.0547 51.9335 1
55.7186 68.6077 1
126.049 66.157 10
542.981 72.0103 1
56.3158 90.6062 1
126.429 103.343 1
188.91 109.617 4
544.332 112.194 5
170.606 122.833 5
192.047 134.665 1
539.547 148.795 2
246.892 159.789 2
150.2 175.837 1
494.941 179.461 6
74.3225 189.645 2
43.2963 206.843 1
392.64 229.667 2
221.086 278.494 2
128.849 293.112 1
95.7307 294.119 1
153.008 295.94 1
181.224 295.194 1
58.765 325.796 3
321.26 362.456 3
55.206 372.972 1
335.933 18.2993 1
392.381 20.1039 1
434.893 22.712 1
145.021 30.8128 3
208.141 36.2861 1
21.562 56.3072 1
501.03 91.7467 1
212.464 101.905 6
143.949 108.104 5
82.8114 150.334 5
562.288 154.192 2
343.866 159.867 2
524.991 167.892 1
239.138 179.779 1
35.7498 183.878 1
170.684 182.425 9
136.63 195.637 3
486.996 201.482 3
541.902 201.822 2
87.757 208.721 2
34.0903 228.624 1
112.668 232.224 2
426.72 231.208 6
206.491 236.55 7
63.4497 252.054 1
376.693 254.4 16
114.257 268.694 1
467.57 264.676 12
319.182 286.723 8
553.603 293.734 1
417.511 312.839 8
95.2192 316.288 4
165.877 314.929 5
306.85 316.224 1
346.033 315.299 11
126.175 334.458 1
264.855 336.043 3
450.305 344.595 1
567.518 353.556 1
135.201 357.139 3
346.998 349.557 24
266.776 360.408 1
72.7004 373.862 5
297.252 382.551 5
358.312 388.209 5
449.945 392.721 1
381.633 399.081 14
467.299 396.367 23
565.609 401.339 1
72.2096 407.409 6
129.314 406.375 3
294.646 417.13 1
408.17 417.389 2
176.229 423.577 3
261.445 431.563 1
561.832 446.072 1
409.61 455.687 1
560.888 490.837 1
459.944 522.676 4
558.875 532.341 2
406.11 540.754 1
97.9418 561.443 1
549.137 576.747 1
539.402 41.0069 1
483.427 125.748 4
78.2037 410.852 1
47.6486 63.3359 1
152.679 114.056 1
51.0808 130.212 2
186.052 150.047 2
449.19 144.691 12
401.301 224.01 1
310.037 264.812 9
59.0285 344.779 2
271.545 408.052 3
435.251 43.0806 2
230.604 134.577 1
91.6176 146.746 16
356.429 174.817 2
158.29 202.28 1
503.612 217.404 1
89.982 222.499 2
206.189 251.947 1
381.262 270.346 3
444.427 321.554 1
104.593 329.587 2
181.705 339.35 1
283.186 349.824 1
111.24 417.701 2
374.958 418.063 1
198.188 438.197 1
513.686 107.565 1
368.677 202.648 1
112.699 238.517 1
400.248 288.401 31
318.673 321 1
165.491 361.329 1
232.412 471.722 1
105.588 27.978 1
575.924 47.67 2
121.364 57.9564 2
104.13 61.5059 6
36.1329 65.3945 5
560.879 78.2291 3
73.2133 90.0681 4
88.3088 118.851 5
158.292 121.71 8
73.6651 124.204 4
148.169 124.776 1
97.3264 138.01 1
62.1084 145.541 2
169.976 147.586 9
327.954 147.97 7
155.156 149.344 2
138.517 157.494 16
110.062 167.177 4
176.158 172.781 8
20.9607 183.339 2
85.7173 194.143 2
421.317 262.572 3
106.74 271.568 2
269.036 280.434 7
221.884 281.872 1
65.8851 296.658 5
255.011 297.262 3
221.409 298.263 5
568.273 333.64 5
354.44 335.037 4
94.8028 357.277 2
161.591 362.486 2
272.415 363.065 1
335.95 361.635 12
281.587 364.323 1
358.542 380.075 2
131.214 390.288 4
223.509 412.322 5
92.7651 39.0739 12
76.6525 44.1805 14
125.484 46.7789 2
104.013 53.3746 1
453.343 53.4449 1
297.421 56.4806 7
343.836 58.7061 7
126.112 63.1284 5
446.258 76.7973 10
109.105 87.1173 15
105.506 87.3668 2
143.213 87.3993 10
155.361 86.832 1
395.979 91.65 1
27.6048 93.5378 1
198.493 100.27 2
109.214 104.421 18
37.1388 109.546 5
87.4634 111.25 4
247.622 111.766 4
126.083 114.142 14
413.38 124.356 19
115.914 126.091 10
27.4449 128.434 3
107.445 134.786 6
443.395 136.14 28
311.114 139.142 9
377.012 140.154 7
125.241 141.007 4
73.2891 144.857 5
466.238 146.242 2
144.652 155.763 3
445.106 161.939 6
438.926 180.06 4
448.229 180.93 4
121.719 188.616 1
114.742 189.287 9
90.1103 199.98 3
463.608 224.108 1
416.313 229.454 17
86.591 231.922 3
399.539 233.106 16
173.666 240.591 5
341.585 238.99 8
156.131 247.77 3
346.606 246.377 2
328.022 268.384 14
423.307 271.42 2
188.767 284.698 3
406.819 283.489 2
391.997 291.924 3
357.206 290.95 3
48.8887 296.466 1
510.584 296.903 2
75.5977 307.446 20
251.435 314.152 1
47.9053 329.537 4
91.4786 334.577 7
329.537 348.539 1
452.897 346.926 1
432.005 360.024 13
96.5094 364.774 12
216.913 370.004 9
346.339 373.331 4
322.072 374.76 1
261.311 377.624 8
441.118 382.042 1
327.041 388.582 5
424.365 395.986 3
200.401 404.933 1
216.24 404.849 1
362.826 407.769 4
180.989 406.813 1
428.512 407.391 24
574.976 407.962 2
473.868 413.96 3
532.43 466.48 4
154.938 476.781 2
545.648 478.326 2
567.115 478.029 1
573.145 511.405 6
382.171 546.536 1
440.013 548.159 4
239.793 53.3131 6
495.433 85.7847 1
385.639 91.6976 10
93.372 131.528 10
412.006 136.328 3
182.189 181.293 1
69.9358 285.823 1
532.519 295.284 4
216.527 367.131 5
143.166 62.5882 2
546.08 75.3773 4
166.238 78.9044 2
359.266 107.576 2
273.303 129.292 4
499.79 176.633 2
47.2964 285.68 1
148.558 327.802 4
58.3848 370.232 3
371.103 368.127 22
179.351 392.721 10
454.581 68.7831 2
139.577 97.9734 5
152.249 104.747 2
404.489 125.336 5
297.601 132.636 1
168.986 136.98 1
530.449 160.656 1
172.501 164.509 1
136.699 192.29 4
503.818 189.178 2
122.711 194.954 2
524.776 202.379 1
47.83 221.826 2
361.655 235.529 1
392.963 241.859 1
329.641 248.784 3
314.836 281.374 5
123.971 287.681 1
149.182 290.266 6
93.5336 311.878 3
200.981 310.705 2
241.71 311.436 1
301.161 313.658 4
541.158 316.772 4
467.447 315.685 1
256.118 323.732 2
69.2847 371.599 8
268.002 385.923 1
346.639 384.641 2
373.115 388.761 1
443.936 386.864 1
468.133 390.198 1
406.593 400.554 1
233.909 405.135 16
169.435 418.957 7
327.322 431.194 8
552.607 440.765 1
144.125 450.439 3
551.041 485.512 2
124.31 508.615 1
269.037 525.579 1
548.601 526.74 1
395.02 161.483 2
134.576 264.541 5
382.04 394.507 1
191.168 162.732 1
468.47 274.26 11
370.74 295.721 3
156.599 145.241 2
240.211 187.038 1
494.163 209.611 2
425.818 236.85 3
376.469 263.131 3
114.319 263.465 3
325.4 287.918 5
274.675 298.008 4
462.674 312.034 1
424.263 315.092 4
99.7145 323.972 3
169.586 323.287 4
348.249 327.124 2
379.526 344.515 4
265.919 349.778 3
137.553 364.054 2
372.835 404.651 3
177.282 428.873 1
264.549 437.447 1
198.539 249.93 1
311.99 255.771 4
171.636 393.219 3
231.693 247.399 1
385.805 277.45 1
291.546 324.346 2
356.468 353.662 2
551.276 125.688 11
555.346 138.05 4
487.29 142.263 6
424.806 129.426 3
412.273 141.847 7
382.775 138.061 11
374.185 136.097 9
336.358 149.504 1
463.178 282.813 12
291.866 140.293 21
190.28 46.5717 3
377.211 236.608 4
200.675 60.8741 9
198.972 80.9431 3
132.976 27.2076 3
369.38 305.228 7
174.219 112.46 8
362.725 306.587 9
199.395 163.929 11
413.398 388.414 1
413.19 395.346 1
134.264 119.833 7
287.64 277.187 9
278.652 279.641 2
417.988 421.898 3
108.926 142.681 5
91.8088 149.782 1
79.2852 168.329 8
256.861 344.356 24
46.3291 143.529 1
257.436 371.067 10
232.711 357.688 2
157.703 319.043 17
198.47 362.355 8
23.7851 196.249 1
156.946 348.652 2
91.3813 323.576 3
91.9308 331.362 2
112.797 355.379 2
149.227 393.409 32
79.8088 356.485 1
81.0467 375.831 1
78.3318 395.619 1
546.269 33.7196 1
546.238 63.3278 1
545.127 103.081 2
534.792 125.011 4
415.662 33.1231 8
395.642 31.3998 2
542.373 180.495 4
434.4 74.9839 3
546.098 198.428 3
446.436 105.899 3
522.572 186.957 6
491.024 167.788 1
455.461 144.458 5
561.86 262.499 7
351.655 57.7936 1
464.652 182.515 4
321.062 57.8067 7
350.265 118.492 3
493.654 261.695 2
319.231 113.934 2
310.497 125.404 2
272.283 95.6323 16
471.707 293.35 4
256.386 80.8484 3
234.063 61.4521 1
442.749 273.662 5
239.561 80.1368 2
462.931 303.777 1
263.795 111.892 3
227.295 78.647 3
371.585 223.709 12
192.373 52.0196 8
570.437 431.778 2
214.98 78.0981 1
227.566 107.49 2
434.355 316.444 33
255.676 138.074 1
353.18 239.298 3
279.413 172.427 2
348.236 255.906 3
397.539 300.208 2
360.12 289.66 5
427.514 366.833 3
363.678 306.57 4
343.979 293.562 4
137.435 86.4735 1
120.192 74.2087 3
103.348 61.0018 1
169.602 129.416 3
87.6272 49.3048 5
58.3888 42.4881 1
181.685 166.058 5
120.094 107.546 6
192.203 180.056 4
368.181 355.959 3
88.114 83.8449 5
70.0895 71.189 1
109.711 118.415 7
170.994 179.116 1
502.01 513.08 2
59.5445 77.5022 1
70.2891 89.0415 1
285.862 304.213 2
93.7348 123.634 8
357.075 385.374 1
131.11 164.141 8
164.612 197.802 3
114.86 158.148 1
78.4114 127.525 6
70.823 123.725 1
59.9959 113.945 2
83.8569 137.574 1
108.255 172.428 4
136.387 207.689 2
89.7416 169.773 4
330.867 413.054 13
399.827 479.66 3
32.7064 117.278 2
68.9809 155.968 2
283.961 371.753 7
392.5 485.933 3
232.246 332.707 13
61.9827 178.303 2
421.37 546.047 6
441.593 561.848 1
306.217 429.381 3
36.8314 169.289 4
60.5743 196.421 3
254.966 391.7 2
157.054 303.889 3
230.394 383.706 12
225.859 402.156 2
332.937 509.898 11
94.2411 277.911 11
218.827 408.669 7
178.805 384.235 7
78.3943 303.631 1
121.037 351.337 1
129.693 369.218 15
270.334 517.957 1
263.071 516.017 1
37.2437 298.36 3
67.1847 357.265 1
82.0134 383.471 3
192.153 507.86 2
68.0499 388.686 1
61.0574 385.895 1
152.852 505.107 5
515.924 115.132 4
540.878 450.208 3
163.496 84.0466 3
125.013 123.535 5
57.6299 61.7785 2
392.054 490.2 3
56.6697 339.93 5
519.313 146.1 1
557.007 190.736 8
194.655 43.2991 5
447.5 307.782 5
331.489 296.847 2
246.175 281.483 4
115.882 182.122 4
211.68 278.382 7
81.7994 168.401 1
83.773 226.012 4
202.276 360.185 1
47.9611 209.232 1
228.396 408.292 1
115.75 347.083 2
44.8355 287.705 1
149.692 394.786 1
146.52 408.773 1
69.6548 380.109 3
513.331 97.2651 2
441.985 81.3021 6
407.069 65.4949 12
441.291 111.513 9
481.598 150.092 1
492.898 173.977 7
521.115 202.431 1
410.352 94.2045 4
444.807 141.358 2
391.164 106.313 3
341.44 60.9643 2
440.564 167.569 1
317.006 58.3353 14
389.808 152.31 2
317.339 87.8757 8
469.489 263.94 3
342.965 149.399 2
232.773 53.26 3
443.219 261.812 4
256.459 84.5029 2
268.991 99.1303 4
331.898 155.577 18
483.672 311.678 6
223.966 125.033 4
163.333 103.877 2
188.561 127.434 11
453.772 418.146 6
376.552 366.724 3
290.43 287.327 5
148.14 158.709 1
417.603 432.074 1
280.01 310.661 4
390.693 432.005 8
133.2 187.577 1
218.093 308.194 2
326.829 431.048 1
69.5836 182.938 6
177.063 288.843 4
265.69 383.571 1
388.7 516.088 4
107.265 266.324 3
66.4449 242.577 4
142.534 325.821 5
230.785 423.42 1
300.883 510.576 2
132.79 348.82 4
187.471 406.79 2
307.918 527.563 1
268.765 505.309 5
125.662 371.045 4
81.3977 328.716 1
110.905 366.67 2
54.487 318.161 9
132.782 403.685 4
90.2293 369.129 9
137.935 450.775 1
194.437 515.727 1
56.7286 388.121 1
64.1995 396.606 2
164.586 510.503 2
389.533 160.797 5
336.494 157.907 6
295.992 156.776 3
182.922 75.405 1
347.253 341.23 6
86.3449 257.689 2
164.762 486.225 20
486.958 136.051 3
348.613 141.427 4
495.557 299.039 2
301.883 141.201 2
208.187 103.938 1
209.262 132.13 1
368.843 295.893 1
211.557 163.911 2
389.35 352.654 14
373.717 339.583 1
300.671 273.139 2
187.003 169.313 2
314.672 362.323 14
133.723 388.527 1
485.008 156.602 1
466.127 212.08 1
393.285 166.854 2
421.297 231.814 3
460.822 273.255 3
462.16 307.43 2
232.754 183.819 1
347.541 319.765 2
147.65 146.633 1
116.704 132.318 4
301.395 319.742 4
160.724 189.506 2
375.932 404.481 2
346.135 397.039 4
130.633 198.01 2
241.658 319.613 2
278.068 391.491 2
167.743 321.036 1
247.83 435.202 1
131.842 359.71 3
120.346 411.425 2
298.228 266.581 2
277.384 364.216 1
377.72 273.901 2
561.668 471.111 2
557.96 17.6522 1
550.603 151.508 2
520.525 298.571 2
441.025 40.8941 1
436.927 130.334 1
425.315 298.483 1
396.937 294.461 6
390.425 362.182 23
378.04 54.7705 2
367.62 360.572 1
360.16 332.659 5
311.568 425.765 1
308.025 320.561 4
278.967 147.785 2
238.743 343.804 1
236.502 314.666 4
237.541 347.64 1
212.787 44.125 14
202.334 128.449 3
177.207 160.257 2
174.208 79.9048 1
173.91 73.4978 2
152.061 22.4952 3
148.459 403.319 14
134.337 58.7615 1
129.309 146.466 6
125.021 491.082 2
119.415 359.958 1
112.07 332.045 2
95.6182 343.574 5
94.1023 142.178 7
93.1524 337.886 8
87.3601 253.85 1
86.3414 149.195 5
77.0336 313.325 3
66.5522 201.924 2
56.839 204.84 2
45.7405 74.8265 2
35.1525 214.107 1
553.763 568.849 1
547.101 234.401 1
542.389 413.94 2
536.602 523.435 4
535.633 217.483 2
526.259 186.86 2
526.388 539.92 1
503.801 253.961 4
452.504 362.284 2
433.223 338.099 8
430.882 103.014 2
428.945 68.8847 2
408.803 335.34 5
399.233 285.496 2
397.047 352.821 4
383.214 309.043 3
383.009 318.989 5
382.519 347.13 3
374.224 232.864 5
370.593 106.159 2
369.741 346.687 4
358.78 81.4484 4
360.444 52.3511 3
349.465 390.319 1
339.15 312.774 5
337.611 326.279 4
335.823 335.504 5
328.546 253.723 4
314.421 252.462 3
303.878 342.631 2
303.828 421.205 2
301.996 315.703 3
292.356 328.329 1
292.424 337.342 1
289.548 355.315 3
286.669 128.611 4
276.631 65.6973 5
275.367 35.1794 1
267.943 308.802 2
266.117 318.287 4
266.84 326.849 2
261.781 160.346 4
255.229 418.814 2
255.091 292.529 2
232.172 315.631 6
232.714 343.244 3
231.885 325.23 3
211.543 510.241 1
202.751 341.343 13
202.866 351.469 17
205.977 361.117 3
202.064 318.507 8
200.646 324.439 12
177.679 374.23 2
157.021 469.43 10
156.733 428.852 9
152.433 202.861 2
142.943 147.888 1
138.525 153.918 2
133.565 376.803 4
126.133 32.187 6
127.275 124.451 1
118.899 23.4637 1
118.433 216.363 2
109.271 136.58 2
106.322 375.99 6
96.5892 367.971 1
94.2683 125.29 1
93.0029 245.858 17
87.6425 138.164 2
86.9937 183.113 4
84.7864 283.215 9
82.937 565.355 2
82.4801 574.55 1
81.4191 560.181 2
77.2328 131.736 2
76.0562 27.0922 7
75.4903 147.503 1
72.0372 240.862 18
72.4164 359.403 6
68.791 311.895 2
59.4352 58.3642 1
49.5653 202.275 3
47.7378 276.944 4
37.1608 280.494 1
31.7063 164.393 1
397.511 392.49 5
353.05 131.686 1
258.65 392.356 1
529.879 297.77 2
487.34 297.996 1
461.672 408.867 3
390.846 137.719 1
276.014 404.865 1
255.901 349.028 3
158.243 151.632 2
130.846 155.541 2
121.39 357.08 1
536.86 445.14 5
536.047 489.488 1
524.608 476.909 1
497.355 189.313 1
482.16 101.946 1
472.844 222.868 2
468.488 260.84 2
465.168 205.126 3
464.085 127.653 4
441.073 51.017 1
436.097 540.587 7
427.235 338.706 8
421.596 305.966 2
408.284 94.3424 1
392.013 283.188 1
387.45 431.98 5
371.649 161.634 2
342.582 144.062 2
337.896 60.1533 1
326.887 157.778 5
324.359 415.998 4
299.906 374.012 1
299.289 432.544 1
273.099 522.415 1
227.574 422.449 1
223.079 386.785 2
200.246 330.577 9
201.61 356.137 6
162.487 75.9913 7
159.75 93.1365 3
162.201 306.673 2
154.08 469.97 1
141.13 90.3847 2
122.969 100.918 2
122.751 119.103 2
122.685 67.1154 2
122.302 84.6358 2
125.921 218.658 1
107.456 549.709 12
87.8698 247.391 3
91.3863 280.695 1
78.5327 324.94 3
68.7166 266.278 2
464.583 263.713 1
384.843 396.951 4
319.704 278.26 1
211.85 229.415 4
384.888 227.008 2
363.852 295.525 1
260.122 367.402 3
206.637 128.644 1
204.468 74.8129 5
205.698 100.835 1
205.877 156.228 9
155.26 402.259 6
139.131 294.647 5
472.385 176.782 1
456.019 267.817 9
435.689 115.716 1
390.027 163.546 1
307.798 352.85 1
290.801 384.845 3
236.307 316.588 3
235.924 359.797 2
232.529 179.495 1
217.126 429.15 1
115.071 310.969 1
301.62 297.339 3
269.298 357.724 3
340.566 346.631 2
559.998 558.207 1
551.632 557.2 1
469.485 291.211 4
517.817 202.01 1
332.533 385.48 1
367.996 332.901 6
569.409 83.7553 2
462.871 163.937 1
398.514 154.279 1
320.792 154.166 2
311.141 154.553 1
323.76 139.121 1
377.376 83.2726 2
249.758 165.243 5
93.8958 303.523 2
217.329 177.628 3
207.42 182.2 3
181.025 193.073 5
172.032 193.686 6
115.056 218.201 1
186.316 141.678 2
200.431 112.401 3
173.199 129.52 1
199.331 63.7309 1
142.762 80.1399 7
27.6596 164.477 2
103.375 37.3451 2
543.184 403.661 1
390.338 530.167 4
387.105 534.221 2
498.612 420.613 1
393.898 523.063 5
388.912 453.972 1
407.033 428.105 1
529.131 282.449 10
511.757 287.25 1
382.254 381.17 2
444.452 307.4 3
504.815 243.211 2
490.795 254.098 2
453.158 292.365 1
548.001 186.861 2
442.23 280.865 2
309.644 409.929 2
484.541 212.185 4
268.706 417.818 3
332.779 343.569 1
354.172 316.923 1
109.167 550.167 2
109.545 539.814 4
101.027 534.99 1
83.2562 549.895 1
352.8 225.87 6
77.0264 477.197 2
169.633 370.91 1
183.894 354.727 3
418.101 116.27 1
75.9993 446.894 1
190.136 331.048 2
74.561 436.172 3
128.737 325.867 2
73.7741 361.294 3
361.228 71.1035 1
59.212 366.009 1
287.366 98.5915 1
277.827 104.81 1
287.034 68.8201 1
38.5535 300.842 2
287.116 40.0365 1
162.854 164.075 3
278.14 36.7632 2
26.3996 283.96 1
141.861 144.99 1
167.361 72.5682 2
155.522 81.6298 3
37.0498 101.794 2
30.5517 68.0091 2
534.53 544.852 2
456.36 372.618 9
558.164 135.063 1
557.536 105.632 2
558.486 74.9655 1
60.4646 293.904 3
545.255 497.464 1
549.765 446.844 10
333.097 359.559 1
551.514 118.98 1
551.496 89.4749 5
551.471 59.0898 1
285.332 287.413 7
386.999 122.399 3
347.911 119.443 2
153.964 307.369 1
220.277 179.854 1
110.715 268.601 1
199.944 172.076 3
198.547 149.834 5
143.979 140.322 1
173.159 101.123 1
540.333 465.647 1
430.47 539.504 3
542.648 421.51 3
448.473 501.066 4
390.457 520.462 2
451.685 372.902 4
526.956 281.459 1
428.11 338.26 2
350.11 398.838 3
447.541 296.932 2
318.568 379.184 1
538.704 145.104 1
373.315 309.03 1
273.281 401.11 2
319.517 346.993 1
540.259 113.483 1
287.562 360.135 1
444.897 198.229 2
332.799 293.353 1
226.096 386.088 1
388.123 224.939 2
447.433 152.027 1
350.834 244.699 1
203.805 380.121 1
150.266 428.733 6
477.29 98.7201 2
303.47 266.823 1
180.886 389.306 6
169.998 399.958 1
329.483 230.022 4
482.929 71.6352 4
249.332 277.397 1
188.297 275.262 2
70.173 376.197 2
164.292 273.792 1
99.2871 333.714 4
86.0471 347.339 2
53.4895 366.445 1
120.251 292.7 1
91.7607 291.671 2
189.527 165.31 1
147.705 169.774 4
118.6 176.78 1
188.683 88.6556 1
161.796 97.0638 2
96.2676 150.617 3
139.327 65.8619 1
304.544 379.658 5
472.168 150.894 3
145.608 290.959 1
201.298 209.738 4
118.318 244.675 4
299.686 403.327 2
490.585 198.399 2
251.331 428.552 3
448.555 219.382 5
418.821 227.04 1
164.16 420.46 1
105.859 382.71 1
200.063 233.482 1
127.997 264.759 3
103.658 262.879 3
201.022 154.322 8
201.14 92.3614 7
377.259 429.954 1
309.136 343.783 1
257.969 401.195 7
473.175 173.782 1
388.854 214.32 1
315.978 288.606 2
438.653 142.477 1
331.726 233.068 1
166.492 389.215 3
292.819 258.846 1
113.46 403.905 2
190.937 318.735 1
343.01 131.216 2
303.169 133.369 1
140.005 288.963 1
260.306 134.093 1
162.277 387.647 2
185.724 320.721 1
357.381 265.79 1
259.973 340.458 1
264.596 56.5601 1
151.315 109.17 2
448.519 110.533 1
82.8312 162.138 1
95.7704 185.084 8
48.8128 189.99 2
104.472 215.624 1
119.161 271.827 3
242.396 280.903 1
103.447 296.857 2
108.919 293.819 4
239.492 356.805 2
377.104 359.996 4
224.367 375.522 1
423.908 47.7673 1
334.027 59.2486 3
21.4399 85.0359 1
561.44 89.7422 6
156.727 89.7735 1
209.741 94.3523 2
172.977 106.104 2
387.225 105.581 1
397.066 105.862 1
233.702 152.731 1
45.4249 153.546 2
496.439 213.391 1
227.172 217.289 3
410.303 229.567 4
163.9 245.458 2
193.51 306.639 1
425.091 305.239 3
138.86 307.917 1
486.717 308.257 1
119.823 316.8 2
110.626 327.493 2
376.242 377.63 1
261.808 380.679 1
88.4948 488.396 1
417.437 488.827 2
453.131 516.35 3
264.852 521.549 2
555.601 548.452 2
535.846 129.975 2
449.196 262.837 8
111.462 322.554 1
128.067 89.7245 1
332.246 135.924 1
296.013 138.695 1
418.052 143.27 5
215.919 277.191 1
386.027 293.413 2
228.495 372.189 6
170.563 496.301 4
137.943 111.019 2
168.176 140.776 4
437.954 169.669 1
529.691 166.714 2
228.456 180.853 2
503.308 196.101 2
82.0247 207.77 1
456.937 216.137 4
47.5055 225.706 1
102.698 233.968 2
203.8 235.215 1
388.424 248.231 6
315.09 284.001 1
267.121 294.392 2
93.043 315.374 2
178.237 314.464 2
200.522 316.213 1
241.79 316.527 3
334.962 315.115 1
429.854 314.828 3
541.85 319.569 2
256.133 332.816 1
375.246 334.042 5
115.921 337.964 3
443.629 390.045 1
372.44 400.634 4
72.1809 404.19 1
305.709 408.053 1
287.203 418.04 2
167.826 422.004 2
238.928 430.124 1
256.006 429.586 1
329.306 437.291 2
84.9046 445.31 1
552.4 445.065 1
550.566 489.912 1
120.422 172.557 2
356.841 229.342 1
311.219 262.382 2
441.163 184.808 1
135.673 204.433 1
500.061 214.986 1
375.91 269.205 5
426.021 324.21 1
100.029 329.076 1
166.62 334.784 2
198.029 336.631 3
94.6033 401.624 1
128.764 422.151 1
506.728 142.584 3
506.039 165.122 1
198.02 44.4426 1
417.419 283.324 9
398.346 293.758 1
106.739 186.332 4
346.776 380.539 2
53.0885 183.101 4
112.838 351.417 1
545.046 66.5898 1
544.119 107.38 3
509.334 112.965 1
457.721 259.966 7
191.133 84.7857 1
473.261 299.62 2
481.24 305.72 1
58.3492 117.714 2
370.678 364.906 1
353.615 373.687 1
165.797 242.115 1
392.384 426.585 1
39.5879 179.388 2
40.6846 188.866 1
395.182 483.281 1
237.093 380.459 1
69.3012 282.849 1
44.5537 277.772 1
308.369 522.476 1
263.523 506.209 1
110.293 397.919 1
65.1616 391.511 1
190.415 511.041 1
355.003 155.903 7
86.0119 360.641 5
137.975 74.2437 1
97.108 157.806 2
318.285 364.357 2
518.429 163.41 2
476.131 152.759 3
517.857 206.277 7
383.822 160.296 1
468.527 268.191 2
524.922 316.727 1
482.863 316.126 1
381.794 250.37 3
162.213 107.999 4
431.745 318.308 2
410.047 308.874 2
465.908 393.294 1
278.761 313.343 1
388.279 437.206 3
199.231 313.405 1
292.174 379.141 1
64.9901 245.36 1
311.721 438.093 2
119.834 333.471 2
229.242 427.243 2
133.646 454.153 1
121.332 510.379 1
183.983 102.157 2
211.259 171.333 4
228.874 195.845 3
347.267 331.07 1
147.911 194.526 5
201.605 244.041 1
131.124 201.096 1
370.564 413.199 2
338.802 406.605 2
269.784 397.805 1
173.044 431.966 1
560.797 108.807 1
560.554 139.082 1
422.06 142.63 7
350.461 150.862 1
169.116 46.0292 2
195.542 278.454 3
530.553 125.706 2
522.305 120.406 1
467.47 128.282 2
385.762 119.184 1
399.475 159.552 1
454.951 415.019 1
318.56 55.3335 1
319.062 84.662 2
333.603 171.992 5
297.94 94.8744 1
445.429 563.131 2
296.945 123.881 1
319.315 247.912 2
282.903 138.955 1
172.54 152.54 2
258.868 424.638 1
288.845 520.039 1
222.641 335.561 1
222.908 356.405 1
228.395 390.19 2
250.376 515.273 2
186.166 379.602 1
85.0054 154.379 3
170.174 416.664 2
120.601 303.028 1
57.4912 161.237 1
69.9647 221.661 2
135.844 485.659 3
55.9228 290.334 4
124.932 500.265 3
68.1287 395.724 1
77.0368 485.645 1
516.366 94.5045 1
441.474 258.168 2
320.975 270.637 3
139.79 42.9889 1
243.808 365.225 1
53.7575 148.751 1
89.264 381.64 1
395.365 542.98 2
296.737 275.226 4
204.486 152.974 3
493.287 152.13 1
437.309 52.0594 1
435.834 82.8083 3
431.28 166.876 1
347.262 74.9805 3
348.671 104.449 2
311.008 117.05 1
288.187 156.001 5
260.309 98.0296 3
234.292 140.627 1
237.859 172.545 3
184.93 53.5913 4
184.714 86.8543 5
294.253 433.149 1
184.258 132.861 2
239.127 367.757 1
117.573 51.0823 1
117.03 85.4866 2
117.853 102.434 1
118.489 119.706 1
128.032 284.708 1
169.953 484.07 2
149.952 472.421 1
142.807 509.022 1
93.3984 369.834 1
432.344 207.215 1
411.337 419.182 1
214.691 164.072 1
261.416 337.328 2
265.732 367.329 1
207.659 278.179 1
416.176 236.061 6
346.701 162.573 1
344.532 318.036 2
373.578 440.106 1
305.537 290.967 8
267.103 395.41 2
231.727 319.963 1
227.962 367.836 12
178.493 321.882 5
203.183 240.785 1
276.654 269.086 1
553.742 551.904 1
546.126 503.41 1
553.565 416.884 1
391.521 542.306 1
406.557 229.767 1
316.752 273.184 2
269.072 158.295 2
216.299 298.294 1
133.508 394.025 1
213.377 130.753 2
84.0843 362.971 2
124.134 156.76 1
151.556 57.6987 2
48.0751 130.619 1
47.9019 77.7578 1
445.984 548.831 2
424.119 504.878 1
432.079 380.195 2
442.566 180.281 2
370.581 78.7275 2
332.828 154.833 1
203.304 335.437 1
166.844 288.77 1
141.667 341.729 1
94.4042 184.144 1
58.1984 106.951 1
540.408 511.324 1
542.221 183.631 1
498.278 42.7206 4
412.939 34.6723 2
323.966 147.602 1
55.211 82.1949 3
514.17 179.84 4
413.793 232.037 3
385.222 80.1575 2
233.819 174.504 1
204.977 171.554 6
202.55 149.251 1
203.188 126.724 1
121.069 218.113 3
387.448 521.457 1
511.659 116.579 2
488.69 172.219 3
472.498 95.6641 1
477.038 71.5341 2
348.217 400.843 1
401.398 217.831 1
402.792 147.508 1
312.187 378.62 6
315.341 347.904 5
351.772 144.845 1
147.859 430.04 1
125.97 401.421 2
186.582 162.475 1
185.316 109.592 1
88.1411 279.379 1
455.753 263.141 5
306.55 379.193 3
143.515 428.254 6
418.416 230.56 1
243.515 405.686 2
298.955 135.418 1
148.413 398.008 1
347.633 360.294 3
380.418 213.855 1
292.384 347.7 1
252.711 402.868 2
282.622 261.238 1
191.497 425.773 1
360.901 423.152 1
284.96 347.023 2
478.132 165.739 1
210.986 303.065 2
137.285 280.194 1
198.585 156.371 1
137.335 142.394 4
197.403 30.2378 1
395.396 514.14 1
565.189 300.028 2
504.637 289.808 1
266.301 416.08 1
487.035 251.857 4
293.425 393.419 1
81.8737 547.119 1
364.936 336.594 1
436.66 249.826 1
231.967 373.365 1
294.377 297.047 3
224.744 347.882 1
545.166 82.0905 1
335.993 230.435 2
545.31 52.3644 1
142.373 344.93 1
93.9766 376.729 1
487.721 73.2873 2
415.652 111.142 3
58.7125 352.794 1
139.936 273.373 2
205.027 212.656 3
190.537 221.427 2
285.741 145.226 1
356.997 74.4102 4
321.055 88.8845 1
245.48 129.393 1
286.042 94.9569 1
285.621 65.2996 2
157.851 41.879 1
28.4916 119.548 1
28.8769 102.107 1
95.9275 52.0334 1
260.826 508.347 4
273.569 98.8307 2
150.664 169.319 1
64.2461 156.844 1
64.5924 121.318 1
439.797 497.406 1
451.482 368.746 2
445.25 293.494 1
316.995 339.379 4
286.48 356.301 1
536.503 142.731 1
382.636 222.946 1
346.877 237.48 6
301.547 262.078 1
445.1 147.3 2
249.079 272.535 1
462.997 95.7951 1
89.1666 361.759 1
184.122 269.585 1
118.227 287.325 1
241.774 152.332 1
186.169 157.698 1
141.447 166.719 3
114.55 170.005 5
186.707 105.23 1
91.8378 171.042 1
163.624 113.046 1
268.413 131.11 5
367.151 394.169 6
104.293 256.349 1
160.217 382.325 1
377.99 209.126 2
328.932 222.495 2
135.739 285.341 2
155.401 379.332 2
227.813 245.717 1
448.791 52.4519 1
542.712 92.4919 2
464.669 153.474 2
22.3632 202.75 1
71.8229 228.353 1
157.366 293.766 1
366.566 369.959 1
296.775 391.217 1
211.632 407.351 1
246.926 405.474 4
533.461 409.826 2
529.756 480.754 1
536.115 540.57 2
115.658 134.683 4
574.506 168.3 1
52.4191 176.497 2
151.045 187.458 5
371.871 226.954 1
388.18 242.732 1
342.574 266.915 5
561.396 280.22 1
187.938 288.615 2
489.277 288.664 4
275.678 309.279 2
122.102 324.032 1
489.445 336.815 1
386.397 347.995 1
159.97 351.388 2
64.5046 366.565 1
80.3124 380.225 1
418.822 384.21 2
366.115 387.292 1
106.467 401.535 2
569.889 439.089 1
567.497 483.923 1
117.255 507.625 2
543.382 525.983 1
358.764 155.6 1
123.001 333.707 1
429.262 149.236 1
90.6649 181.444 1
80.7188 291.004 3
111.584 291.405 4
310.9 358.389 2
225.805 370.153 1
146.787 143.563 3
512.692 168.894 3
533.676 175.036 2
227.835 185.94 1
503.415 204.784 2
470.924 210.284 5
489.059 208.72 3
81.7828 213.357 1
57.7232 220.639 2
455.571 219.551 1
47.6986 228.745 1
268.389 298.541 4
405.463 314.77 1
94.7627 321.706 1
158.636 323.418 2
302.593 323.152 1
542.485 324.853 1
125.94 363.499 2
138.287 360.736 3
443.407 393.241 1
216.368 397.495 1
72.6537 410.742 2
168.354 427.142 2
257.006 435.867 1
330.458 440.51 1
372.837 262.941 1
150.913 309.324 1
375.59 276.481 1
460.23 328.228 1
268.662 336.287 5
199.27 96.3867 1
311.15 294.895 1
149.238 328.67 1
526.578 157.585 2
552.733 203.566 1
374.369 146.233 1
163.302 80.7368 1
288.924 153.531 1
455.738 259.911 5
388.614 238.982 2
522.073 310.148 1
38.4079 193.116 2
66.2236 208.65 2
56.8378 285.207 5
442.521 515.537 1
139.545 447.336 1
384.472 157.019 2
519.206 317.901 3
537.334 518.41 1
326.81 139.335 1
305.571 137.474 1
158.93 115.338 3
137.063 383.999 3
515.074 172.29 1
520.796 323.705 1
483.243 322.535 1
90.7601 204.887 2
168.128 252.54 1
66.8576 248.827 3
198.909 320.986 1
339.027 391.773 1
366.045 401.995 9
389.459 442.229 2
301.923 413.197 3
258.275 395.362 4
273.759 428.67 1
313.061 443.253 1
87.0531 370.63 2
268.487 304.822 3
459.631 284.345 1
264.991 363.422 1
452.415 326.363 1
425.449 331.196 3
276.79 319.795 2
332.72 379.34 1
353.549 406.388 1
98.7823 169.441 3
237.318 374.199 1
429.299 48.0149 1
382.466 93.2746 4
410.11 148.814 1
461.391 290.127 1
540.624 416.737 2
546.397 423.799 1
177.573 180.339 1
208.119 225.062 3
346.18 416.847 1
54.281 64.7191 2
169.034 240.353 2
310.929 429.372 1
55.6062 137.044 1
297.276 508.912 2
182.432 381.329 3
127.701 320.28 1
286.956 522.55 1
77.2579 489.207 1
341.387 253.21 5
90.0055 164.699 1
197.617 388.534 1
134.993 379.456 2
445.912 264.098 1
479.803 317.038 1
429.41 322.028 4
183.468 98.453 1
297.93 313.04 1
386.396 437.371 1
139.032 162.268 3
382.628 498.04 3
282.527 381.161 1
291.165 410.387 1
193.865 314.127 4
299.258 439.553 2
115.221 224.221 3
210.507 393.296 2
223.734 428.223 3
135.053 331.575 1
296.692 270.488 1
329.542 278.368 1
233.751 188.299 2
364.22 416.829 1
529.677 181.668 1
428.622 298.544 1
201.322 140.706 1
134.25 156.506 1
130.857 488.74 1
489.708 105.284 1
481.559 98.8928 1
517.825 292.713 2
497.561 254.038 4
418.549 121.043 1
428.056 388.479 1
408.815 379.993 1
421.89 463.811 2
355.241 371.099 1
329.494 291.551 1
315.576 249.224 1
275.543 518.71 3
168.663 56.3587 1
174.494 177.83 1
164.092 302.941 1
124.963 162.061 1
494.125 40.648 2
378.459 285.54 8
439.586 541.343 2
371.801 327.876 1
204.964 44.1549 1
239.461 407.297 2
137.818 201.32 1
434.452 82.3263 1
435.733 111.273 2
397.217 64.7968 3
394.882 94.566 1
395.62 123.945 1
424.052 410.184 2
336.566 74.7402 2
380.09 285.135 2
332.458 103.877 3
353.166 231.671 3
304.552 58.916 2
308.909 143.964 1
301.663 117.447 1
383.454 515.585 1
255.737 69.6684 2
257.484 127.825 1
285.436 376.24 1
178.908 53.7722 3
178.783 133.804 3
194.238 352.546 2
146.604 473.942 2
133.931 509.038 1
339.125 158.08 1
276.672 276.381 2
288.65 297.515 3
217.643 104.404 2
341.204 163.67 1
340.965 318.055 1
535.179 332.232 1
363.821 314.946 1
372.991 237.459 1
285.237 373.212 1
203.725 116.151 2
161.862 289.465 1
199.25 47.2942 3
155.396 204.398 1
154.547 41.2718 1
453.203 551.556 5
528.612 216.212 1
450.488 542.358 1
483.477 251.413 1
479.165 93.0709 1
382.315 457.566 5
405.438 336.003 2
353.129 395.546 4
317.368 242.666 1
253.495 304.113 2
180.109 367.137 3
191.307 291.488 3
153.584 420.355 1
90.3285 357.835 1
383.542 407.1 1
386.885 284.209 10
407.635 35.1597 1
141.684 194.383 3
478.129 122.878 1
392.454 364.576 1
390.233 380.929 3
386.568 136.443 2
136.177 297.894 2
379.397 523.365 2
469.969 69.0516 1
439.792 197.798 1
390.266 221.207 2
313.563 510.91 9
341.574 247.583 2
310.151 378.232 1
254.596 126.675 2
185.542 308.542 3
139.903 433.225 5
112.327 100.937 1
372.814 427.392 3
181.831 421.118 1
367.224 258.58 4
297.79 292.586 1
217.021 127.906 1
210.819 155.963 1
215.548 98.4183 1
268.094 259.406 1
402.2 535.757 3
431.532 162.526 1
407.051 144.169 1
174.839 98.2634 1
65.4853 165.999 1
536.402 470.812 1
403.241 292.599 1
304.161 387.878 3
542.253 79.9957 1
288.906 392.943 1
420.497 137.736 1
346.296 228.547 5
332.851 229.129 1
226.725 297.491 1
179.762 353.677 1
334.611 118.893 1
368.426 67.1389 2
90.6649 374.737 2
280.849 89.0844 3
56.3784 349.912 1
280.229 59.6211 3
164.715 167.07 1
250.363 54.4102 1
55.4607 116.363 1
168.363 223.327 2
145.313 233.123 1
134.222 237.007 1
318.014 396.785 4
428.655 494.868 2
385.892 513.818 2
381.961 426.584 3
449.102 265.278 1
477.59 171.583 1
441.82 145.346 1
159.229 396.165 1
144.081 421.535 1
112.031 93.8373 2
115.809 79.1425 3
171.403 387.062 3
188.853 314.701 1
426.887 309.704 3
414.724 247.299 4
187.938 422.145 1
349.041 156.71 1
366.53 423.563 2
246.613 388.935 1
312.146 400.511 1
114.49 400.1 1
97.7451 198.338 3
153.184 125.414 1
513.606 460.057 1
398.203 474.312 1
544.449 376.048 3
433.052 411.74 4
436.356 365.88 2
451.392 295.988 1
76.565 464.52 1
243.238 382.979 2
129.315 433.403 4
57.9253 362.507 1
217.967 203.307 1
193.402 215.608 1
398.77 108.703 1
105.987 248.712 1
285.132 122.337 1
78.6139 121.599 3
176.528 58.0511 1
541.145 459.944 3
462.398 273.488 3
106.52 407.071 5
102.038 312.555 2
316.129 136.117 3
100.046 261.662 1
63.9787 115.685 1
322.372 410.289 1
443.146 285.731 5
317.08 329.782 3
260.823 356.245 2
394.723 280.829 1
170.645 389.218 1
378.934 218.49 1
116.949 331.163 2
80.934 331.841 2
116.174 234.927 2
183.108 147.253 2
195.24 322.475 2
411.118 314.231 2
419.338 240.593 3
421.049 331.855 1
309.92 285.448 4
130.434 278.751 1
374.382 135.408 6
498.258 135.372 3
179.08 146.209 1
422.396 147.871 1
442.9 150.89 2
57.4335 186.874 1
81.3344 185.764 2
38.5409 201.88 6
93.9542 252.425 1
77.6484 291.118 1
145.739 327.932 2
377.714 335.653 1
121.385 339.335 1
570.994 399.619 2
530.159 440.464 3
529.695 486.538 3
527.05 527.357 1
137.809 146.691 1
68.1767 152.177 3
426.276 167.156 1
446.328 169.324 1
24.1525 178.033 1
101.607 191.394 1
496.73 195.124 1
265.433 200.726 1
530.358 198.96 1
77.9959 204.962 1
560.472 207.128 2
72.1824 210.929 1
243.02 212.462 3
442.155 219.438 2
184.583 241.638 1
399.671 241.045 1
351.096 263.581 1
561.82 285.348 2
547.14 290.666 1
391.228 304.558 1
89.1459 312.604 2
170.84 311.824 2
180.112 311.996 1
312.372 313.063 1
329.044 313.117 2
495.411 313.79 1
204.177 314.247 1
551.643 317.756 1
560.644 320.141 3
570.483 317.038 1
79.2716 342.311 1
489.249 341.785 1
535.022 349.673 2
561.975 349.289 2
210.587 349.942 1
372.22 394.103 1
461.639 396.315 1
532.464 395.848 2
560.461 399.409 3
189.691 414.032 1
155.977 417.173 1
574.788 418.226 1
277.095 424.498 1
124.253 456.834 2
577.294 489.339 1
102.922 197.657 2
344.745 266.825 4
47.3141 199.134 2
367.92 221.064 2
82.0992 219.647 1
57.4286 224.72 1
454.969 230.584 2
414.533 251.888 1
290.391 301.868 1
480.277 311.176 2
381.969 323 1
405.38 322.318 2
419.572 323.696 1
431.616 321.775 1
96.9948 328.48 1
178.5 334.192 1
543.383 332.728 1
140.715 366.712 1
87.7683 385.135 2
347.809 412.006 1
73.1389 421.846 1
370.57 271.168 1
334.493 290.659 2
285.318 397.746 1
515.311 162.034 1
554.594 206.935 1
385.302 244.926 1
359.981 251.973 1
112.861 194.25 1
325.796 273.657 2
36.1887 302.891 1
324.75 392.421 3
348.074 419.463 2
82.7492 337.001 1
514.547 165.431 1
534.185 191.214 1
190.766 101.385 1
429.19 143.671 1
425.074 181.581 1
223.397 195.496 1
317.903 281.499 1
91.4912 210.891 2
107.626 253.045 1
302.348 328.998 4
175.356 329.026 1
363.201 413.563 2
264.376 316.123 2
374.616 96.4548 1
521.884 313.848 1
475.125 314.046 3
189.271 153.177 1
537.881 457.065 1
523.559 522.459 1
400.72 492.935 1
310.156 434.328 2
126.316 349.282 5
57.5257 333.174 1
110.702 370.948 1
147.441 416.828 6
100.291 400.232 2
134.555 451.069 1
185.427 95.0399 1
369.012 291.157 1
351.056 164.226 1
378.846 257.027 1
474.518 328.408 3
360.103 259.911 1
149.304 191.385 1
297.433 322.343 2
107.512 235.827 1
384.943 445.638 1
299.893 417.175 1
269.037 432.976 1
198.304 243.403 1
338.489 427.294 1
198.745 302.496 1
362.83 117.022 3
278.689 55.5698 1
278.095 113.853 1
204.108 49.2007 3
254.309 156.483 2
392.127 357.613 1
328.223 381.792 1
100.402 167.821 1
376.972 93.7957 1
294.472 58.0321 1
434.221 277.431 2
329.84 173.959 1
385.509 454.474 3
119.972 146.678 2
292.592 405.489 3
124.017 184.757 1
127.622 347.058 1
98.1028 397.726 1
73.1464 491.87 1
101.868 544.23 2
214.457 273.859 1
150.187 388.42 1
130.196 382.913 1
338.872 243.258 1
217.137 184.212 1
293.926 315.917 1
381.118 441.001 1
141.85 113.257 3
473.91 249.624 2
376.566 296.486 1
393.566 361.258 2
202.736 26.6944 1
205.747 33.3218 1
208.514 160.957 2
260.05 310.299 1
156.353 26.0074 1
225.167 281.428 1
204.129 279.411 1
110.86 184.808 1
406.54 148.167 1
364.633 87.329 1
441.211 415.23 1
385.149 253.943 2
308.022 97.5482 2
278.967 52.5269 4
265.761 36.5412 1
278.586 82.4 3
279.181 110.703 2
266.007 95.0661 1
240.904 63.3188 1
373.513 552.03 1
270.049 285.938 1
306.035 510.845 6
243.032 343.176 4
236.172 387.469 1
244.651 516.811 1
173.703 368.564 3
82.6896 346.8 1
176.545 184.71 2
409.311 500.213 2
400.147 541.456 1
209.577 72.4508 3
262.42 329.209 1
419.144 411.409 3
379.348 434.227 1
267.727 178.531 4
378.445 518.482 1
270.127 382.85 1
407.828 68.6199 1
368.692 342.182 1
366.465 351.26 1
265.945 159.308 1
207.121 23.0807 1
207.402 53.3194 1
205.193 81.8051 1
191.97 188.499 1
172.214 46.5818 1
163.314 318.315 1
158.385 64.6065 2
157.27 57.6041 1
144.806 340.417 1
132.398 312.705 2
108.794 283.128 1
91.7309 65.9021 1
92.4477 570.875 1
84.909 188.731 1
483.419 68.1156 1
456.114 334.423 1
419.073 367.559 1
408.759 31.6934 1
405.624 61.0438 1
404.791 380.682 1
399.973 145.958 1
392.02 41.902 1
388.328 509.354 1
346.974 68.8803 1
347.382 98.1905 1
328.421 375.275 2
325.913 510.215 4
308.385 66.2614 1
270.365 139.799 2
263.072 34.2503 1
250.669 91.8038 1
248.579 292.672 1
150.435 419.42 1
135.116 501.213 1
133.454 279.69 1
92.6898 390.177 3
439.412 25.6085 2
257.112 152.51 1
179.685 40.2781 1
434.907 156.538 3
418.296 499.572 1
265.446 319.885 1
211.808 36.7208 1
213.324 65.1024 1
214.745 95.1857 1
149.442 344.025 6
396.713 179.136 1
383.753 63.342 3
374.619 448.079 1
367.826 146.974 1
332.837 43.3454 1
288.625 115.163 2
299.778 173.623 4
174.566 52.3279 1
285.253 296.656 1
479.267 141.389 1
464.907 140.327 2
236.398 415.436 1
163.588 129.103 1
157.944 50.4842 1
488.475 56.6537 1
475.828 89.4021 1
470.88 80.8981 1
130.273 140.142 1
325.444 375.914 2
189.378 307.291 1
419.293 537.428 1
421.168 496.547 1
263.042 341.775 1
174.615 420.132 1
163.324 335.955 2
152.785 343.399 4
211.442 68.0539 1
375.17 521.729 2
382.714 216.701 1
324.898 237.426 1
217.974 362.01 2
173.178 135.651 1
393.597 378.671 1
240.631 423.888 1
82.1443 390.599 4
204.945 68.517 1
113.344 155.287 1
443.316 500.017 1
291.312 511.214 4
455.97 271.332 1
444.92 287.595 1
463.002 101.019 1
193.761 380.794 1
279.522 117.547 2
84.8096 340.783 1
157.73 231.264 1
147.873 234.818 1
114.902 250.844 2
450.944 267.749 1
347.519 231.77 1
142.784 435.741 1
378.082 389.87 1
261.285 427.695 1
225.557 222.019 1
129.158 361.311 1
377.173 423.738 2
377.169 214.647 1
154.86 394.404 1
171.701 138.33 1
547.808 493.9 1
376.086 248.75 1
453.619 167.815 1
201.56 108.322 1
99.9137 161.8 2
41.9317 139.658 2
534.124 517.571 1
539.022 431.055 1
467.316 99.9806 2
64.0356 292.381 1
97.8559 128.197 1
277.219 133.978 5
292.487 420.28 2
164.152 449.003 1
492.753 200.542 1
476.052 206.912 1
88.6774 396.411 1
108.362 258.107 1
166.863 384.39 1
374.075 213.323 1
338.634 222.678 1
134.972 288.553 2
409.804 323.51 2
212.252 308.146 1
76.2402 209.946 3
31.0757 160.325 1
554.216 324.648 2
76.2012 456.991 1
383.07 288.309 1
454.122 242.991 1
104.077 343.703 1
103.673 317.109 1
534.065 89.5533 1
294.953 135.234 1
158.482 155.899 1
192.588 104.229 2
189.177 384.504 3
358.572 394.045 2
83.1784 396.388 1
497.799 200.263 2
169.161 382.455 1
285.77 337.924 1
459.278 264.631 1
116.072 325.519 1
345.569 218.12 1
356.242 210.188 1
205.518 248.184 1
117.424 275.832 1
21.6395 130.629 1
362.854 133.254 1
180.007 150.705 1
437.089 202.753 1
366.022 287.791 1
67.9744 342.583 1
105.818 347.212 2
297.677 355.001 1
536.222 355.37 2
189.049 386.173 1
123.853 133.889 2
74.3041 150.941 1
415.947 166.821 1
509.349 166.783 1
519.369 166.472 1
426.824 171.341 1
530.747 171 1
23.8497 185.779 1
478.674 204.605 1
487.601 205.236 2
459.486 213.792 1
442.235 223.05 1
430.932 227.509 1
410.548 242.129 1
60.5334 253.651 1
98.2489 258.16 1
477.998 294.735 1
34.461 310.592 1
392.341 311.793 1
170.906 318.07 3
180.388 318.018 1
495.443 317.441 1
218.393 321.541 1
312.204 319.147 1
551.332 321.463 1
570.276 320.299 1
142.772 356.454 2
118.67 363.281 1
80.8441 386.334 1
342.743 391.156 1
353.011 389.677 2
165.399 424.318 1
265.931 204.39 1
328.61 274.976 1
148.891 311.771 3
185.555 386.262 1
414.978 261.56 1
288.996 316.285 1
431.188 331.838 2
456.636 328.247 2
420.508 335.417 1
561.195 181.888 3
449.756 196.14 2
549.322 293.836 1
72.9437 338.724 1
138.739 377.561 3
103.504 380.5 1
548.992 154.482 1
510.308 174.448 2
398.213 244.858 2
71.0574 246.415 2
271.439 293.097 1
41.4308 258.333 1
315.374 438.076 1
102.019 246.109 1
340.027 229.772 1
241.554 371.212 1
455.842 322.579 1
263.084 323.939 2
241.391 337.686 3
401.11 409.395 2
138 379.42 1
149.139 384.274 2
513.628 208.713 1
110.41 197.037 1
219.085 318.374 1
540.093 476.656 1
396.691 412.3 1
399.034 495.587 1
90.2996 386.793 1
276.923 293.336 3
93.6987 193.3 1
382.965 258.919 2
349.189 268.431 1
379.526 330.914 1
392.249 348.913 1
79.5197 224.138 1
156.516 389.09 1
148.705 106.451 1
390.039 472.931 1
312.228 396.449 1
207.763 313.378 1
131.277 306.411 1
110.133 307.734 1
365.961 169.907 1
279.482 164.307 1
368.701 408.647 2
267.128 428.428 1
502.865 294.874 1
319.397 386.301 1
434.272 416.477 2
262.591 176.787 2
316.241 334.986 1
182.359 137.403 2
193.875 337.476 1
412.559 416.018 1
271.362 350.817 2
359.958 165.25 1
369.018 443.154 1
265.532 344.715 2
162.786 325.07 1
435.794 47.3804 2
390.096 91.5466 1
400.171 134.126 1
437.639 416.566 2
345.931 41.8405 1
357.915 117.557 2
308.027 56.5922 2
275.251 110.959 2
307.104 252.174 1
275.074 140.115 1
278.502 521.083 1
197.292 350.96 1
150.567 338.971 2
217.964 71.4096 5
220.263 100.19 3
331.012 392.349 1
438.346 156.933 1
389.908 372.725 2
385.101 306.116 2
343.281 52.5175 1
212.384 23.283 1
212.6 53.2098 1
212.115 110.65 1
210.248 81.8747 1
198.552 188.187 1
120.085 389.642 1
113.546 273.978 3
461.26 190.099 1
451.707 126.336 1
402.562 31.3571 1
399.373 90.4692 1
403.273 132.541 1
396.971 278.792 2
384.279 423.738 2
383.98 523.108 1
180.721 50.6871 3
140.346 501.987 1
116.481 33.6852 1
318.961 510.855 1
387.391 334.914 2
222.82 66.8447 1
223.491 96.1829 1
219.426 154.892 1
218.488 37.1225 1
289.362 262.966 1
468.585 141.583 2
395.25 381.927 1
208.573 139.062 2
111.907 284.795 1
111.159 226.956 1
458.057 129.628 1
374.565 422.148 1
322.38 247.821 2
323.908 160.817 1
217.327 151.531 1
475.011 137.887 2
459.895 137.447 1
408.771 236.316 2
161.524 50.8988 1
423.925 540.944 2
443.82 369.488 2
361.184 64.6396 1
276.173 88.2495 2
275.959 58.4332 2
116.236 96.6576 1
112.212 59.5867 1
169.461 152.445 1
414.132 490.793 1
196.334 421.166 1
217.924 122.305 1
315.227 227.745 1
282.232 423.445 1
403.727 236.51 1
450.36 131.158 1
418.568 163.935 1
133.93 292.488 1
381.091 419.372 2
295.897 424.761 4
319.623 219.262 1
537.099 159.575 1
159.471 132.508 1
518.496 140.161 1
504.572 136.5 2
362.039 222.203 4
134.186 166.918 1
417.717 243.543 1
339.993 269.342 2
399.406 262.528 1
381.285 266.955 1
232.305 309.062 1
116.858 406.068 2
500.695 201.677 1
411.875 238.407 1
361.256 265.206 1
101.292 137.094 1
394.387 276.161 1
407.756 319.967 1
423.338 244.334 1
399.47 251.943 2
88.2533 403.884 1
481.391 210.477 2
114.482 297.606 1
80.6712 393.026 1
67.2306 212.248 1
542.591 406.893 1
562.84 290.629 1
102.725 322.671 1
217.747 262.848 1
57.4598 281.773 2
498.136 130.722 1
37.7094 196.262 1
166.354 145.585 1
40.6007 278.319 1
406.327 248.147 1
389.354 254.191 1
284.079 315.837 1
433.583 253.998 1
174.302 278.148 1
431.303 140.728 1
193.897 156.195 1
26.1692 191.967 1
356.745 224.075 1
377.094 223.47 1
53.0697 273.161 1
567.614 290.316 1
574.949 286.696 1
67.3595 338.009 1
289.394 350.45 1
297.526 350.244 1
219.044 365.229 1
78.0437 215.242 2
479.395 214.93 2
451.279 226.5 2
459.154 223.539 1
29.1225 231.725 1
430.969 235.807 1
442.112 235.67 2
411.301 250.365 1
281.59 301.45 1
394.121 321.669 1
415.129 322.479 1
570.51 323.807 1
171.364 328.899 2
180.976 328.922 1
330.449 338.69 1
541.15 330.347 1
550.904 326.573 1
343.287 407.033 1
71.5259 415.86 1
131.851 415.705 1
28.686 189.857 1
29.069 273.846 1
559.19 214.116 1
449.941 223.119 1
458.665 219.439 1
340.791 399.458 1
448.82 231.791 1
439.126 242.495 1
366.869 267.432 2
545.619 339.646 1
370.963 216.9 1
416.205 276.979 1
402.726 405.468 1
536.174 324.297 1
69.766 253.406 1
336.28 395.521 1
333.293 395.866 1
297.131 419.915 1
231.55 302.57 2
481.927 274.998 1
363.943 284.249 1
392.98 340.843 1
471.493 319.542 1
340.284 410.806 1
305.189 441.646 1
274.079 424.342 1
140.898 424.006 1
385.363 221.311 1
113.232 123.537 1
279.591 291.088 1
386.725 449.771 1
399.515 220.413 1
396.53 345.667 1
344.269 412.406 1
383.129 414.945 1
386.224 475.922 1
334.774 418.075 2
159.084 193.848 1
429.219 293.679 1
308.672 396.964 1
250.295 382.05 1
186.102 312.615 1
414.448 499.724 2
281.63 294.318 1
272.176 342.63 1
297.767 145.275 2
411.961 535.678 1
377.142 459.07 2
380.545 513.34 1
302.401 356.389 3
177.24 129.879 1
276.328 431.447 1
401.518 360.973 1
391.346 335.765 1
270.76 296.246 1
433.908 181.498 1
350.664 87.8226 1
416.633 535.626 1
334.372 70.7348 2
335.843 100.719 1
363.941 364.273 3
287.789 172.805 1
237.74 518.083 1
413.943 367.753 1
273.507 327.518 2
271.789 336.587 1
238.634 283.162 1
219.453 23.7428 1
220.054 111.202 1
222.997 119.069 2
220.551 130.886 2
223.333 160.369 1
217.325 82.0535 1
336.099 97.5886 1
317.759 171.433 1
310.866 25.8033 1
302.554 346.96 1
280.992 23.1569 1
181.542 79.2241 1
264.171 279.602 1
335.124 270.198 1
274.476 345.781 1
275.364 354.677 1
250.576 288.687 1
169.096 338.994 1
210.306 51.0002 1
328.738 236.214 1
305.952 330.058 1
304.154 363.986 2
293.424 320.528 1
220.743 338.251 1
467.869 138.548 1
351.668 62.4811 1
320.272 130.994 1
272.346 57.4779 1
390.738 326.066 1
364.954 263.796 1
272.102 323.075 1
230.013 225.162 1
166.234 343.072 2
154.049 347.789 1
174.942 496.63 1
471.684 132.606 1
146.264 356.254 1
424.846 495.518 2
309.606 337.144 1
477.101 210.22 1
470.341 125.477 1
354.368 218.153 1
161.622 391.722 1
508.861 200.725 3
422.686 248.132 1
361.541 397.04 1
453.826 222.899 1
397.073 255.783 1
173.56 319.976 1
367.064 278.747 2
411.811 265.091 1
395.348 271.057 1
211.082 429.663 1
82.0881 401.342 1
192.987 366.267 1
182.698 322.344 1
278.127 296.368 1
117.654 200.234 1
434.065 333.02 1
321.359 235.479 1
219.269 254.397 1
443.566 189.446 2
92.8989 227.176 2
