4306 20364
461.205 21.3461 1
469.321 21.4729 1
506.549 27.0496 4
463.834 30.4531 11
399.592 34.0598 6
413.934 37.3399 1
381.594 37.7934 3
464.288 40.48 7
445.935 38.076 5
482.781 41.9456 8
382.917 48.4002 3
464.18 47.6963 2
239.846 50.3259 8
431.967 52.184 11
394.119 52.4166 13
258.354 57.1607 4
208.901 58.9274 8
340.138 59.8053 9
411.197 61.6006 26
326.758 64.2495 19
184.418 65.9128 16
411.118 64.3471 17
464.169 68.5196 1
213.113 67.241 14
323.509 68.842 11
426.121 74.029 18
203.575 74.0886 15
253.576 75.9972 2
377.542 74.8468 7
460.747 75.9521 1
369.146 76.7279 5
432.838 77.4064 1
443.979 79.3249 12
300.744 81.229 25
315.785 81.3418 3
458.115 80.4852 5
342.007 80.9342 10
356.114 81.7196 8
357.986 82.1776 3
267.871 83.7007 8
450.087 81.2414 19
181.685 83.3076 7
192.322 83.0372 6
333.26 83.3667 5
454.962 86.4484 2
321.789 85.0016 28
247.684 84.7651 13
311.619 88.6588 16
383.457 91.943 2
166.124 95.086 7
414.642 94.2214 14
339.34 95.1695 4
451.711 97.2723 1
307.887 96.3546 7
239.925 99.9881 6
359.301 99.0829 4
447.99 101.509 8
423.032 101.687 7
408.913 103.757 7
335.155 106.562 3
458.201 104.702 15
294.613 101.902 31
351.982 105.976 6
308.536 106.55 11
231.766 108.734 28
446.461 109.686 7
415.494 110.959 3
348.135 112.665 11
375.68 111.923 1
273.164 115.73 9
229.413 114.254 12
329.548 112.203 4
166.315 115.546 1
206.937 115.722 7
201.062 116.453 12
178.162 118.771 25
302.482 117.018 12
422.121 115.862 20
412.116 119.021 5
282.487 122.168 13
160.924 121.127 16
439.854 125.57 22
360.579 128.309 11
375.47 126.364 14
292.262 126.955 10
300.466 126.665 44
401.767 125.771 47
297.281 132.195 4
380.241 130.827 17
352.659 134.603 9
314.055 133.147 5
419.531 132.835 15
152.723 137.133 10
209.346 137.702 20
293.392 140.503 17
433.432 137.203 12
315.749 141.059 34
388.043 139.922 17
150.185 145.257 7
363.371 144.42 1
370.031 139.809 26
348.048 150.413 4
313.796 156.17 15
464.516 156.572 23
174.49 159.704 21
198.263 158.166 4
193.15 158.534 23
213.954 158.239 22
315.059 162.835 3
177.9 165.696 3
315.976 167.85 8
195.315 169.784 8
467.847 170.412 1
129.191 170.713 16
317.797 171.441 1
373.872 173.524 18
459.913 174.815 14
275.467 175.077 10
283.277 175.41 11
117.838 177.965 9
148.108 182.147 17
440.13 180.779 2
446.953 181.134 19
152.128 184.218 11
430.892 184.012 2
280.621 186.936 6
178.751 188.905 16
157.248 191.195 8
110.587 194.335 9
315.006 195.245 6
128.63 193.765 19
200.959 197.847 4
236.858 195.261 8
174.941 195.917 21
200.592 200.432 1
108.888 202.748 15
426.853 202.577 1
198.015 207.834 6
255.827 210.612 9
288.157 209.561 8
421.313 214.489 31
161.573 209.935 32
245.134 211.834 21
126.894 211.837 24
176.982 213.796 20
235.719 211.039 22
198.831 222.607 14
269.13 227.909 52
122.306 227.303 15
315.325 225.947 23
111.205 224.22 28
364.228 225.922 20
199.25 231.719 7
254.567 228.853 17
311.684 231.058 1
432.452 236.856 29
88.718 235.338 7
159.412 236.518 36
251.027 235.641 6
62.9228 239.975 2
90.2415 237.057 23
128.432 241.585 4
142.265 241.38 24
84.785 242.791 1
163.45 242.875 3
504.764 248.212 15
165.377 253.432 30
397.834 256.736 20
120.374 259.878 32
369.282 258.469 6
148.687 260.64 6
367.643 256.076 6
209.977 260.017 16
391.346 261.355 37
237.697 266.079 2
229.426 266.161 28
223.354 268.977 9
128.67 271.305 3
215.101 270.794 7
147.963 274.999 3
430.139 279.282 18
133.012 281.774 6
230.409 278.633 3
366.02 279.317 10
428.205 283.313 12
382.826 284.321 14
136.22 288.409 2
27.7136 289.148 11
311.423 288.762 14
188.724 292.785 12
306.404 291.559 9
399.621 291.114 3
194.697 295.901 1
138.35 298.428 11
152.544 299.939 9
422.828 301.951 2
179.818 300.424 16
154.004 304.912 3
142.615 311.169 4
217.851 308.756 27
273.979 308.488 24
234.181 308.727 7
419.953 309.531 2
266.383 312.204 6
223.785 311.604 11
407.647 312.366 22
320.324 315.339 56
375.531 315.575 11
397.212 321.263 22
272.712 322.61 18
308.717 322.787 33
408.097 321.161 17
405.748 324.504 2
417.791 325.773 8
238.968 325.615 6
295.973 328.353 4
152.812 334.664 7
159.369 333.567 2
379.837 333.211 1
422.701 333.872 2
404.008 333.787 4
251.718 342.015 1
397.537 344.575 33
272.656 345.47 19
370.951 349.973 10
379.375 353.917 20
420.513 350.336 16
408.655 357.969 16
48.7311 360.363 13
137.331 363.071 11
415.493 363.693 27
388.949 372.037 6
41.898 373.203 8
240.117 385.552 2
474.369 393.679 26
513.677 401.295 6
378.374 400.218 15
117.183 401.528 9
201.981 401.442 2
187.899 406.545 2
214.798 411.307 40
111.657 415.32 3
373.668 414.851 10
197.878 417.603 16
367.905 420.724 4
473.198 417.686 14
105.558 422.601 36
229.404 426.877 6
359.259 427.985 4
100.798 430.993 7
237.877 431.141 14
206.324 432.797 8
344.633 436.266 7
229.331 439.13 2
337.771 438.318 3
214.356 442.6 4
332.555 440.768 6
314.914 444.47 7
284.457 444.976 21
298.518 445.505 8
216.307 444.946 6
367.729 446.777 6
89.548 451.074 6
221.05 452.504 3
361.293 453.931 8
86.9716 459.213 6
219.515 462.872 10
237.122 462.345 10
249.26 463.264 6
84.4336 467.86 12
347.808 467.047 1
514.56 462.083 32
247.452 470.128 5
228.108 471.899 4
257.539 474.288 2
261.238 476.085 3
82.0871 475.171 3
268.875 477.027 1
217.078 479.616 5
132.582 480.575 17
235.115 479.82 8
275.452 482.308 7
78.4155 485.682 1
351.845 489.054 2
129.061 489.179 15
288.387 492.29 5
255.885 492.5 2
334.263 492.488 8
279.363 495.517 1
75.6212 495.744 1
344.913 495.683 17
518.198 501.223 20
359.481 506.308 12
241.287 503.809 24
76.0406 505.302 20
239.394 509.143 2
14.3239 512.138 1
232.842 516.152 4
406.307 515.339 13
73.8259 517.765 8
415.18 517.304 7
219.311 522.54 13
171.8 526.483 17
181.704 527.451 7
160.755 531.388 2
70.7337 530.326 8
250.019 532.363 1
205.435 530.444 14
138.239 534.718 10
198.11 533.368 26
70.1097 538.316 1
199.608 540.673 1
152.621 537.947 7
205.144 543.486 1
189.654 546.177 4
272.199 546.267 13
365.636 545.316 2
245.596 550.638 3
275.631 549.273 3
64.2098 554.059 3
199.068 552.978 11
194.369 558.436 1
250.837 561.924 8
308.69 560.516 10
62.4431 568.609 3
158.593 569.274 8
295.816 574.231 2
60.1669 577.693 1
154.905 578.029 1
148.39 583.449 1
58.4791 586.394 1
143.272 589.133 1
341.215 589.015 1
302.128 589.835 1
56.1464 593.299 1
277.223 593.843 1
262.485 10.7805 1
466.213 16.9907 2
451.928 20.7583 1
158.523 21.4787 2
443.589 23.5832 1
492.23 23.4441 3
55.622 26.4923 1
461.601 26.4548 1
471.908 26.9016 6
433.554 27.4365 3
198.505 29.4791 2
172.671 30.1855 3
452.452 30.5288 3
500.366 31.7792 11
154.567 34.0887 13
443.036 36.4187 6
291.353 37.1262 1
159.293 39.3885 1
283.148 38.8502 3
489.338 39.1405 2
387.717 40.7655 13
471.488 42.1689 17
428.157 44.02 7
450.054 47.0268 6
157.666 49.7766 3
391.086 49.6328 7
214.009 51.7787 16
228.148 52.906 17
419.47 52.2174 4
470.641 52.1369 15
340.19 53.0894 10
426.525 51.9479 1
481.591 58.4917 22
149.678 58.015 5
269.001 55.6251 2
241.116 58.1028 6
354.848 60.3489 15
378.291 59.2927 11
469.576 58.1253 4
429.715 60.5048 5
265.001 63.4329 11
344.469 64.1905 9
391.128 66.2759 6
421.37 65.1781 12
241.334 66.8594 16
215.984 65.6548 8
336.753 67.533 10
439.931 66.2891 7
86.0365 67.29 14
404.906 69.7268 16
192.001 71.9435 9
184.893 73.8613 8
331.325 73.3303 21
488.81 73.6989 39
90.8297 74.3496 2
203.743 73.8237 1
246.209 74.2128 1
213.051 74.6627 16
265.653 76.9077 34
40.8485 75.7415 1
79.658 76.9941 12
273.149 78.3057 9
288.666 77.8928 3
464.817 79.8341 13
499.266 79.0786 1
427.033 82.4863 22
470.89 81.5381 3
37.7524 82.9875 4
435.715 82.2524 2
486.322 83.0324 12
363.003 85.5503 34
255.758 83.1844 5
395.88 85.846 5
283.238 84.1863 11
347.314 85.5848 18
384.982 85.6391 10
412.024 84.9321 4
261.406 85.8022 3
445.116 87.496 7
170.694 88.409 7
302.919 87.4225 6
406.492 88.7175 9
225.939 89.1437 12
268.395 88.5161 5
244.278 91.7868 20
519.342 91.5382 6
177.031 94.0665 32
339.185 91.8588 3
468.603 92.5718 1
535.682 95.6952 21
414.212 93.1545 4
434.882 91.2064 18
213.886 94.5682 5
255.166 94.5995 3
271.444 99.1765 27
421.822 95.6133 3
187.123 97.2543 9
366.964 97.6904 7
201.975 98.7081 3
281.713 101.271 13
351.202 100.291 9
388.564 99.9747 2
293.822 100.453 1
340.286 102.873 16
282.004 104.689 9
381.678 101.54 1
214.158 104.202 9
301.246 103.505 13
364.683 105.322 15
544.12 104.687 25
250.857 106.48 7
419.398 106.404 5
338.881 110.833 9
372.015 108.132 1
407.095 108.669 4
285.93 110.653 16
461.072 112.301 12
437.725 113.919 9
346.177 114.224 7
551.055 114.629 12
294.453 114.075 1
381.474 114.795 2
279.974 116.681 7
355.994 115.548 4
431.139 115.707 5
443.449 118.899 9
34.1927 117.722 2
160.754 119.783 1
190.913 120.899 30
365.39 119.265 20
31.3468 122.741 1
183.157 123.129 1
307.878 124.859 12
448.79 126.388 20
216.832 125.291 9
164.895 127.072 21
287.786 125.917 17
299.404 126.146 7
330.706 127.328 16
352.754 125.503 10
92.1467 127.4 1
425.277 128.348 13
194.748 129.192 5
313.647 131.785 5
447.915 135.064 22
327.017 131.441 8
180.659 133.839 29
401.526 132.886 2
321.111 135.341 11
346.071 138.295 14
364.05 136.505 12
384.776 135.863 6
277.209 137.541 13
329.016 140.17 19
266.939 138.762 2
199.06 140.502 10
420.842 141.366 10
215.865 143.851 2
307.172 144.842 3
181.142 144.669 1
92.7339 147.361 3
158.553 150.096 25
30.138 147.817 4
372.638 148.55 3
83.9471 149.04 3
331.795 151.005 20
363.079 150.536 6
384.392 150.459 7
57.9075 151.959 1
392.61 153.498 10
35.0314 153.255 2
367.123 154.414 13
417.381 155.476 5
159.721 153.783 4
346.326 155.215 4
385.906 158.358 15
21.8981 159.721 2
71.2994 158.825 8
150.595 162.779 13
323.928 161.643 15
185.691 164.019 43
198.962 166.448 25
218.488 164.552 23
270.021 164.685 5
162.599 164.539 4
389.529 167.681 4
32.1853 166.771 5
304.714 168.223 12
473.68 167.76 34
174.536 168.84 13
224.817 166.274 3
329.113 168.041 6
552.309 168.544 1
368.048 168.761 5
97.4156 169.665 18
138.562 172.579 18
149.249 170.1 13
186.302 172.72 6
213.995 171.571 10
286.846 171.248 9
323.961 171.154 12
445.243 174.326 1
478.29 176.129 4
345.237 175.328 5
357.326 179.527 6
519.875 176.545 4
20.7466 176.211 1
264.071 175.893 18
298.688 179.275 12
464.793 180.205 3
509.868 179.738 27
374.452 180.145 7
197.664 182.32 22
273.672 182.282 8
17.3017 181.851 1
288.191 185.748 38
263.43 184.601 13
331.341 185.017 9
161.758 182.899 19
218.175 183.886 17
236.796 186.306 9
384.225 185.93 30
438.545 186.802 42
392.41 186.835 9
373.423 186.438 2
197.91 188.024 3
318.583 189.247 1
117.873 189.262 18
169.102 189.036 33
84.5759 194.334 5
298.132 185.858 12
215.884 195.791 50
330.466 193.832 7
14.9454 192.424 1
181.66 194.348 1
207.417 197.78 14
222.53 195.767 7
44.9778 199.364 19
159.293 196.528 1
172.317 197.181 1
194.019 196.876 6
294.926 198.737 30
138.609 203.82 29
80.2286 199.893 2
129.353 200.302 11
309.847 200.319 2
118.462 202.242 21
560.16 202.116 7
152.365 209.213 23
162.764 202.906 3
176.418 204.355 30
212.568 205.525 27
260.869 203.725 14
339.68 204.692 3
205.276 207.895 16
279.111 204.597 30
432.431 204.79 32
230.165 205.708 14
391.897 206.879 9
127.303 207.935 7
182.928 208.125 10
31.5728 207.2 4
108.666 208.86 17
116.61 215.418 9
165.616 215.094 18
134.74 212.997 15
149.858 213.177 16
296.857 211.655 3
210.315 214.633 3
453.042 215.117 6
351.749 216.47 2
97.7705 215.154 8
156.819 217.777 9
251.606 216.767 13
427.053 218.075 6
70.0686 217.771 2
185.587 218.641 16
225.907 218.138 2
244.25 217.967 10
297.973 219.007 1
107.831 219.839 7
128.131 221.658 22
249.713 227.768 19
279.582 222.982 12
453.657 227.523 15
165.57 227.255 17
172.665 227.556 9
187.159 226.522 14
180.303 228.1 8
351.458 229.727 34
118.181 228.573 5
281.066 229.415 5
403.528 231.323 19
162.649 230.555 7
137.813 230.77 9
439.514 228.91 12
210.121 230.86 5
393.389 232.971 10
509.803 231.965 1
274.726 234.131 7
89.3224 233.138 5
259.456 236.58 13
353.838 235.558 4
217.982 232.398 12
311.055 237.479 20
377.67 235.911 8
170.648 237.912 11
280.137 238.087 17
510.615 239.23 5
109.099 239.776 5
239.115 239.088 8
365.659 239.373 1
561.372 239.059 1
186.006 239.82 16
226.068 242.175 23
245.181 240.075 2
477.053 242.216 7
43.5304 240.717 7
121.323 237.458 18
211.721 240.214 4
285.995 241.784 2
314.568 243.377 3
153.683 242.006 15
407.849 244.352 29
301.723 243.247 22
428.807 244.645 3
388.908 243.972 1
257.681 245.111 14
63.1087 245.138 27
165.674 247.452 7
172.115 249.404 23
188.934 247.861 18
129.029 251.935 17
217.662 250.866 5
564.099 251.22 1
196.298 253.238 14
156.18 254.881 7
180.93 253.894 5
53.5368 256.309 2
254.13 257.156 9
217.387 257.855 2
376.196 257.973 11
129.749 261.538 7
385.084 258.842 8
372.678 261.457 2
173.023 263.122 48
402.387 261.942 4
247.421 266.186 34
154.294 274.134 13
541.701 268.983 1
44.877 274.875 4
234.357 273.132 28
249.407 272.971 7
383.995 276.899 33
86.4089 273.147 4
202.695 274.633 16
228.292 273.626 5
439.228 274.229 28
566.624 273.267 1
239.88 278.063 6
518.261 273.278 19
373.321 284.963 55
264.344 281.724 3
389.765 284.032 8
242.934 283.166 12
255.17 285.263 36
364.418 287.392 3
35.9569 288.027 8
193.238 287.113 8
263.512 288.833 7
240.673 291.239 6
247.844 290.166 2
432.032 290.832 10
569.695 290.557 5
77.0248 291.041 8
155.669 291.304 17
6.34596 292.923 1
84.1374 293.328 2
382.869 294.603 8
552.335 294.246 1
371.805 296.869 17
344.266 297.174 2
303 300.797 30
350.553 299.407 6
51.5241 299.108 7
293.057 302.502 10
187.855 302.725 27
346.673 305.859 25
478.548 308.149 22
564.962 307.977 8
193.456 310.096 10
369.671 311.068 18
415.12 310.491 4
571.25 312.112 3
232.124 313.466 7
158.522 316.999 1
259.274 319.806 3
423.385 318.659 60
379.23 321.835 32
592.806 319.401 1
542.3 320.331 1
294.529 321.179 11
285.98 322.957 11
153.888 322.34 5
318.408 325.558 34
178.645 324.165 4
424.771 324.64 10
389.908 327.187 13
572.043 327.603 1
410.159 330.624 17
240.786 331.573 26
307.524 331.066 12
361.225 330.253 11
253.343 331.333 4
393.871 334.125 13
167.221 333.53 38
220.29 332.15 5
257.611 335.225 26
281.811 337.362 24
292.524 335.634 7
574.434 332.747 2
340.349 334.643 56
515.916 337.036 1
176.007 338.453 1
146.175 339.237 7
486.79 344.104 2
351.57 345.287 1
47.6361 349.978 9
153.543 346.972 13
314.683 344.995 26
247.342 347.965 8
229.993 349.328 16
258.699 349.018 5
411.263 349.137 21
345.672 351.165 9
517.005 351.349 1
238.169 352.345 12
276.267 351.445 2
321.474 352.023 6
22.7933 353.249 3
485.553 352.925 3
5.13826 354.827 1
182.69 356.82 7
29.6345 356.722 1
399.384 356.27 11
312.78 359.011 6
430.965 357.396 4
389.741 360.023 36
517.502 357.594 3
308.251 361.135 1
319.873 360.816 3
414.137 363.412 13
18.4268 363.901 1
483.231 363.856 2
420.644 370.816 3
441.71 370.738 16
517.467 371.802 2
273.303 375.184 2
400 376.67 28
136.807 377.311 7
483.332 378.689 4
173.804 381.317 10
548.987 379.848 4
465.13 386.396 6
34.439 388.172 8
518.456 387.774 3
237.526 390.677 3
277.171 390.72 2
39.3314 391.913 1
203.364 395.068 4
481.277 395.442 2
518.804 395.622 1
164.942 396.709 4
70.102 399.155 32
37.6776 398.365 3
215.702 401.059 4
207.583 404.152 34
382.586 405.539 17
94.2424 403.684 3
192.845 404.986 3
522.769 410.523 28
77.5553 410.229 10
368.506 411.797 1
472.268 413.343 45
197.306 414.776 11
33.9502 414.356 2
61.5607 417.091 21
521.132 416.415 4
158.772 418.981 12
30.9373 424.171 4
478.117 425.417 3
523.248 425.808 19
109.696 429.165 5
24.3991 431.817 4
151.512 428.687 1
272.418 432.104 1
555.172 433.742 6
50.2239 434.698 1
22.1091 436.731 2
218.057 436.841 4
586.707 436.908 1
521.026 438.175 2
144.516 439.021 2
150.991 441.911 5
450.384 440.974 2
19.665 443.728 1
450.548 447.555 10
43.5238 451.452 4
143.297 453.605 52
12.2568 453.314 1
152.272 452.917 9
94.5881 457.872 9
32.8825 457.448 2
490.57 458.106 22
587.221 459.59 1
394.179 460.827 7
412.02 463.444 37
38.2884 465.705 3
255.246 467.611 7
90.3729 467.493 1
147.358 468.255 2
237.275 471.429 11
421.281 470.477 1
144.413 473.938 3
222.228 475.249 11
557.173 474.934 2
522.857 476.17 2
341.162 476.973 8
398.718 479.002 3
241.391 481.783 23
332.398 481.813 4
226.665 483.62 6
238.52 486.833 7
389.813 485.673 12
558.211 484.821 5
246.545 487.026 4
399.938 488.758 13
141.645 489.917 45
151.014 489.036 21
444.169 488.909 2
299.027 493.549 33
81.6668 492.464 19
167.57 490.35 5
267.513 493.12 29
469.677 491.917 16
362.525 493.012 16
145.553 495.564 12
133.229 497.235 1
577.426 498.469 1
165.984 501.448 22
368.506 501.697 24
389.156 501.01 2
565.791 500.692 2
267.481 502.191 1
300.377 502.446 1
420.162 501.997 2
353.383 502.908 13
524.009 505.723 1
20.9128 507.571 1
150.382 510.211 13
79.7718 512.437 1
420.786 511.837 1
280.497 512.173 6
311.07 514.478 3
346.141 514.055 2
239.109 517.689 9
524.995 516.535 4
149.458 518.789 20
187.857 517.743 1
225.993 517.787 2
316.661 517.975 1
421.411 519.216 1
470.052 520.64 3
250.95 520.4 5
296.698 519.805 6
406.334 523.347 5
401.596 524.181 2
242.796 524.964 2
369.703 529.018 33
163.133 527.365 1
270.251 526.836 1
126.783 526.87 3
254.874 527.577 3
420.116 529.472 2
215.224 531.709 3
274.423 532.117 4
346.446 535.078 14
412.142 533.262 20
526.05 532.116 1
178.282 535.946 22
165.37 534.165 15
375.992 536.653 12
259.097 538.372 8
206.922 537.814 12
288.367 538.624 18
170.473 544.01 4
160.653 545.357 5
339.572 545.097 9
249.159 546.381 2
420.12 546.81 3
266.163 548.152 2
526.53 547.742 3
185.78 551.475 12
69.8643 554.562 6
334.136 553.556 8
349.443 553.181 2
171.924 553.911 4
252.212 553.925 4
397.688 553.972 12
404.753 554.12 2
563.23 553.675 1
238.163 554.833 3
274.706 557.959 9
525.909 557.061 1
125.236 557.548 5
141.734 558.892 2
182.863 559.336 12
232.286 560.256 3
592.726 560.331 1
325.709 561.115 12
257.034 561.927 1
535.285 563.004 1
170.933 565.3 11
246.257 567.382 3
263.395 566.877 3
526.76 567.242 1
564.246 568.023 1
302.109 570.212 10
189.77 569.989 1
166.402 573.955 4
221.903 574.175 1
143.009 575.161 1
310.918 575.433 1
527.036 574.718 1
565.072 574.703 1
239.777 579.23 1
357.832 579.199 1
394.441 579.6 1
304.237 580.798 2
26.0058 581.699 1
231.239 581.854 1
136.249 583.312 1
251.61 583.402 1
474.12 582.995 1
160.135 585.834 1
152.767 587.136 1
248.228 586.611 1
5.94342 588.294 1
218.332 591.17 1
61.3537 592.179 1
150.162 592.302 1
238.818 592.837 1
345.912 593.111 1
528.37 593.834 1
487.102 8.41049 1
193.535 24.2669 5
213.966 26.4483 1
289.442 53.8608 3
177.147 53.5927 15
41.404 57.5328 6
308.171 74.3389 9
583.24 98.2266 1
454.24 108.935 13
188.752 110.496 30
86.3596 140.582 21
54.2556 144.475 16
46.8 150.494 1
338.299 163.049 8
511.692 169.794 20
50.572 174.53 11
234.616 175.123 5
175.851 182.711 28
137.576 223.268 33
419.851 245.976 3
209.868 258.667 1
387.573 260.433 1
491.789 266.02 8
520.058 267.785 6
519.619 273.686 6
183.021 275.863 13
180.158 284.028 6
68.7531 286.472 14
162.211 305.486 33
319.502 313.832 1
209.674 315.424 17
226.456 325.891 31
368.972 331.644 19
161.431 342.192 23
73.4287 361.787 20
181.514 372.69 37
390.487 381.105 22
553.641 388.926 16
162.663 412.531 20
548.215 446.21 22
238.257 472.7 1
294.262 474.494 30
550.492 481.731 22
137.566 504.216 16
280.98 504.549 19
134.85 512.581 4
472.708 522.306 12
311.618 531.437 6
358.733 541.163 7
447.723 542.978 5
158.124 554.561 8
480.215 588.597 2
457.785 14.5546 1
450.669 16.1816 1
495.355 18.2088 4
429.699 23.5104 2
441.072 31.0295 5
155.502 38.3767 1
407.439 39.2118 19
152.931 44.0703 3
464.058 44.3135 2
352.773 51.8724 14
381.272 51.7878 16
451.484 55.747 9
201.65 76.0329 1
453.123 81.6179 1
299.379 86.5505 9
514.025 84.345 14
170.206 90.1097 2
422.346 90.5465 8
537.794 97.9387 2
431.328 105.372 18
163.78 106.605 9
30.4592 115.3 2
274.184 123.256 19
210.493 139.481 3
419.195 148.773 7
151.692 153.776 30
218.99 159.065 3
176.2 161.497 3
293.353 167.261 28
502.122 173.121 11
278.485 175.42 2
14.3878 178.345 1
336.013 178.3 19
453.516 178.611 7
426.976 191.53 14
150.986 193.198 7
165.075 195.64 7
230.957 195.768 18
269.033 204.509 27
348.615 221.222 10
150.727 225.486 15
369.707 228.956 9
255.287 231.46 2
137.631 241.871 7
179.124 242.999 13
48.4438 252.401 9
242.521 258.839 12
122.049 264.566 5
435.168 261.938 11
207.114 266.454 30
379.964 271.961 15
368.252 277.906 1
425.897 293.003 11
138.536 301.703 1
223.178 308.931 5
412.906 320.431 7
254.029 321.713 55
224.453 341.887 21
135.583 366.564 6
384.98 368.831 9
435.323 373.706 40
128.819 378.674 12
65.7367 386.42 8
385.935 391.535 13
192.444 397.458 32
58.9733 407.007 10
363.038 426.556 1
239.934 431.903 1
206.328 439.029 10
247.043 435.507 13
232.258 438.397 2
514.334 436.819 11
214.994 447.271 6
229.031 463.77 10
274.367 473.013 5
265.445 484.871 27
569.587 494.252 4
344.225 493.223 3
167.168 504.238 6
126.112 508.431 21
271.957 516.956 7
175.141 527.362 2
223.42 526.862 8
199.455 534.251 1
136.701 536.712 6
364.647 535.829 6
325.065 549.669 8
263.571 555.935 6
310.812 561.643 1
373.651 572.128 1
296.124 579.577 1
490.962 9.9769 2
264.865 19.3795 1
216.043 28.9596 1
476.162 29.0919 2
422.38 37.597 1
499.892 38.3744 1
473.874 44.2792 1
162.745 48.9593 4
342.246 50.5619 1
154.816 61.532 3
375.425 63.6777 4
461.036 61.5471 12
269.081 62.2153 1
426.596 66.5207 8
235.859 73.4348 17
491.011 71.6877 2
192.26 74.6603 5
333.714 73.4517 2
309.496 74.885 1
277.38 79.9602 1
41.1111 84.1882 1
432.617 86.8548 4
365.79 86.2029 3
275.246 91.226 9
348.65 87.3225 1
244.369 92.8528 1
517.685 97.0727 3
136.304 93.0369 9
176.534 95.6407 3
270.311 105.363 6
188.715 102.796 14
216.725 102.616 1
547.215 104.019 4
577.85 105.18 1
257.296 106.76 9
393.105 105.807 10
465.106 114.947 2
312.949 120.84 8
422.696 115.65 6
553.347 116.42 1
370.675 121.402 9
582.115 123.345 2
221.505 126.106 7
173.426 132.95 15
433.06 130.906 14
456.383 136.336 21
334.362 142.492 24
451.981 147.184 10
429.657 157.203 5
364.731 158.808 12
185.058 165.999 4
325.322 164.445 2
37.1474 167.172 1
474.743 168.124 4
512.147 171.283 3
153.643 173.492 23
387.167 173.056 5
556.665 173.916 1
139.732 182.193 9
349.014 177.211 4
236.651 178.852 9
523.836 177.662 1
25.2512 182.148 2
290.414 182.504 11
98.4134 184.861 1
276.678 185.055 2
198.383 185.045 2
125.901 188.088 7
404.839 187.062 4
229.969 192.102 8
322.267 192.389 13
441.019 192.15 14
87.744 199.354 10
339.666 196.964 35
42.8145 201.375 1
136.724 204.177 3
323.521 202.207 49
157.507 209.708 4
237.256 208.712 7
213.833 211.999 5
307.031 217.865 14
394.736 211.602 2
189.741 214.491 10
261.828 215.299 19
476.84 218.501 16
256.552 217.279 2
112.713 220.406 5
128.617 227.395 9
227.458 225.411 24
298.866 227.871 7
167.53 231.235 2
405.48 233.346 3
194.842 233.932 10
90.3157 237.19 2
376.874 241.398 9
326.375 243.636 11
513.652 241.98 2
46.043 244.307 1
65.4001 245.607 2
228.061 252.024 17
278.443 249.544 1
83.7637 250.912 10
133.973 252.822 4
445.602 252.899 22
566.452 254.444 1
306.59 254.723 3
410.331 262.347 4
569.989 269.706 1
90.0961 273.248 1
157.3 272.926 2
441.152 273.935 2
253.297 277.131 15
387.715 276.947 2
374.958 286.999 8
80.0704 290.463 1
266.215 294.978 1
333.422 297.651 5
383.869 298.668 2
431.629 298.357 22
22.063 299.934 1
149.69 306.049 10
165.533 310.819 9
348.415 305.111 2
574.926 313.489 1
213.063 319.865 4
275.355 315.624 16
426.79 320.67 5
518.691 320.825 1
319.068 332.706 12
85.9602 332.501 1
170.081 329.475 10
244.752 334.833 4
411.539 333.572 1
258.215 337.969 3
396.347 338.57 4
62.1751 337.587 16
284.526 337.91 2
18.5503 342.704 1
160.072 348.326 10
490.233 351.227 3
52.1703 350.018 7
414.877 350.025 1
233.76 352.951 2
353.993 352.935 9
248.254 353.817 5
523.432 357.407 6
401.213 358.793 1
475.645 359.856 22
179.043 376.382 7
488.602 381.609 3
433.141 385.509 8
471.234 391.48 2
522.677 392.475 1
43.699 398.984 1
70.973 399.385 2
543.699 401.269 25
385.632 406.192 13
523.98 410.585 1
80.5807 411.604 4
487.404 414.664 3
472.408 415.206 2
557.121 416.604 1
37.836 419.032 2
386.9 428.571 10
524.769 425.438 2
335.703 427.113 4
410.913 428.762 15
29.4213 430.624 1
526.029 446.354 18
227.39 450.036 19
548.54 450.941 4
146.368 452.707 6
16.4919 456.045 1
369.542 457.819 9
31.1554 461.009 2
398.28 461.407 4
146.275 476.98 1
241.953 476.174 1
425.022 475.474 2
227.018 478.06 2
526.63 476.895 2
343.443 485.375 9
396.769 487.083 1
563.779 487.345 1
141.724 490.578 3
84.3263 494.238 3
298.966 496.806 12
366.922 494.299 7
269.422 495.02 2
354.04 498.045 9
527.721 500.484 1
581.475 500.212 1
424.37 506.029 2
280.118 508.302 1
187.204 509.552 1
529.071 518.542 2
152.591 519.37 2
18.3612 522.739 2
392.032 523.151 2
305.039 526.655 2
373.374 526.702 9
79.5252 535.031 3
152.377 538.808 21
350.304 538.676 3
262.227 539.752 2
530.924 547.419 4
477.37 553.525 1
210.681 555.968 3
276.977 560.6 1
69.5793 562.106 8
236.699 564.237 1
328.021 563.402 1
392.906 566.472 1
266.779 571.708 3
531.463 569.981 1
170.514 572.284 1
305.282 569.992 7
568.024 574.167 1
471.838 576.727 1
461.916 29.751 1
296.052 49.946 7
410.946 58.7733 3
437.981 88.8369 28
394.701 114.322 15
214.826 151.815 10
315.571 178.258 14
176.171 189 4
446.841 234.47 2
201.288 236.624 7
139.179 255.428 14
170.511 254.027 2
195.112 259.536 23
477.263 278.001 27
197.455 281.638 1
51.5735 282.515 5
496.768 317.974 8
225.742 331.056 5
583.024 332.014 1
199.017 428.24 15
181.51 493.484 3
309.662 530.807 2
282.826 535.187 18
180.709 538.28 5
265.385 51.2134 3
358.715 137.678 6
31.8082 156.952 1
294.893 159.572 11
134.433 163.429 13
452.615 174.527 2
309.622 197.186 2
392.2 196.854 7
420.985 197.282 6
263.008 200.1 11
420.196 217.483 3
64.7528 225.211 1
401.134 259.805 3
121.658 266.913 1
505.415 281.037 1
354.695 281.939 4
259.845 290.797 2
183.412 294.607 5
404.107 296.505 11
335.163 313.13 11
252.74 317.002 4
410.216 319.829 2
348.383 337.004 3
141.165 341.917 5
396.784 352.441 2
430.827 352.454 1
511.987 396.636 1
372.896 439.516 3
577.562 463.978 1
217.389 468.302 4
73.996 513.676 2
201.454 529.898 1
361.639 526.754 1
136.251 548.223 3
203.381 555.146 1
323.267 555.609 1
271.582 27.406 1
458.64 35.7035 1
484.991 48.6487 1
157.955 66.1506 3
439.72 70.7757 1
475.049 84.0573 2
23.1552 93.1865 1
369.039 92.108 1
445.352 95.8097 7
521.683 102.682 1
199.661 107.87 2
263.683 117.286 13
388.138 122.992 21
46.0044 129.173 1
438.382 141.15 2
175.644 145.22 11
406.409 144.378 26
343.315 148.091 5
138.252 186.498 5
287.928 188.468 3
29.4184 190.469 1
359.316 192.949 5
444.719 200.37 2
90.2564 205.743 1
146.836 216.277 1
363.623 199.537 3
311.589 222.497 4
74.1931 244.695 1
330.705 253.677 2
139.301 262.96 10
279.168 269.431 2
573.014 271.489 1
525.896 280.325 1
53.6478 288.454 1
206.753 291.733 8
31.0729 309.117 1
304.902 309.443 2
390.299 306.108 27
175.796 315.183 3
503.276 318.836 9
431.62 324.154 2
227.453 332.493 1
319.323 340.719 10
502.337 349.044 4
163.681 356.274 9
238.855 364.771 1
373.379 363.662 7
412.694 371.83 22
183.876 387.021 4
51.029 406.748 1
169.225 421.673 3
39.9884 434.709 1
118.51 436.636 1
107.891 453.87 2
155.401 456.495 4
299.53 456.659 1
380.944 461.982 1
537.016 483.481 1
432.43 487.602 1
91.0597 497.491 1
149.691 494.289 1
405.577 493.292 28
257.426 511.557 1
152.545 525.577 9
381.142 524.076 2
287.718 541.92 2
179.834 544.588 1
461.66 550.102 1
353.45 552.377 2
540.083 556.563 1
80.8632 561.698 1
495.048 54.197 1
66.0722 85.2264 1
233.715 144.863 2
33.7358 311.01 1
538.733 407.075 1
194.67 433.409 8
539.483 485.903 1
475.149 493.881 1
153.38 48.0338 1
323.098 142.648 5
262.32 203.133 2
66.7874 219.265 1
413.371 231.83 1
351.358 289.149 8
264.182 317.711 2
404.703 331.225 1
137.653 353.608 1
512.529 403.764 1
92.9687 419.76 1
512.75 460.771 1
356.094 525.444 1
221.645 52.539 10
304.529 66.0509 3
512.711 65.5115 1
188.93 162.437 1
458.506 218.114 1
95.163 247.353 9
195.873 278.62 6
400.873 285.01 8
48.8629 312.676 1
448.335 334.44 1
309.483 352.249 3
95.2292 364.402 1
431.317 416.593 2
547.27 414.957 1
191.142 443.619 1
53.5785 449.443 1
117.265 459.043 3
329.962 465.562 2
389.624 481.024 1
550.321 496.093 1
486.075 511.266 1
259.29 530.592 2
74.6002 121.179 1
508.141 145.912 1
266.686 148.337 2
194.903 449.609 1
420.427 215.558 3
263.194 167.297 1
124.817 247.461 2
477.456 280.596 1
455.012 446.021 1
212.994 485.009 3
343.138 265.857 2
145.648 311.437 2
455.405 24.6022 2
360.413 52.747 4
476.732 52.0874 6
345.915 56.5121 2
227.894 57.7405 3
266.289 69.8374 8
414.524 74.3941 2
438.022 76.7897 3
420.389 84.4254 9
280.327 93.9364 22
195.307 112.45 4
183.45 128.286 8
394.723 128.481 3
339.552 130.718 6
346.812 147.378 3
406.432 153.049 7
156.261 160.48 1
136.089 164.798 3
383.256 179.25 10
146.614 195.106 2
146.795 206.491 3
140.995 224.596 4
104.399 234.355 21
136.399 241.464 3
217.42 244.411 9
265.982 247.243 5
193.865 263.764 4
147.667 324.214 4
241.593 323.783 3
290.025 329.206 2
233.676 341.443 2
241.788 346.668 4
182.181 360.385 1
514.88 417.549 1
378.079 429.251 3
321.408 442.469 6
308.89 444.415 1
251.951 538.184 11
166.402 541.278 3
259.976 548.858 1
145.689 565.898 7
412.096 45.1956 2
469.595 61.5591 2
230.019 68.5067 13
214.382 85.5521 3
317.581 89.0796 10
386.81 102.742 1
38.6487 113.265 1
325.762 116.879 3
159.734 136.79 6
467.613 146.065 15
172.983 158.213 2
230.116 163.745 15
419.806 174.202 6
100.657 178.561 1
305.896 191.354 34
472.125 212.118 2
154.253 235.344 8
145.328 249.019 19
223.85 250.348 5
198.249 272.232 2
248.423 274.572 1
230.518 284.784 9
239.72 293.02 1
311.465 298.455 10
323.82 301.97 3
145.316 301.649 2
171.489 343.683 2
238.295 344.451 2
426.863 347.052 24
436.604 357.229 7
148.08 357.991 7
49.5003 369.996 2
476.396 372.471 29
431.011 382.51 3
193.793 389.002 13
148.171 411.344 2
553.38 413.462 1
182.448 423.261 12
206.023 433.248 8
369.356 452.924 5
522.038 459.055 2
229.443 464.399 1
230.029 477.893 6
353.665 494.436 3
523.866 496.521 2
291.092 504.45 14
244.907 508.942 2
498.761 84.2135 2
170.633 123.092 4
435.8 131.581 1
210.026 149.829 4
360.453 156.021 8
150.96 167.403 1
344.732 172.462 10
47.5232 200.37 4
162.434 208.567 1
225.389 221.756 3
328.729 235.511 15
273.606 270.843 8
184.757 314.296 2
542.858 389.153 6
176.973 491.052 5
322.828 145.745 14
440.94 176.04 11
458.432 176.665 1
189.562 180.777 7
111.492 207.888 4
288.242 219.407 12
405.829 219.049 10
48.8855 248.846 1
241.338 259.469 1
309.228 289.611 1
402.978 297.631 18
146.668 327.313 2
272.581 328.568 24
345.546 338.659 2
370.732 339.728 1
194.661 373.136 2
116.034 407.28 7
387.037 410.806 2
209.443 422.716 2
375.873 431.762 1
91.8809 446.665 1
366.154 515.074 6
520.366 533.978 5
376.107 64.4907 1
351.33 92.8099 7
175.119 100.302 1
190.195 104.975 1
256.88 109.981 1
554.52 119.338 2
225.243 130.465 2
403.492 142.343 9
454.928 151.004 4
108.342 153.863 6
427.206 162.038 1
229.685 165.22 3
203.88 169.392 6
314.954 174.686 1
136.793 178.292 6
523.589 181.251 1
275.764 189.786 9
436.669 196.066 14
397.159 217.132 3
307.887 219.192 2
83.1451 256.814 2
354.744 259.159 7
407.515 266.542 4
179.304 292.002 9
266.12 300.42 5
383.284 305.007 9
279.257 317.57 2
319.846 331.477 1
409.869 337.528 9
387.5 342.075 20
291.619 342.163 11
161.965 352.61 8
47.676 354.448 3
233.536 356.009 2
440.252 355.787 1
378.697 359.621 9
140.459 378.559 1
405.851 380.912 7
433.227 391.614 2
161.542 416.554 1
78.6969 416.481 1
100.772 455.123 4
424.347 481.743 1
252.093 506.006 6
237.042 526.342 2
224.163 109.585 5
139.272 182.428 1
136.316 259.445 8
173.574 257.609 4
265.346 272.213 17
203.039 289.137 4
153.707 526.116 1
399.469 124.295 2
455.523 169.876 4
422.921 202.566 2
178.347 219.7 2
375.28 222.105 1
120.923 271.051 1
355.66 277.966 4
222.307 305.531 1
175.585 149.014 3
236.782 143.484 1
343.86 151.358 1
415.448 180.261 1
288.999 191.795 3
444.583 206.109 1
365.554 209.019 3
144.007 223.378 2
312.176 226.416 1
271.834 229.185 2
142.304 266.44 1
283.771 276.799 3
391.01 316.297 10
502.624 326.948 1
225.258 334.574 3
317.233 344.292 1
155.181 363.755 3
370.067 366.755 1
234.066 374.612 1
416.501 377.494 6
180.528 392.875 5
305.096 461.674 1
380.07 469.787 1
444.754 163.031 2
286.148 276.541 2
416.313 225.486 1
348.756 300.111 1
278.405 312.831 2
403.843 341.722 1
324.481 277.331 2
463.584 95.827 7
444.428 100.457 1
451.699 114.577 4
392.006 73.9902 1
436.231 121.13 3
447.939 135.77 13
362.286 91.528 1
397.603 129.382 2
315.288 93.8168 3
247.955 55.6404 2
307.347 131.497 3
217.896 61.6139 1
325.579 179.084 3
246.174 102.738 11
203.884 66.5135 6
303.103 201.641 2
432.179 341.908 2
372.826 287.137 5
202.716 165.9 2
221.09 204.939 11
387.365 377.913 1
328.213 321.781 6
341.76 346.996 4
210.891 220.466 4
260.026 278.221 2
212.555 250.4 2
216.908 264.702 6
212.425 279.952 4
185.652 259.587 8
118.165 196.035 11
147.618 231.411 4
200.275 295.45 12
155.492 278.297 10
139.688 281.699 1
167.352 315.658 5
365.94 519.039 1
346.033 526.058 13
388.372 572.509 3
209.203 427.477 5
289.775 520.416 9
208.301 530.61 1
166.326 550.043 7
484.467 30.0458 1
398.569 40.3728 4
401.782 47.4357 1
441.405 106.83 1
502.829 187.911 2
390.039 79.5252 3
447.56 142.612 2
377.856 80.6559 4
397.572 101.985 9
331.34 45.1947 6
424.259 145.794 2
502.567 232.047 10
389.185 134.966 3
567.177 323.487 6
505.648 273.568 22
264.793 42.2314 7
330.661 108.256 1
324.167 108.41 4
281.111 68.2284 6
314.518 112.036 8
398.9 196.644 9
367.414 175.524 6
402.04 209.977 1
378.372 192.302 1
370.299 187.254 3
221.555 55.7331 4
335.926 170.06 7
349.557 201.016 6
338.612 195.106 2
331.989 208.008 2
291.61 178.507 1
310.762 206.641 6
342.865 238.783 1
297.039 196.126 1
348.097 245.637 1
370.979 273.48 6
254.235 169.553 7
240.571 162.874 1
288.164 217.763 1
400.314 343.132 1
355.155 310.173 9
423.133 378.563 10
461.832 419.312 8
268.513 228.614 2
505.875 471.789 2
211.58 182.754 11
516.23 492.074 7
484.471 464.15 9
379.458 364.906 11
361.567 354.076 8
556.089 550.627 6
327.634 332.025 2
333.78 339.701 4
330.751 356.846 17
254.495 292.515 1
322.805 358.284 5
124.739 178.492 1
160.952 221.621 27
96.6103 177.298 1
370.007 452.071 1
265.028 352.012 1
125.374 234.449 14
331.545 457.985 8
211.398 346.378 5
200.63 341.423 11
86.276 247.114 2
74.3653 240.924 2
178.928 348.231 8
313.942 481.904 3
161.935 341.398 1
66.7227 251.601 3
64.9529 300.909 6
285.251 525.715 2
304.018 568.128 3
124.123 403.309 8
178.781 520.132 7
158.082 499.441 3
65.1905 422.901 1
139.591 519.717 14
149.249 546.053 4
136.152 533.512 2
127.371 535.275 1
31.684 480.564 2
25.9149 497.393 1
404.644 52.1803 5
300.078 47.2879 4
510.852 383.764 7
328.896 232.888 1
431.468 372.106 4
211.813 290.134 4
270.688 513.966 2
70.0155 558.963 1
369.711 50.9725 5
349.927 55.8418 1
352.252 136.546 2
445.743 255.329 2
302.327 140.861 8
293.331 164.642 1
389.05 326.71 1
265.868 206.352 1
333.166 322.297 5
342.485 335.865 1
235.66 263.653 2
187.25 217.277 1
147.671 227.506 1
301.979 445.221 1
270.46 442.347 7
265.652 519.199 2
55.7862 409.734 2
136.848 508.502 1
82.2849 471.681 1
492.784 88.1689 2
455.124 66.0359 3
401.741 73.4373 1
497.453 178.477 2
449.448 149.243 2
392.128 112.325 3
330.321 76.1105 1
406.185 163.76 3
502.452 276.313 3
371.23 160.93 4
379.317 185.964 5
339.099 142.36 12
264.894 82.018 2
389.189 214.869 2
268.065 104.352 5
351.67 182.881 8
287.828 129.553 2
403.037 247.686 14
289.414 147.891 10
424.289 281.884 12
219.122 98.8265 2
306.795 193.643 1
382.224 282.006 7
352.958 264.677 7
302.706 223.069 8
380.897 300.282 1
511.914 441.527 1
188.449 122.019 5
367.881 315.433 2
232.092 192.993 1
429.29 386.995 5
167.989 132.503 2
76.8458 63.1543 1
266.756 252.432 5
483.575 473.365 2
308.976 301.785 4
86.8223 87.0816 2
146.626 153.048 10
350.02 353.614 1
215.782 230.444 10
515.944 532.77 3
232.891 256.502 8
173.008 206.738 6
295.584 339.784 1
412.223 465.905 1
125.504 238.113 2
227.498 356.477 3
410.242 536.391 3
118.044 262.348 3
198.295 345.655 6
329.995 473.833 3
360.867 514.978 1
331.851 497.378 3
135.641 306.034 4
139.093 326.646 4
270.903 463.606 3
348.141 541.348 2
190.561 398.29 13
254.639 499.492 11
237.251 490.173 5
113.143 430.17 1
134.514 538.785 3
70.1273 507.071 4
387.858 68.427 4
450.58 237.047 4
500.111 317.18 1
477.529 339.566 15
317.849 208.793 4
303.306 224.856 2
407.764 373.498 10
133.105 183.23 5
307.536 534.693 1
79.6435 469.349 1
460.545 135.013 4
416.595 199.646 2
412.824 219.223 4
317.887 147.472 3
380.582 228.889 4
259.265 205.93 2
390.998 349.813 7
504.349 465.346 1
330.9 308.194 13
161.338 174.125 2
126.563 168.75 2
429.573 486.239 1
246.919 317.509 8
165.314 267.613 4
212.33 305.046 4
373.637 499.458 1
322.569 485.709 2
210.803 412.177 4
130.079 366.011 3
229.604 512.305 1
100.8 423.946 5
125.07 485.047 2
87.477 496.599 1
438.634 100.652 2
441.743 163.342 4
442.405 202.863 1
285.325 156.235 3
433.556 318.713 5
283.532 195.922 12
345.359 273.427 12
383.91 312.047 7
324.952 260.258 2
172.439 150.967 4
361.917 365.97 1
298.075 318.447 1
135.096 187.964 3
380.462 458.502 1
139.01 265.111 1
225.012 372.052 1
302.555 458.301 1
131.456 340.321 2
416.589 411.134 3
397.326 232.314 3
335.971 304.931 6
331.166 421.985 2
201.736 305.009 10
229.215 420.746 4
216.181 215.888 4
291.781 359.243 1
225.696 353.862 2
470.369 52.8249 1
469.418 149.431 1
446.984 17.9955 1
445.922 60.895 1
402.335 54.5607 3
401.517 60.3726 4
394.627 410.129 2
388.507 350.09 3
385.154 556.94 1
378.121 442.096 2
373.202 448.922 2
366.715 265.68 7
361.303 48.5646 2
353.017 432.252 1
325.582 477.335 4
326.082 98.1541 7
306.785 209.665 6
269.65 235.609 1
263.158 93.1392 3
232.587 528.371 9
229.408 198.313 2
231.744 452.584 9
221.188 417.538 4
219.424 79.5511 2
168.552 323.245 10
159.354 225.135 1
134.835 516.507 2
130.44 228.806 5
114.517 422.256 1
102.162 440.896 4
83.2349 485.266 3
76.4386 536.687 2
68.9408 572.412 3
68.8301 565.106 1
568.039 332.202 2
558.003 569.956 3
556.48 245.482 6
554.746 544.443 2
548.4 429.489 3
541.127 369.911 5
520.867 553.219 2
517.797 512.89 3
515.082 478.484 8
510.654 365.321 9
510.589 347.855 4
508.894 320.278 2
506.67 291.947 5
507.647 300.186 4
496.966 81.2929 1
480.832 69.9653 1
480.502 340.826 5
480.317 307.359 1
478.141 219.649 2
478.45 25.2937 3
475.158 539.145 5
469.406 367.752 3
466.06 86.8791 9
464.468 349.678 5
460.835 392.91 3
434.83 255.406 3
433.383 224.338 3
424.969 32.9176 3
413.478 497.176 7
413.194 508.406 6
413.561 477.484 5
412.681 144.618 21
409.959 37.4488 1
404.551 94.9488 1
401.514 102.26 4
399.961 303.784 8
393.229 249.937 2
385.68 150.226 1
384.404 492.376 3
383.02 504.283 4
375.279 403.408 3
374.001 105.767 9
368.798 130.316 3
356.944 166.743 13
349.696 472.134 7
349.112 168.475 5
344.575 559.979 1
343.472 567.555 2
334.986 34.9533 4
332.142 230.54 4
332.295 273.551 4
332.525 96.5754 7
328.814 548.006 5
325.967 198.723 2
315.313 297.592 11
314.903 306.292 6
302.361 250.224 2
287.225 235.104 2
286.371 481.927 3
284.052 245.676 4
280.018 47.9247 5
269.233 215.645 5
253.89 488.322 5
250.95 201.847 3
243.617 111.468 2
236.544 94.2351 5
236.678 64.2322 1
229.878 434.57 7
228.432 185.115 8
227.073 234.136 8
219.517 123.04 2
218.47 277.473 1
212.951 415.592 1
208.639 132.575 1
184.51 89.2395 14
186.919 537.372 4
182.384 396.843 2
178.115 262.155 3
172.117 356.983 5
171.532 473.772 18
173.004 503.095 4
166.239 81.2565 2
165.347 178.891 2
156.688 397.12 4
145.306 424.423 6
141.96 347.024 8
144.862 444.396 2
141.326 552.498 5
139.772 467.666 2
139.034 152.418 4
135.367 456.212 6
135.708 563.037 3
128.359 177.762 4
95.5464 223.874 6
75.5055 70.2421 5
77.7943 142.641 4
64.1746 415.89 3
60.5269 403.018 2
51.1605 418.777 1
35.7232 278.717 3
467.041 180.002 1
426.1 62.5141 2
408.09 492.954 1
393.653 52.0859 1
375.599 427.152 1
357.071 98.5723 5
325.766 161.296 3
205.501 336.046 3
147.442 287.021 2
136.339 433.255 5
61.4594 214.718 2
40.1546 267.675 6
530.415 551.119 3
513.396 84.4882 1
365.72 498.801 1
330.11 303.665 2
302.059 291.436 2
299.9 233.964 5
269.607 329.586 1
250.966 277.59 1
222.006 343.367 1
218.516 128.823 4
168.453 547.483 1
131.252 392.11 2
536.269 367.526 4
531.486 151.552 1
529.723 96.4668 6
523.022 130.814 3
514.154 502.698 3
497.271 235.636 2
496.785 174.879 1
477.186 336.162 4
475.859 64.1891 3
468.603 116.043 2
457.732 322.341 2
458.198 377.049 4
457.56 423.801 3
427.697 237.405 1
426.59 349.278 2
426.338 102.388 1
412.661 369.833 1
410.518 512.008 5
395.32 69.0011 2
394.239 197.515 1
390.831 346.334 6
389.162 384.179 5
385.895 79.4436 3
375.82 322.886 5
374.582 390.934 4
366.815 433.098 5
367.091 404.952 2
361.25 62.2874 3
359.345 280.481 3
359.163 511.261 2
354.046 460.305 1
351.873 542.844 3
330.38 175.565 2
330.813 239.07 1
328.502 494.658 1
322.525 61.2504 3
307.626 239.917 3
282.335 219.498 4
284.245 129.629 2
276.032 69.8107 1
268.374 124.455 1
264.176 499.042 4
248.582 230.665 7
243.954 268.929 1
236.304 296.524 2
236.103 502.687 1
170.565 438.608 8
165.291 475.478 5
155.505 64.8674 5
157.107 107.955 2
143.425 254.742 3
135.586 525.017 1
134.081 202.282 2
131.991 362.884 2
121.045 213.138 3
122.63 509.856 1
109.682 406.085 1
86.6704 238.11 1
500.39 346.226 3
396.588 123.244 1
258.51 500.31 2
213.242 197.271 2
127.926 471.189 8
493.824 75.1975 1
455.211 136.455 6
436.985 199.43 3
424.933 486.657 2
392.955 257.1 1
339.078 75.9192 1
324.453 313.757 4
289.861 85.984 2
269.294 273.541 2
244.512 319.897 5
207.009 299.717 4
191.821 108.699 1
182.813 500.733 2
146.048 459.77 3
147.962 529.432 2
399.732 496.523 1
390.422 314.962 5
378.923 408.145 3
359.452 94.4787 1
355.896 441.852 2
343.229 272.78 1
310.651 341.801 2
297.929 309.504 6
280.108 151.481 4
262.744 113.24 1
235.842 280.73 2
222.181 332.776 2
224.422 365.666 1
220.209 505.09 1
202.58 465.953 3
170.643 143.963 4
158.861 475.093 5
158.875 507.37 1
153.528 357.363 6
136.538 263.154 1
122.036 361.25 1
315.918 282.763 3
281.698 353.167 1
374.02 519.503 6
364.286 485.484 4
354.898 468.273 1
423.096 361.914 1
254.104 498.222 1
254.395 439.336 9
221.423 433.485 4
282.638 308.134 2
190.915 375.062 1
393.571 145.876 14
383.228 145.081 2
358.649 161.871 1
438.972 55.9936 2
417.216 69.5486 2
233.647 211.784 1
234.8 203.239 1
141.18 288.78 2
185.594 203.266 8
206.14 176.539 2
284.346 91.8643 1
254.585 104.445 1
95.6582 236.089 1
250.514 61.0336 3
206.77 88.2985 1
535.166 492.724 2
439.341 541.426 1
539.018 439.074 4
471.091 504.529 3
546.023 407.257 4
389.585 547.541 1
483.118 453.541 1
381.684 516.464 3
365.411 509.703 4
339.794 532.982 7
383.562 486.371 4
389.64 474.282 6
326.332 528.036 3
324.109 534.458 3
563.898 284.412 1
388.35 454.227 1
352.983 475.304 1
264.759 554.93 1
508.646 306.604 5
303.461 514.246 1
276.097 540.216 2
239.985 564.62 1
267.572 534.384 3
228.093 570.093 1
227.1 563.304 1
229.304 552.948 1
410.862 341.939 2
188.193 538.398 4
408.212 307.126 2
479.193 230.523 1
417.414 282.94 2
176.31 504.706 3
363.095 311.873 6
337.275 301.451 13
382.93 248.611 9
147.121 482.456 1
395.783 224.795 2
386.358 228.549 5
172.309 435.2 5
460.374 148.645 3
142.135 460.756 1
175.776 419.602 1
295.345 294.413 1
178.04 409.071 2
141.618 444.163 1
284.725 298.883 1
134.034 447.032 1
144.659 429.859 3
188.423 385.591 8
337.806 231.577 1
153.3 410.365 1
154.211 404.16 1
161.278 385.597 1
292.751 248.972 6
170.767 369.064 2
446.723 91.4662 7
453.222 54.5312 1
254.696 251.088 2
329.671 161.417 2
175.301 312.876 5
157.417 326.249 3
410.196 52.7834 1
417.292 27.2615 3
321.223 122.895 4
244.368 189.025 4
251.287 176.257 4
182.297 234.197 3
214.993 136.256 1
81.9695 267.14 1
281.72 64.2851 2
115.298 217.955 3
81.3997 234.841 3
101.593 205.27 1
55.9059 240.601 2
221.948 70.963 2
206.533 41.4056 4
177.712 69.9444 1
170.153 75.7708 1
144.438 53.9579 2
31.5367 111.703 1
34.3655 75.1231 2
314.521 462.653 2
134.34 435.684 4
158.242 379.742 2
322.513 186.054 7
30.0273 403.95 1
301.556 61.9817 4
57.869 281.232 3
277.936 30.5869 3
41.803 167.368 2
550.487 387.73 1
363.59 496.596 2
366.705 460.039 1
442.723 250.324 1
413.462 258.243 1
401.912 270.655 7
221.756 446.004 2
226.149 432.665 5
133.593 502.381 1
509.268 81.0312 2
80.1155 495.71 1
344.753 218.374 2
113.631 425.197 1
292.792 231.1 10
429.099 84.6969 1
296.537 175.592 1
320.269 82.0335 2
189.751 155.554 1
186.288 105.457 2
435.172 476.218 5
437.399 457.999 2
358.715 531.897 3
457.109 399.219 2
506.186 347.198 2
459.988 371.359 1
355.817 456.73 2
456.271 350.043 3
354.028 420.196 1
367.642 398.503 2
376.198 386.777 1
266.374 496.02 2
199.034 550.012 2
376.189 365.465 1
236.155 499.042 1
541.357 191.271 1
195.409 527.314 1
407.63 314.207 2
280.18 440.271 1
538.028 161.118 1
431.358 258.245 1
454.292 231.903 3
408.717 272.387 2
217.003 458.878 1
496.664 169.623 2
210.858 448.141 1
521.263 127.149 1
362.166 275.066 5
332.672 300.614 1
122.514 505.735 2
452.599 169.88 2
303.665 321.707 2
417.459 190.829 4
456.644 150.834 2
129.333 476.343 1
254.611 336.986 1
296.225 287.446 4
175.388 411.409 4
174.99 394.754 1
433.968 127.83 2
441.856 92.2491 1
201.359 335.497 2
378.207 125.027 2
312.047 168.097 2
232.373 245.567 6
169.249 312.101 1
177.873 287.195 4
319.39 139.257 5
53.6148 401.778 1
216.301 198.399 1
189.495 209.045 2
72.6707 323.232 3
266.97 119.63 2
192.598 186.823 6
199.602 167.558 2
275.993 63.1013 1
122.34 168.016 1
111.578 175.036 1
208.882 73.0911 2
154.885 124.004 3
157.871 101.448 1
79.1014 181.548 2
76.746 124.748 1
434.068 526.589 4
351.831 414.814 1
326.058 419.121 4
269.151 302.609 1
132.372 433.174 1
221.267 329.577 1
139.475 397.565 1
287.342 152.526 9
145.322 184.222 5
370.241 463.389 7
381.742 438.291 2
306.169 477.314 3
403.404 371.88 1
282.784 452.495 2
335.375 327.603 4
433.499 194.008 3
275.618 275.786 4
239.6 310.919 1
303.618 216.183 5
164.174 260.974 3
218.163 146.329 1
136.387 209.269 1
167.367 139.031 1
399.265 493.53 1
355.653 437.386 2
315.973 417.739 2
355.608 361.779 2
313.866 341.316 1
158.378 471.022 1
409.358 193.109 3
246.831 312.179 4
128.176 427.539 4
127.053 338.138 1
282.316 150.08 1
106.217 262.846 1
220.176 109.797 2
173.451 111.203 11
138.41 141.881 1
275.568 147.296 8
408.739 398.665 1
178.542 280.493 2
370.685 318.128 3
296.13 350.42 1
256.496 221.754 1
478.641 50.3459 1
420.626 55.1135 1
333.607 110.294 1
413.859 146.227 5
299.524 152.424 2
307.192 178.313 5
294.171 186.813 5
281.483 194.406 2
334.216 211.871 5
89.3981 223.714 3
305.85 231.624 8
170.481 242.934 1
209.696 298.901 7
162.681 321.81 1
292.749 444.142 2
188.131 527.385 4
221.346 532.101 2
333.853 545.472 1
260.08 552.595 1
372.164 561.186 1
411.071 48.3028 1
239.168 71.3153 5
389.047 105.988 1
320.404 117.647 3
402.472 160.438 1
413.392 160.039 1
240.735 167.928 9
228.266 189.142 1
237.647 188.717 1
515.914 188.112 2
190.405 189.473 2
331.336 195.619 1
316.528 246.037 3
231.106 287.76 2
262.798 294.712 1
255.462 297.197 1
385.253 332.629 2
290.758 338.783 1
486.438 349.034 1
74.9647 379.116 1
205.224 398.354 2
479.947 404.824 1
552.807 418.007 2
408.589 441.112 2
106.726 475.496 2
522.789 480.029 1
338.214 482.56 1
224.894 488.777 5
247.153 492.535 1
335.944 497.629 1
348.954 500.992 1
420.407 506.57 1
76.0837 532.331 2
244.339 530.109 1
561.822 535.087 1
250.812 550.123 1
80.8546 59.8419 3
424.154 160.917 1
342.725 213.616 3
188.982 275.604 6
465.544 162.406 2
387.261 194.622 1
62.3406 221.804 3
199.211 240.91 4
405.53 255.515 4
235.111 259.232 1
198.024 263.158 1
40.2154 271.669 1
151.764 309.649 3
146.748 333.469 1
370.645 342.822 2
131.964 372.194 7
373.522 436.932 4
190.498 524.267 2
363.988 88.9985 4
517.523 101.392 2
174.816 105.191 2
257.738 114.516 2
555.603 123.987 1
223.475 141.137 7
175.026 140.117 2
195.624 148.753 6
429.932 163.713 1
314.716 171.375 2
354.795 189.062 5
138.093 213.516 1
390.937 218.863 2
376.706 246.233 5
227.832 254.389 1
80.5965 263.472 1
519.876 278.936 1
136.773 307.965 1
386.459 306.473 1
319.657 336.421 1
232.361 361.842 3
378.565 363.624 1
522.512 365.057 1
176.692 379.801 3
430.207 397.839 4
524.47 420.374 1
76.9647 423.759 1
189.526 427.817 7
387.996 435.149 1
548.771 455.736 1
526.415 482.183 2
137.244 497.44 3
296.438 499.778 3
290.945 155.322 8
275.786 265.749 1
136.371 158.711 2
177.933 224.975 1
162.71 370.964 1
416.61 189.218 2
286.024 207.82 4
366.076 201.686 6
445.16 215.466 2
317.484 230.739 1
142.987 273.081 5
283.804 283.27 1
395.524 327.068 14
436.448 324.781 1
504.949 341.588 5
156.326 370.924 1
367.746 371.439 1
411.487 384.204 4
342.468 301.037 1
524.727 85.3971 1
288.903 63.4875 3
337.265 119.626 5
321.685 148.615 2
248.52 97.8192 4
197.972 64.5823 2
226.246 156.746 7
386.676 343.673 1
204.5 219.574 2
202.03 266.207 1
240.333 316.326 2
371.354 418.412 1
192.139 367.197 4
257.689 439.286 2
205.54 417.505 1
271.113 474.614 1
250.025 476.995 4
112.913 412.407 1
207.731 547.767 7
452.378 62.4435 6
394.94 44.7431 1
418.831 92.3514 1
444.49 145.268 8
502.032 190.949 2
450.99 187.857 2
322.349 112 4
328.557 111.467 3
306.053 110.634 6
367.776 190.445 1
398.759 213.342 1
198.081 74.7753 2
334.594 174.164 1
170.098 84.6906 1
121.736 79.5831 1
258.341 188.139 1
208.04 167.648 1
234.074 187.235 1
277.484 216.94 5
393.259 305.837 4
84.1572 81.9739 2
211.132 173.884 2
196.426 194.881 3
428.905 384.988 1
463.358 424.031 1
122.002 181.688 3
325.897 334.87 1
251.979 296.055 1
386.672 421.718 3
251.021 333.771 2
131.816 250.457 1
262.314 355.076 1
255.469 351.918 2
219.279 352.703 7
66.5944 252.682 1
73.8851 306.587 3
219.888 427.486 6
364.418 555.453 1
129.917 387.856 3
301.932 524.886 2
223.927 487.655 1
62.8662 425.948 1
173.06 505.565 1
148.748 187.153 1
187.236 254.727 2
248.849 504.761 3
455.891 178.513 2
407.376 148.78 1
206.316 62.9839 1
387.722 201.359 1
159.913 110.214 1
221.687 184.088 2
213.133 234.86 3
365.25 343.292 1
212.713 274.885 1
366.221 423.3 1
207.566 407.964 2
358.896 529.728 1
236.283 510.579 1
61.9253 392.486 3
53.5468 412.196 1
488.885 92.0197 2
401.948 78.8029 1
495.232 183.531 2
446.047 153.639 1
471.581 174.709 2
499.558 201.445 2
346.62 95.9203 1
325.575 81.5708 1
398.967 168.755 2
372.698 165.759 2
336.51 147.164 1
228.997 77.0445 2
500.428 283.026 1
309.863 172.528 3
400.641 236.933 3
316.45 209.071 1
427.535 311.801 4
325.089 247.307 2
347.862 263.374 3
164.413 137.046 2
84.4313 91.3655 2
198.868 173.728 5
379.766 303.126 3
250.789 220.447 1
206.066 201.553 3
344.835 310.315 1
286.12 267.003 4
509.775 445.843 2
173.444 211.185 1
429.535 395.344 2
131.816 183.098 3
224.898 253.579 3
301.828 306.416 3
315.667 335.098 9
343.094 356.322 5
481.065 481.454 1
238.856 336.934 1
409.595 469.759 2
78.8063 261.036 1
221.819 362.009 1
196.894 349.38 1
132.16 310.281 1
154.669 353.264 1
358.276 519.176 2
193.532 428.604 3
215.717 470.809 1
105.995 437.254 3
76.0727 418.407 2
121.801 516.711 1
69.5496 516.448 1
268.014 111.282 3
148.698 295.613 2
190.148 205.841 4
433.397 171.327 4
441.469 208.775 2
365.471 193.958 1
316.031 270.167 1
137.328 269.275 2
363.549 437.355 4
150.743 372.178 5
427.197 25.9029 1
525.012 455.062 1
524.653 461.372 2
437.159 218.494 7
364.668 164.971 6
388.333 322.459 4
378.532 312.348 1
293.616 67.6875 4
234.92 180.057 1
326.301 542.545 2
245.694 466.284 3
97.2794 450.632 2
550.511 462.257 1
407.799 158.085 3
341.101 138.186 1
362.83 260.294 3
320.617 224.054 1
372.312 404.32 2
388.894 470.274 2
393.875 562.48 5
246.645 109.546 1
284.172 258.547 1
347.443 450.52 3
190.87 94.8329 5
224.323 210.432 4
237.664 255.7 3
180.547 89.5633 1
191.983 140.577 4
212.35 193.827 2
192.853 209.944 2
267.773 512.855 3
159.504 261.219 2
219.043 482.497 1
225.514 523.97 2
171.13 433.795 1
94.5079 223.961 1
140.374 546.594 1
47.7705 426.96 1
66.3523 538.253 4
550.415 257.827 2
476.89 60.3165 1
504.295 301.475 1
368.822 199.869 2
388.495 399.999 3
134.6 467.964 4
420.124 119.987 6
374.416 50.7826 1
375.604 230.293 3
357.105 221.48 1
427.806 490.662 3
300.498 327.241 2
321.221 494.584 5
197.914 156.774 2
146.288 46.1604 1
163.567 253.994 2
121.662 172.495 1
483.241 88.6036 3
473.356 69.2095 1
493.348 179.165 1
445.938 150.092 1
413.768 99.9363 2
506.487 443.077 1
507.577 458.903 2
511.199 503.647 1
414.135 216.635 2
416.346 239.612 6
512.447 531.69 2
352.355 64.9076 2
454.117 377.185 3
370.792 156.909 5
355.511 132.264 2
401.69 325.058 5
376.347 300.489 2
350.294 261.499 2
349.776 282.067 3
406.918 464.742 4
368.289 359.087 1
285.423 147.291 1
272.154 130.882 3
406.799 538.384 2
365.48 435.567 1
350.33 462.938 3
345.994 504.964 5
347.834 546.909 2
186.832 76.4168 2
151.64 111.514 2
231.337 507.204 1
214.461 467.007 1
192.341 423.374 2
112.05 263.4 3
167.903 441.261 1
176.722 539.756 1
103.848 407.759 3
119.631 511.873 1
129.166 540.149 2
318.987 63.5725 1
436.016 431.081 3
311.714 217.189 1
415.138 404.178 1
232.535 103.454 2
195.338 107.107 1
317.649 264.467 1
270.132 154.658 2
254.216 119.054 2
349.095 445.598 1
292.801 315.814 1
300.81 345.274 1
219.486 336.545 2
189.28 437.105 2
197.211 478.787 2
150.093 366.837 3
470.935 152.248 1
348.955 528.011 2
410.111 199.242 2
415.609 42.5028 2
361.109 163.959 1
289.632 241.909 1
178.195 554.516 1
275.231 194.27 5
196.914 380.138 5
94.9139 469.115 4
520.019 560.581 1
553.729 256.538 1
440.034 478.382 3
465.881 368.595 1
481.572 319.444 2
462.551 377.353 2
478.404 266.516 2
404.122 364.213 1
456.491 145.499 2
418.861 147.489 2
408.229 117.412 1
406.169 102.591 2
394.252 79.5357 2
203.216 549.436 4
281.464 300.175 2
220.651 441.545 3
307.055 83.3255 2
173.149 421.328 1
228.865 220.658 3
135.169 439.559 3
206.934 111.964 1
166.264 150.383 4
68.0652 204.825 4
315.867 534.006 2
158.721 558.289 2
270.49 45.1859 2
147.583 405.063 1
139.949 430.878 2
136.834 443.477 2
222.071 83.8328 2
204.26 41.2719 1
447.102 378.345 4
438.439 293.251 4
336.548 486.517 2
423.994 70.3222 1
374.054 127.113 1
191.231 530.481 2
219.267 341.227 3
82.3461 499.703 3
498.353 273.901 2
433.554 479.629 2
433.654 459.427 1
449.626 349.346 1
444.921 294.74 1
354.283 529.204 1
416.434 293.78 11
462.866 128.94 1
422.011 236.699 4
472.976 77.2647 1
362.58 358.759 4
415.495 193.351 1
352.785 276.66 1
264.836 463.033 1
362.598 107.996 1
231.674 500.356 1
311.449 179.044 2
240.374 355.759 1
278.44 219.226 1
239.896 230.318 7
166.561 435.173 3
197.774 337.364 2
125.837 475.866 1
160.908 347.839 2
217.426 90.0288 4
133.422 347.017 2
127.497 359.893 1
102.596 408.067 1
175.094 134.375 1
151.469 106.818 1
105.046 176.222 1
436.191 71.1934 3
262.674 304.386 1
316.917 61.2975 1
127.501 431.659 4
416.567 395.822 2
424.475 328.309 1
370.315 470.599 4
436.111 227.926 1
257.477 434.234 1
275.866 278.097 3
201.78 299.415 1
170.286 273.558 1
347.099 442.337 2
394.98 219.824 1
300.065 421.027 1
333.403 264.446 1
307.011 343.075 2
257.179 122.111 3
171.233 117.378 2
244.762 420.446 1
378.19 544.783 1
264.048 459.576 5
427.225 225.775 2
185.715 357.65 3
288.905 227.892 2
394.887 136.247 3
191.547 269.117 1
224.141 226.504 2
375.196 99.0643 4
420.796 34.2346 1
144.068 211.162 3
438.805 538.213 1
537.262 460.34 3
533.161 391.026 1
356.588 495.402 1
461.279 404.538 2
267.017 530.253 1
332.922 418.104 6
418.892 338.704 6
120.934 548.162 1
177.526 412.403 1
501.915 150.133 2
478.18 166.168 1
565.174 100.659 1
375.462 189.345 1
321.848 218.716 9
313.121 191.849 3
346.773 164.885 4
412.678 106.768 2
382.748 96.4118 3
351.015 120.11 5
356.092 109.517 5
277.217 160.208 3
375.035 70.9577 1
259.436 92.665 1
145.066 161.932 1
257.834 74.9927 1
207.268 93.2985 5
78.4959 130.886 1
84.2875 123.77 1
554.031 261.509 2
169.82 359.454 1
246.637 244.186 4
276.907 508.064 1
286.398 340.713 4
361.946 220.221 1
311.888 212.644 6
333.527 155.644 1
258.84 173.205 1
510.937 456.598 1
434.376 473.03 2
507.979 395.214 2
452.53 396.879 3
323.909 474.435 1
347.725 411.261 1
234.574 496.082 1
363.926 392.289 1
499.115 244.268 2
426.528 233.87 1
389.215 257.678 1
173.272 405.547 1
495.296 166.193 1
356.02 266.312 2
291.01 284.289 1
317.222 218.525 7
380.586 155.974 2
250.818 247.966 8
419.001 113.308 1
283.1 212.698 5
396.087 118.856 1
261.098 196.537 1
414.243 79.9089 4
286.976 158.883 1
106.015 199.604 4
121.541 164.246 1
72.9805 182.388 1
155.968 95.1904 1
436.476 167.691 2
288.031 455.355 4
373.99 276.896 3
215.115 326.265 2
458.79 132.443 1
272.625 418.124 3
336.964 259.901 1
244.485 307.429 3
439.405 154.158 2
125.567 325.462 1
273.782 83.5234 1
220.386 114.823 3
193.064 176.347 6
342.963 215.714 1
191.915 371.886 2
206.993 420.591 1
25.2295 88.9554 1
171.194 102.071 2
575.802 108.387 1
248.979 112.009 3
460.172 118.36 3
158.35 141.861 2
185.465 140.739 12
104.897 154.267 1
570.704 162.701 3
478.874 183.706 1
34.5462 203.877 1
183.651 212.44 2
284.517 232.993 1
158.012 248.28 5
235.874 253.218 3
37.0131 265.411 1
203.797 280.69 2
66.1128 283.54 1
262.966 299.434 1
258.276 356.406 1
441.915 380.521 2
248.704 460.041 1
523.08 483.131 1
446.655 95.6169 3
215.842 107.655 2
320.206 131.213 4
391.29 172.404 2
46.1567 280.247 2
461.88 166.211 2
337.293 186.465 2
436.323 250.067 5
47.0799 257.181 1
256.705 290.472 1
206.752 297.194 1
365.399 307.277 3
169.389 362.666 1
61.8149 396.331 1
234.216 414.238 2
501.157 141.102 1
360.033 201.575 4
437.177 204.266 1
307.243 225.01 2
488.606 243.114 1
326.902 253.37 2
349.923 269.747 4
71.511 280.658 3
406.21 279.715 3
519.915 283.002 1
137.462 316.651 1
494.989 324.226 2
431.678 403.494 1
46.9477 407.998 1
75.2506 433.722 1
387.034 442.867 1
371.053 472.804 1
292.237 149.316 2
422.656 177.748 1
279.292 276.364 3
139.155 332.346 2
496.887 328.091 1
162.072 378.413 1
174.064 272.273 3
413.79 284.158 1
282.722 291.55 3
225.45 350.259 1
463.541 93.1648 2
199.629 61.2501 2
304.021 155.806 4
394.797 287.752 1
433.968 337.208 2
330.709 319.083 3
335.44 322.524 1
390.73 404.983 2
273.507 438.004 3
250.484 431.31 1
210.884 525.816 1
467.449 72.2058 1
326.682 90.8922 5
502.7 194.01 1
366.319 198.103 1
425.275 308.431 3
67.6823 174.241 1
393.68 390.594 5
274.261 339.952 2
127.598 275.673 1
473.612 518.463 1
69.6387 393.553 2
60.142 430.606 1
235.453 520.957 1
334.269 351.739 1
156.337 167.826 1
216.137 234.318 1
446.892 158.645 1
498.094 207.472 1
401.817 172.511 1
230.083 132.385 2
163.464 140.943 2
377.698 252.511 6
377.52 308.543 4
264.043 263.458 1
133.43 218.677 1
296.843 314.695 2
408.323 377.871 1
316.146 338.577 1
429.829 400.228 1
75.1356 270.247 1
131.583 314.053 3
384.471 436.402 1
214.118 475.002 1
103.826 445.017 1
68.4832 431.425 1
450.708 246.498 1
453.113 336.579 3
352.441 329.983 2
139.49 273.109 1
306.179 357.037 1
248.894 61.7496 1
197.817 79.7293 3
299.745 238.087 1
203.301 133.371 1
159.616 251.402 2
201.547 381.158 2
88.0037 241.094 1
190.798 408.76 1
128.197 392.703 2
215.268 538.927 2
446.92 49.9115 1
546.166 217.079 1
543.522 238.999 1
358.063 130.449 1
420.711 229.106 2
384.376 211.094 1
413.417 252.488 1
247.798 78.4175 1
288.392 140.725 1
304.006 213.614 1
278.052 231.081 1
389.892 419.228 4
288.669 303.704 2
194.66 226.347 4
111.139 216.169 1
274.935 463.527 2
78.2041 250.452 1
124.439 498.322 2
533.354 161.188 2
409.572 369.153 2
163.668 472.451 1
129.72 468.667 1
448.597 74.9293 1
298.854 96.4918 4
301.779 234.194 2
404.157 387.284 4
426.158 478.848 2
84.5942 71.262 3
355.528 429.922 1
324.874 480.261 1
98.362 463.043 3
480.961 94.9678 1
352.565 93.7024 1
426.162 272.988 1
262.556 106.737 2
373.39 304.046 1
318.647 250.456 1
220.519 171.623 1
475.605 485.914 7
365.406 364.846 1
309.476 336.925 1
307.564 454.583 3
216.266 364.347 2
117.063 243.616 2
230.637 493.949 2
208.309 474.853 2
125.801 479.652 1
430.715 315.504 2
401.527 422.825 1
168.149 163.17 3
258.081 316.182 2
326.593 425.086 4
196.544 303.353 1
223.659 413.71 3
208.66 208.568 1
291.855 354.545 1
220.208 346.267 3
533.108 565.195 2
397.054 184.189 2
394.684 280.243 2
330.938 451.421 1
249.528 181.209 4
223.95 181.256 1
161.236 291.073 1
170.494 549.686 1
99.5896 461.405 1
530.822 148.152 1
480.129 329.933 2
396.134 65.8696 1
407.805 181.344 2
416.689 332.063 1
336.494 93.6559 1
358.727 262.322 1
378.95 390.929 1
372.501 426.206 3
325.467 340.518 3
251.849 33.6669 1
344.814 452.028 1
231.883 95.623 1
220.422 63.5343 1
235.585 224.04 3
289.902 481.844 1
270.363 481.658 3
167.21 46.3845 1
158.831 62.1842 1
138.12 570.311 1
74.3289 397.751 1
524.888 112.872 1
445.132 231.393 1
348.553 47.4215 1
293.634 120.077 1
257.734 275.546 1
265.598 329.122 1
197.522 95.8899 5
249.368 512.317 1
217.547 414.85 1
442.569 151.934 1
446.74 191.682 3
398.237 141.93 2
412.499 242.202 1
438.03 505.299 1
436.926 530 3
386.274 385.531 1
344.412 261.728 3
265.901 129.222 1
311.653 334.733 2
341.289 466.805 3
223.705 356.434 1
171.266 137.088 2
189.684 240.195 2
209.497 468.25 1
146.155 235.359 1
185.082 399.603 1
214.554 522.152 1
161.356 475.856 1
109.315 265.344 1
160.238 503.576 2
239.7 76.5224 1
387.044 451.195 2
308.969 138.052 2
227.379 415.936 5
337.252 449.363 1
245.602 125.292 1
282.575 345.423 2
418.325 255.603 6
398.766 316.336 1
234.51 442.637 1
246.489 279.03 3
216.702 282.716 2
229.897 179.351 3
190.593 284.979 1
517.456 552.301 1
520.109 117.151 1
478.284 299.26 2
409.724 478.876 2
470.693 112.22 1
465.677 122.924 5
379.216 373.832 3
335.01 539.091 1
404.518 113.88 3
270.312 459.482 1
226.981 444.529 5
137.232 553.432 1
117.579 251.236 1
91.6832 203.072 1
448.899 567.17 1
432.2 475.33 1
458.354 40.2361 2
400.56 138.997 1
356.969 88.6998 1
214.867 560.02 2
265.327 240.546 11
123.806 429.08 1
158.212 71.9561 4
436.738 343.934 1
463.245 182.943 1
479.912 45.6075 3
414.935 116.62 2
260.692 441.242 2
252.379 449.428 3
233.841 230.114 3
165.769 153.529 1
438.989 501.185 1
413.358 292.656 1
406.576 92.3286 1
321.559 421.562 3
354.367 107.254 1
343.854 126.203 2
238.537 455.796 2
259.535 304.121 1
272.494 219.022 2
295.062 81.415 1
208.51 459.943 1
264.98 124.142 1
251.454 185.926 3
179.505 332.679 2
172.232 291.132 3
122.372 357.726 1
139.317 146.138 1
142.784 108.998 2
434.875 164.841 1
273.777 239.332 3
395.131 447.086 2
244.185 430.466 1
320.097 457.88 1
324.32 264.393 1
254.653 421.846 1
444.513 377.778 1
436.839 352.065 1
262.186 543.748 1
117.212 424.292 1
370.153 60.2963 6
461.024 347.371 2
341.291 490.439 2
370.907 396.608 1
541.754 165.067 1
378.967 347.134 1
167.132 524.57 1
471.475 122.389 2
173.682 459.845 3
299.876 289.362 1
125.231 501.805 1
345.19 199.136 1
411.049 91.5577 3
204.729 329.023 1
379.033 94.6734 1
72.7205 481.192 1
106.601 411.656 1
185.052 287.161 3
195.162 217.289 1
228.821 83.2716 1
83.1738 180.348 1
70.902 195.895 1
295.932 507.523 1
139.472 400.771 1
144.683 384.905 1
162.354 362.621 3
143.29 190.674 1
405.721 269.322 2
221.304 148.646 2
164.887 186.751 1
163.31 144.315 3
436.815 393.183 2
472.333 303.697 2
495.9 246.44 1
398.636 308.566 1
280.216 430.565 1
486.36 166.881 1
118.882 503.436 1
375.023 153.474 4
327.992 171.565 1
313.836 136.079 2
254.574 190.79 5
173.798 283.365 1
260.855 162.475 2
212.057 224.352 2
111.842 258.839 1
176.277 113.966 2
143.076 148.344 2
147.729 94.0266 1
243.378 310.538 1
414.294 415.806 1
429.19 334.327 5
184.822 282.227 2
251.475 414.458 1
395.019 181.347 1
387.807 298.012 2
360.346 178.909 1
345.342 144.281 2
403.697 57.8482 2
460.334 508.381 1
441.955 435.31 1
532.474 386.793 1
414.907 432.389 1
461.769 399.985 1
240.683 497.149 2
468.286 364.329 1
327.121 431.482 1
259.691 463.482 2
138.099 463.908 1
401.731 328.288 1
478.876 247.498 2
151.037 404.074 1
361.27 299.652 4
292.721 326.167 1
336.871 298.371 1
346.184 285.384 3
501.751 166.595 1
388.133 191.081 3
208.506 254.711 2
147.976 255.586 1
220.199 177.415 5
78.9325 219.574 1
289.588 115.807 3
380.481 64.6673 1
256.82 88.0085 2
255.061 65.6379 1
385.631 466.042 2
324.866 426.675 1
316.685 433.005 1
167.35 354.156 5
377.729 88.6978 2
204.866 126.579 5
456.348 189.334 2
141.953 208.132 4
66.2287 238.38 1
261.117 110.608 1
510.225 450.939 1
276.428 478.56 1
452.452 389.751 2
430.057 365.141 1
276.779 423.865 2
166.247 469.852 3
124.902 468.326 2
168.62 444.974 1
335.769 317.409 1
97.9296 408.787 2
398.032 242.2 1
210.755 295.163 2
138.852 319.457 1
437.914 165.024 1
282.052 207.947 1
258.201 193.004 3
155.585 230.483 1
267.895 158.579 2
187.133 194.442 2
104.433 194.156 1
197.859 124.702 2
122.644 155.373 1
153.522 116.57 2
392.391 228.542 2
339.728 224.902 3
385.515 317.88 1
315.899 350.918 2
272.074 284.013 2
120.877 303.466 2
507.716 76.4979 3
141.137 234.49 1
383.019 264.375 1
153.547 316.152 1
361.281 478.387 1
188.283 521.862 1
271.526 106.339 1
248.222 117.562 2
459.047 125.878 1
478.849 188.62 1
515.598 195.21 1
263.914 222.192 1
484.557 232.049 1
314.47 257.387 1
39.9155 291.626 1
553.672 322.08 1
170.874 351.801 1
229.586 359.359 1
258.015 364.378 1
368.002 363.006 2
517.859 364.605 1
482.756 383.507 1
74.0609 421.552 1
554.565 429.718 3
105.35 481.622 2
501.517 482.692 2
523.272 486.739 1
389.745 490.423 1
68.4044 277.8 1
402.026 279.526 2
65.6555 215.705 1
428.38 290.152 1
381.649 375.896 1
392.208 397.305 4
437.744 210.446 2
87.4829 229.748 1
488.967 248.879 1
519.794 288.017 1
44.8179 303.694 1
225.145 384.536 1
140.234 390.702 1
280.618 286.984 2
500.658 335.1 3
358.045 369.714 3
341.271 305.36 1
463.362 169.208 1
182.587 223.225 3
148.216 344.596 1
429.391 120.663 2
225.405 97.2755 3
502.167 199.851 1
163.526 132.114 1
303.902 196.586 1
89.3096 156.204 1
401.572 273.996 3
66.2243 179.573 1
46.404 178.566 2
81.6114 259.69 1
69.9237 265.985 1
80.6312 285.038 2
539.021 433.248 3
142.216 330.584 1
484.597 480.296 1
43.0515 354.377 1
413.056 502.757 1
356.404 489.521 2
151.697 458.768 2
57.7747 436.789 3
110.873 104.944 1
445.497 244.895 1
50.0134 149.873 1
552.988 327.456 2
414.715 141.754 1
326.261 175.572 1
106.152 214.011 1
71.6201 374.523 1
494.781 226.618 1
321.209 262.983 1
340.007 287.174 1
343.548 367 1
372.339 376.03 1
429.273 413.092 2
129.29 324.663 1
150.858 362.82 1
128.637 402.38 1
68.2367 407.494 1
337.95 308.234 1
384.69 267.036 1
293.752 206.702 1
204.25 294.315 1
438.865 149.918 1
499.585 196.546 1
381.892 140.335 1
304.716 112.035 1
225.732 73.7664 1
221.816 94.9839 1
233.665 118.872 1
174.169 81.1266 1
120.093 83.2737 1
80.7496 86.2574 1
365.574 318.961 1
261.844 260.268 2
266.933 341.116 2
247.703 338.401 6
78.9249 256.134 1
56.6865 262.643 1
355.626 511.344 1
362.162 519.308 1
105.634 434.306 3
132.045 472.518 1
536.049 123.601 1
385.803 118.606 1
319.008 195.942 2
477.643 483.55 1
406.387 473.521 2
377.744 513.211 2
160.412 159.591 1
363.344 450.299 2
360.787 186.045 1
321.093 269.165 2
361.438 317.659 3
259.084 269.166 3
364.676 372.891 1
377.941 418.614 2
174.812 386.117 1
200.26 446.191 1
433.66 309.966 1
172.69 392.637 1
183.518 409.722 1
428.357 303.455 4
169.458 181.19 2
288.948 441.717 2
324.388 492.593 1
496.359 264.964 1
333.848 69.3045 1
305.42 160.859 2
284.034 142.709 4
322.324 211.3 1
221.904 91.3965 2
321.595 238.297 1
194.381 93.765 1
272.849 209.75 3
281.643 261.551 1
308.177 298.801 1
216.979 225.483 5
133.027 175.532 2
204.941 348.919 1
387.221 115.027 1
144.165 401.803 1
398.978 148.037 3
391.357 422.466 1
378.73 448.18 1
349.354 432.432 1
372.591 488.836 1
298.27 482.77 2
275.672 153.506 1
326.03 361.317 1
301.345 338.231 3
344.745 465.879 1
197.204 440.004 1
473.367 221.61 1
357.519 48.8339 2
362.842 79.325 1
366.624 245.447 6
505.628 367.525 1
443.596 187.865 1
381.784 43.7371 1
476.816 331.046 1
509.956 479.478 1
372.668 81.3979 2
337.021 87.2018 1
278.669 129.671 2
362.952 407.733 1
337.541 353.483 2
338.232 454.069 2
270.636 262.838 1
218.818 215.754 1
158.691 83.7247 1
140.881 250.246 1
128.17 481.705 1
128.87 522.209 1
128.265 565.28 2
442.452 68.9473 3
438.12 424.742 1
254.973 556.349 1
291.594 88.8082 2
292.255 117.318 1
399.632 220.262 1
365.516 302.77 1
313.313 253.443 1
271.453 150.58 3
234.32 78.4766 2
256.086 132.416 1
352.201 441.285 2
334.262 470.415 1
337.996 506.898 2
338.844 524.394 3
163.705 117.102 1
194.761 361.82 4
178.073 404.049 2
199.62 474.579 2
396.655 74.9168 1
386.562 129.722 3
368.812 147.623 1
346.308 80.7995 1
474.972 297.509 2
446.268 417.513 1
397.09 333.59 1
382.952 61.0143 1
378.521 494.003 1
367.773 354.738 2
287.444 575.359 1
268.018 238.369 2
245.171 169.032 1
241.419 177.127 3
210.212 480.251 1
194.972 273.579 3
186.25 53.4507 2
155.715 80.6418 1
154.74 571.433 1
132.785 67.7017 1
130.917 534.453 2
130.503 552.917 1
126.8 456.631 2
453.744 38.0285 3
447.627 168.212 1
447.882 292.708 3
442.612 561.31 1
435.981 498.914 1
316.778 65.6398 2
202.142 430.775 1
186.83 333.541 3
120.615 456.827 1
124.993 565.112 1
418.763 387.174 2
346.27 40.9294 1
323.614 95.5755 1
278.854 454.808 1
344.346 107.953 1
340.247 278.994 1
327.183 472.732 2
305.103 338.359 1
274.651 496.856 2
267.592 218.144 2
256.245 127.066 1
250.033 47.8319 1
177.731 335.148 1
171.003 538.808 1
507.79 33.0328 1
247.492 448.699 1
235.771 233.402 1
445.96 387.085 1
343.614 413.475 1
386.726 62.1074 1
276.884 297.275 2
222.848 320.957 1
171.17 454.495 1
130.215 549.5 1
232.635 54.0578 2
165.894 172.303 2
151.587 128.877 1
113.058 251.155 2
99.9676 229.991 1
108.555 174.483 1
434.31 509.87 1
442.198 386.883 2
340.16 413.473 1
357.855 107.626 1
312.237 65.6299 2
253.464 181.58 3
124.189 454.45 1
417.946 400.262 1
413.514 410.775 1
235.026 156.306 2
382.974 383.658 1
303.136 420.647 1
402.534 91.8815 1
338.534 266.259 1
243.486 457.065 4
243.54 181.978 2
262.066 122.831 1
442.696 233.816 1
232.926 430.173 1
161.013 424.144 2
158.947 285.979 1
143.227 201.519 1
156.484 178.284 1
433.218 536.008 1
435.493 436.521 1
333.651 531.037 1
373.709 371.23 2
337.65 421.696 1
418.952 203.691 1
372.27 91.0829 2
287.073 209.861 1
200.673 324.004 1
442.926 393.033 4
330.218 210.746 1
281.258 158.85 2
427.392 330.375 1
197.366 248.617 1
227.843 148.944 1
218.39 487.859 1
429.982 168.115 1
341.027 257.082 1
230.375 330.923 1
309.684 133.556 1
251.37 157.983 1
205.605 454.898 2
551.641 384.82 1
338.289 489.273 1
355.668 217.953 2
341.972 227.26 3
457.2 506.22 1
314.711 430.173 1
269.589 435.943 1
211.739 437.714 1
459.121 233.021 1
357.304 295.703 2
359.549 269.038 1
340.264 156.629 2
267.386 196.766 1
277.743 168.116 1
271.019 168.969 2
299.12 111.583 1
439.162 455.104 2
480.582 287.206 7
354.572 292.719 1
420.714 223.344 3
215.764 303.582 1
435.385 214.883 2
219.667 325.19 2
332.028 131.967 2
342.407 251.809 1
411.77 188.967 1
252.895 186.981 1
206.919 215.755 1
258.724 152.808 1
142.754 144.04 3
387.043 222.28 1
361.06 252.374 2
256.909 534.607 1
414.237 356.176 1
200.845 422.676 2
199.854 144.501 2
550.45 459.077 1
531.738 381.567 1
461.243 396.379 1
266.646 429.925 1
173.488 445.176 1
346.084 284.309 2
125.472 297.736 2
206.328 249.776 3
192.431 221.9 2
75.6853 208.903 1
452.599 161.965 1
380.966 450.712 2
163.493 168.337 2
274.426 413.308 2
137.393 311.908 2
352.124 158.337 1
104.759 190.58 1
434.291 284.154 1
159.43 295.495 1
362.724 305.594 1
431.478 124.9 1
365.519 132.003 1
441.08 133.229 1
276.66 197.796 1
356.97 196.245 2
477.495 201.54 1
515.716 201.474 1
149.857 219.131 2
484.738 235.145 1
567.012 336.787 1
33.6455 426.598 1
367.128 472.424 1
47.8454 404.37 1
66.3004 210.448 1
340.362 298.695 1
161.638 367.801 1
553.026 363.196 1
118.435 392.898 1
60.4651 274.986 1
159.465 163.649 2
140.827 353.521 1
552.237 125.124 1
540.15 132.925 1
45.5287 187.866 1
69.0817 272.811 1
400.455 386.947 3
421.503 388.464 2
378.77 415.015 1
163.729 401.394 2
539.75 137.438 1
435.527 153.145 3
508.002 335.437 2
358.326 319.5 1
213.6 267.445 1
278.415 323.38 1
372.109 493.875 1
359.519 182.186 1
309 165.168 2
430.566 270.783 2
225.567 199.235 3
108.744 147.805 1
179.809 199.051 3
360.418 287.9 1
75.8151 266.472 1
131.305 307.381 1
68.6921 316.481 1
349.493 477.158 1
530.815 136.386 1
452.782 331.457 2
501.952 388.474 1
383.855 411.623 1
262.996 309.289 1
433.167 212.603 2
120.296 341.535 1
167.399 168.196 1
496.137 200.765 1
230.188 122.831 1
424.411 289.025 1
129.931 217.062 1
227.795 367.776 1
221.896 492.147 1
362.018 175.6 1
254.155 310.636 1
225.012 412.369 1
351.278 386.542 1
299.346 351.087 1
201.648 153.761 2
368.965 485.394 1
183.635 341.613 1
314.234 100.671 1
277.939 132.656 1
200.905 91.7864 2
279.514 264.277 1
148.466 102.508 1
305.97 312.931 3
341.852 454.163 1
227.311 361.988 1
114.027 239.228 1
207.951 359.737 1
271.427 138.423 1
437.622 441.045 1
396.849 416.268 1
376.675 450.425 1
221.623 410.142 2
256.775 478.788 1
316.35 367.145 1
361.276 433.801 3
290.161 348.668 1
346.55 51.4394 1
209.97 113.039 2
186.689 339.765 1
164.33 419.477 1
332.875 88.8458 1
371.557 239.414 1
331.307 225.453 1
280.468 144.054 1
348.986 280.794 2
228.496 171.377 2
267.11 264.123 1
204.28 356.135 1
234.759 486.885 1
208.882 488.168 1
403.44 415.988 1
374.213 485.517 1
182.868 190.803 2
193.976 283.701 1
218.339 403.776 1
242.784 115.427 1
265.926 154.105 1
295.279 260.863 1
318.879 364.883 1
341.832 322.466 1
293.661 540.73 2
185.456 82.3734 1
266.588 474.543 1
249.494 427.205 4
190.135 195.109 1
276.593 564.193 1
213.855 396.517 1
350.849 411.46 1
316.182 556.071 1
223.19 188.527 1
204.642 120.405 2
154.925 83.8013 1
391.826 552.524 2
206.864 103.599 1
357.954 66.4954 1
335.319 284.603 1
311.543 259.655 2
339.019 445.997 1
261.423 151.155 2
278.953 339.381 1
486.013 39.1499 1
470.514 178.115 1
440.732 341.264 1
318.333 156.342 2
242.548 462.826 1
189.334 353.017 1
186.139 498.456 1
176.796 82.5878 1
439.105 417.172 2
378.883 150.989 1
354.462 129.187 2
320.15 548.749 1
289.984 159.106 1
282.234 575.01 1
268.984 471.506 1
252.588 205.134 1
240.87 224.286 3
235.38 329.996 3
204.316 480.232 1
155.883 473.328 1
143.875 116.857 1
439.877 167.72 1
352.724 142.158 1
318.904 212.591 1
305.2 135.038 2
324.508 451.348 1
319.635 473.552 1
297.695 63.7012 1
249.428 128.11 2
254.344 240.719 2
233.967 44.6448 1
476.167 153.622 1
432.384 67.8553 3
358.69 243.829 2
256.993 451.322 1
190.669 480.764 1
148.546 202.148 1
473.539 59.1028 1
317.395 547.108 1
317.064 354.924 1
346.482 120.078 1
238.655 450.837 6
219.213 319.508 1
147.189 110.662 1
246.091 70.6759 1
387.005 523.77 1
330.185 92.2943 1
332.575 525.308 2
316.549 476.134 1
327.997 265.971 1
253.078 124.199 4
351.213 238.976 1
240.5 444.393 2
370.359 85.7852 1
176.031 398.82 3
155.584 443.16 1
285.818 95.2668 1
195.262 242.829 5
229.858 153.003 1
421.39 344.021 1
352.119 271.822 1
296.17 240.765 1
300.713 187.717 1
168.121 344.091 2
188.201 266.943 1
184.512 187.602 2
214.751 79.7804 2
146.014 134.534 1
240.768 440.921 4
232.247 328.484 1
233.005 152.019 1
303.207 348.027 1
333.798 258.003 1
242.72 423.176 1
234.806 238.831 1
204.87 146.127 1
235.465 438.333 2
275.178 221.187 1
317.143 129.735 1
156.65 119.63 1
151.845 94.921 1
437.674 493.262 1
232.064 471.581 1
265.014 163.425 1
425.338 356.879 1
430.858 337.171 1
377.41 337.255 1
334.201 243.203 2
151.301 481.589 2
219.465 219.77 1
413.009 301.128 1
420.711 110.709 1
141.16 317.299 1
158.845 116.408 1
379.806 339.532 1
400.796 312.663 1
240.795 302.398 1
209.654 192.401 1
132.35 265.73 1
313.178 106.044 1
439.707 437.822 1
459.821 342.38 1
279.616 426.827 1
172.676 449.409 1
144.471 316.944 1
208.751 227.624 1
346.85 126.359 1
86.9037 428.678 1
226.911 429.613 1
440.91 303.489 1
184.206 272.491 1
320.11 285.603 1
202.011 426.232 1
414.858 469.321 1
173.761 463.981 1
460.969 387.609 1
433.604 364.539 3
339.67 319.667 1
557.34 253.931 1
545.67 255.46 1
40.8817 368.813 3
145.229 320.9 2
36.687 320.689 1
411.23 228.795 1
122.362 249.958 1
501.619 145.251 1
358.143 118.295 1
302.869 283.696 1
173.124 215.746 2
182.035 305.263 1
84.3824 223.523 1
331.275 290.103 1
208.17 277.798 1
366.18 322.461 1
361.618 402.908 1
110.371 233.127 1
485.042 238.592 1
156.748 264.818 1
374.362 269.101 2
181.167 314.556 1
567.434 341.461 1
42.2557 361.094 1
573.771 362.269 1
181.434 319.753 1
223.539 294.372 1
40.8738 260.447 1
117.599 396.614 1
63.9323 197.477 1
426.924 410.244 1
185.882 412.196 1
552.682 339.842 1
135.851 333.185 1
221.76 290.035 1
347.919 327.793 1
138.198 357.922 1
496.92 217.919 1
453.731 328.03 1
429.302 406.985 1
136.483 346.855 1
351.59 323.214 1
176.051 276.821 1
277.566 226.716 1
380.685 434.459 1
502.217 384.982 1
171.785 389.528 1
410.717 287.458 1
210.992 398.663 1
286.102 470.999 1
393.887 372.8 3
240.05 105.24 1
392.114 415.888 1
343.723 291.956 1
290.138 263.279 2
249.196 253.712 1
246.656 200.983 1
283.425 477.417 2
430.39 153.775 1
355.273 303.569 2
223.389 229.618 1
369.122 427.251 1
186.705 371.225 1
346.129 463.012 1
301.385 376.682 1
419.436 262.154 2
178.886 179.046 1
160.697 522.508 1
157.302 533.116 1
431.778 151.055 1
310.074 247.521 2
143.939 113.012 1
189.15 420.857 2
250.615 140.217 1
428.084 113.405 1
414.638 66.9627 1
387.895 182.589 1
356.881 39.8387 1
377.635 523.348 1
294.401 279.041 1
311.947 568.012 1
224.107 393.931 1
156.967 451.295 1
357.709 144.379 1
275.699 491.9 1
310.209 421.552 1
355.945 338.515 1
258.47 470.864 2
400.227 89.4985 1
341.99 282.145 1
274.952 250.173 1
207.346 163.334 1
391.63 125.835 1
412.839 422.346 1
313.58 571.216 1
272.217 453.665 1
231.174 128.309 1
159.403 491.839 1
396.534 36.4278 1
334.16 119.13 1
253.712 455.731 4
185.852 50.316 1
282.654 495.951 1
199.164 363.898 1
193.032 245.049 1
183.519 153.249 1
268.316 449.679 1
249.505 70.2304 1
249.192 455.138 2
248.595 420.052 1
420.898 419.797 1
419.404 375.857 1
235.485 456.614 1
408.278 83.9704 1
283.088 280.353 1
159.053 457.159 1
179.243 149.456 1
245.598 453.081 3
363.094 181.55 1
363.671 170.815 1
222.993 274.153 1
257.111 162.934 2
431.42 329.844 1
205.729 255.847 1
353.083 172.296 2
360.979 141.665 1
182.046 183.38 1
309.602 263.198 1
262.876 155.413 1
341.013 243.133 1
443.511 283.473 1
261.378 158.695 1
113.992 244.654 1
181.777 250.443 1
214.605 219.199 1
195.281 214.014 1
355.611 247.024 2
441.607 399.588 1
187.582 146.452 1
84.2488 419.108 1
179.988 268.854 1
365.197 212.113 1
439.874 283.324 1
532.567 340.871 1
506.73 257.625 1
479.298 223.123 1
248.725 261.085 1
314.629 200.896 1
52.5404 219.759 1
480.273 291.365 1
