5122 24487
126.6 5.08953 1
182.841 4.77057 1
363.219 5.0914 1
592.151 6.35556 1
166.76 6.665 2
121.982 9.06398 1
440.766 8.74542 1
196.781 11.2521 1
346.086 12.8252 2
22.2825 16.6155 1
132.467 15.5429 1
61.0963 16.499 1
113.085 17.7371 1
150.107 18.5287 2
201.682 18.8075 4
190.936 19.66 3
425.562 19.0218 3
106.92 22.32 4
240.192 21.4086 10
81.3164 22.7315 1
251.09 22.9038 2
264.435 23.6473 9
436.188 22.2883 4
94.953 24.2611 1
271 24.7093 1
50.8985 24.9022 1
105.669 25.6281 1
285.009 26.1854 6
514.822 25.6634 4
293.193 26.8923 8
411.4 28.1358 3
478.007 27.7418 7
300.52 28.3483 8
46.1498 30.1702 6
312.647 29.7678 1
321.617 32.0686 2
305.444 32.6083 1
70.7291 33.9637 9
513.668 33.275 3
38.6591 35.1485 1
18.015 35.9851 2
530.465 36.6289 6
108.033 37.3191 7
569.965 36.8291 1
103.287 37.7189 2
64.2433 37.5773 3
374.023 39.2047 1
24.6539 40.1314 2
54.0213 40.2255 2
292.187 39.1873 5
36.3204 41.3984 8
477.809 43.2505 1
134.474 43.3985 20
95.899 43.3442 9
422.368 45.4686 1
491.285 43.878 4
497.929 47.5786 5
26.4648 47.7481 5
308.505 49.392 2
355.204 47.823 1
192.967 47.4024 21
200.563 49.2249 1
216.264 48.7385 9
244.192 49.4683 1
271.893 48.5068 10
361.703 50.2395 1
293.604 51.0878 1
178.892 51.6203 15
573.124 52.0577 7
313.664 52.6225 9
326.146 50.6515 21
117.523 52.29 5
555.077 57.0016 5
149.15 54.813 2
382.686 55.7961 7
386.784 56.7884 4
15.5303 59.0497 2
399.569 57.9444 7
92.2724 58.7015 16
529.256 60.8173 4
104.716 63.77 4
319.318 62.4293 1
558.059 61.5062 7
12.9089 64.1373 1
495.088 65.7878 2
518.684 65.5524 22
183.13 62.995 22
391.138 63.8201 12
88.6981 68.9221 12
16.4005 71.5692 1
121.747 71.2713 7
472.121 72.352 3
519.799 73.6914 1
550.591 72.2045 8
103.838 78.5548 4
407.366 74.8208 41
424.291 80.9293 13
545.503 84.9378 7
81.3722 84.8538 7
200.578 84.9021 13
184.021 84.9467 44
182.33 87.8889 1
556.268 88.1598 11
127.363 86.8721 17
12.2994 91.0865 2
159.291 89.2325 20
151.771 92.4875 2
33.1636 92.922 1
561.057 93.041 10
407.515 88.2796 33
421.65 93.5597 10
312.721 95.5672 1
534.925 95.5126 3
60.5397 95.4728 5
178.998 97.4688 4
5.29742 97.6087 1
163.092 99.857 1
303.061 99.7085 1
18.778 100.669 2
255.894 100.625 8
528.112 99.8354 5
297.431 102.717 2
536.907 103.057 25
549.516 102.274 11
333.266 109.651 10
172.882 104.355 24
395.28 107.83 21
50.7815 108.55 15
30.5098 110.101 2
113.537 108.521 5
430.187 108.049 18
233.939 110.548 1
385.355 109.534 29
392.918 112.417 9
411.889 111.687 29
498.839 108.041 20
523.07 111.502 9
331.863 113.428 24
308.111 113.378 20
317.864 114.872 14
295.488 115.892 9
327.108 117.328 1
338.292 114.636 9
146.987 117.673 5
238.263 117.252 6
211.726 123.806 8
95.7502 123.979 4
211.018 130.977 3
158.497 139.708 17
207.065 132.718 3
481.397 135.078 8
546.738 134.779 3
231.421 133.411 9
64.1406 138.833 11
91.5556 137.458 24
403.79 139.621 1
429.448 140.131 22
224.529 145.416 14
182.354 143.982 26
201.499 143.458 39
93.4049 146.98 2
103.672 145.789 35
129.641 148.466 42
39.6238 149.903 2
58.5591 149.338 3
67.4166 150.298 18
518.073 147.215 16
541.552 150.894 15
106.796 151.065 24
291.987 152.699 5
441.335 152.111 11
112.647 153.472 4
88.3988 154.736 32
482.345 152.497 16
225.409 154.44 36
259.022 152.931 30
402.5 154.097 15
451.412 151.746 22
28.5927 158.75 6
62.7527 158.603 14
257.331 161.639 2
314.252 159.816 34
344.517 162.616 1
56.6985 160.729 12
110.642 164.022 23
217.502 163.519 30
142.418 164.965 1
153.155 164.409 4
28.9158 167.283 2
337.048 171.277 11
452.763 164.203 20
52.626 169.826 2
22.9554 170.593 3
394.606 170.615 2
148.628 170.624 34
272.381 172.792 59
19.3411 174.607 1
260.051 170.47 29
4.88817 176.121 1
72.7058 179.102 4
108.985 178.869 8
471.689 177.93 35
279.913 179.365 8
363.295 179.113 8
449.383 174.079 30
331.694 181.891 8
347.131 179.566 6
378.614 184.338 9
41.3786 183.926 13
423.983 180.187 14
248.944 182.312 13
468.392 187.505 1
507.369 186.434 3
76.8541 187.633 3
105.782 187.71 1
113.582 187.135 9
209.086 187.094 31
252.257 187.98 2
39.1254 190.325 2
58.1434 189.537 11
246.566 191.35 10
372.793 191.012 2
357.292 191.778 4
463.074 190.601 14
47.9263 193.871 2
80.214 194.713 11
476.534 193.087 17
346.709 196.411 14
384.064 195.008 30
169.596 197.366 13
110.422 201.609 9
74.4691 199.152 15
284.273 200.14 10
572.424 199.413 5
301.875 200.347 12
393.992 203.768 4
544.07 204.753 6
5.25684 206.902 1
113.254 204.637 9
415.072 206.196 5
425.834 208.512 33
441.474 207.886 16
250.928 211.679 5
367.146 212.804 16
173.491 212.911 32
452.889 212.053 8
204.809 214.033 11
22.1679 216.168 3
366.544 217.043 1
214.41 222.414 20
380.298 219.462 26
338.43 222.783 18
477.932 221.648 2
12.4036 223.02 1
450.43 219.952 32
85.3401 224.032 10
437.88 226.877 37
208.229 224.557 5
79.0384 227.244 3
341.616 225.455 14
385.729 225.749 2
239.97 225.459 32
351.762 226.427 22
213.396 229.509 20
244.033 228.015 3
277.452 225.766 17
217.316 233.207 2
438.355 232.443 14
458.099 230.522 39
115.981 235.765 11
175.509 232.826 29
402.14 231.032 39
472.505 233.842 24
407.443 231.437 39
238.816 235.793 32
273.918 238.88 3
394.067 238.847 18
252.002 242.854 26
393.332 243.001 1
79.8258 243.766 2
90.5035 243.472 1
318.051 244.133 15
494.005 245.764 2
563.345 246.26 2
386.957 249.051 22
181.976 253.983 3
527.912 254.467 7
341.821 253.41 20
207.608 253.961 28
252.467 259.388 1
283.013 258.279 26
382.451 258.178 27
85.9526 260.604 15
197.341 257.719 16
371.531 258.885 31
39.8215 261.542 5
164.208 262.061 20
308.613 261.359 16
329.044 259.957 28
340.066 261.025 7
295.657 262.515 15
78.6315 263.719 2
213.561 262.021 6
164.066 265.146 2
252.963 264.296 31
246.795 263.032 21
464.237 269.518 3
487.692 269.853 11
550.507 270.395 14
124.336 268.634 9
444.803 271.313 1
509.938 271.236 2
433.567 272.101 2
516.015 270.584 17
526.387 271.324 19
538.666 271.674 4
168.948 272.056 29
420.619 272.698 7
424.582 272.237 3
79.4725 274.569 1
92.2061 275.056 15
202.465 275.732 3
408.718 273.305 13
377.245 275.722 1
382.258 275.475 3
297.237 279.121 7
565.434 277.771 5
286.124 277.633 18
571.132 279.662 1
9.36172 280.793 1
216.438 279.754 22
560.064 281.905 1
23.6905 282.448 4
223.81 282.995 5
247.355 284.279 11
237.951 283.982 23
134.898 285.642 14
285.731 288.197 6
5.12247 290.029 1
155.364 290.802 53
234.351 291.963 4
574.702 294.803 3
75.6165 297.009 33
226.742 295.604 18
108.856 298.596 16
121.845 297.745 12
78.7167 302.047 1
60.4381 303.386 4
168.478 306.048 13
52.472 304.798 6
150.685 304.988 1
576.169 301.767 13
131.214 306.005 1
589.135 307.301 1
109.222 307.796 27
89.0701 306.407 35
101.227 310.683 12
259.885 314.671 28
539.116 313.826 1
567.429 315.151 3
116.454 317.515 6
127.674 317.076 30
506.63 317.718 2
486.375 318.724 13
463.346 321.512 1
214.936 323.79 2
416.44 322.388 20
418.465 321.593 6
134.067 324.993 15
395.523 323.9 10
402.992 322.239 18
138.733 326.323 2
268.358 323.758 17
287.241 327.94 4
117.693 330.124 27
167.108 326.701 21
593.681 331.984 1
147.503 336.91 10
503.633 333.458 31
580.651 335.206 5
534.511 333.232 27
545.308 336.609 5
517.941 338.525 2
556.96 338.403 8
136.451 338.269 14
569.443 338.814 8
398.947 342.779 11
577.022 344.834 1
230.062 345.175 6
327.143 345.502 2
248.465 341.873 13
364.377 344.964 20
22.6221 352.4 1
139.958 350.504 42
289.566 353.966 11
340.48 354.168 66
351.779 351.803 21
256.859 350.865 61
144.715 359.2 2
340 360.502 3
163.169 360.134 22
324.66 361.904 10
138.222 370.578 13
181.369 373.059 12
157.095 376.414 10
84.186 379.098 1
171.641 378.863 2
295.714 381.309 1
134.205 383.22 27
258.875 388.255 6
166.381 389.055 11
42.4631 388.653 4
158.219 388.782 31
136.104 389.134 4
261.78 390.781 1
169.002 393.681 19
157.466 397.048 10
265.292 395.997 15
21.3912 400.927 3
193.694 400.987 4
150.904 404.45 9
13.7165 405.707 2
204.718 416.879 1
150.627 421.181 4
472.638 420.775 17
482.098 422.002 15
510.418 420.816 42
495.346 424.583 6
518.218 425.764 1
199.901 428.211 22
218.582 438.103 2
158.579 441.362 29
190.863 441.423 5
278.249 445.101 3
36.1934 448.488 7
229.872 453.226 1
166.931 456.982 40
188.704 455.771 22
40.1444 462.343 3
61.0926 460.857 4
37.5434 464.853 15
184.634 467.232 20
31.09 469.513 1
239.79 470.083 28
101.555 474.172 7
219.8 476.741 2
248.602 477.892 5
28.6903 478.485 3
110.49 478.752 5
38.9595 480.549 8
219.816 483.679 3
236.723 485.809 18
220.832 488.509 12
79.4967 490.071 1
291.984 492.494 2
274.872 493.189 4
184.563 492.654 6
174.76 497.968 25
310.004 498.425 32
353.217 497.292 12
357.811 500.032 8
363.045 498.211 11
373.578 500.052 1
377.044 498.669 4
385.196 498.19 9
54.91 500.089 3
183.886 500.003 15
220.924 506.214 15
294.04 502.343 14
187.647 512.217 1
5.37662 512.726 1
223.703 513.343 7
293.721 518.318 17
324.745 516.728 6
224.6 521.142 3
110.851 522.016 9
300.579 524.929 2
328.171 524.766 1
269.567 528.102 1
225.196 531.891 7
296.059 532.169 3
331.853 533.539 2
291.557 532.918 3
297.72 536.497 3
350.467 536.265 13
333.602 541.786 3
393.672 544.306 4
181.581 546.458 10
179.629 551.094 3
398.807 548.797 1
331.816 548.757 5
336.318 548.74 14
357.104 549.959 14
18.0243 555.832 1
236.303 556.548 8
363.714 555.958 1
173.743 559.029 8
367.528 563.43 8
241.827 564.59 8
188.624 569.109 2
374.563 572.532 1
441.815 576.222 6
448.763 576.023 2
180.403 577.81 1
430.935 577.765 3
342.783 578.457 4
366.359 578.958 2
589.903 579.251 1
283.985 578.793 5
568.241 579.869 3
584.479 580.177 2
354.793 582.445 1
387.47 582.951 2
574.535 580.066 3
550.835 583.728 1
70.4415 585.282 1
276.549 585.583 1
302.801 594.197 1
458.591 5.55099 1
532.592 5.23949 1
81.9846 5.7704 1
325.719 6.07292 1
446.856 5.6201 1
7.01855 7.11391 1
171.046 7.42967 1
25.9797 7.68875 1
211.478 7.34072 1
239.02 8.08384 2
453.088 9.01193 1
127.027 10.4556 1
138.134 10.8972 2
230.135 11.1096 2
352.385 10.6496 1
47.1812 11.9203 1
505.615 12.2751 1
150.436 13.1626 1
367.541 14.3507 1
5.65361 15.3394 1
528.443 14.9764 1
581.019 14.4554 1
159.019 15.6331 2
390.23 15.6464 1
431.406 16.2225 1
172.905 16.767 1
32.7557 18.0507 1
118.176 18.2168 2
136.8 20.2679 6
348.555 20.6455 3
359.986 19.1676 1
377.412 19.4674 1
65.3631 20.1809 3
506.711 20.1535 1
56.9034 21.1589 1
222.817 22.2131 1
320.417 21.0453 1
74.1114 21.9844 6
8.42454 22.895 1
26.1907 23.2618 4
150.479 23.4299 9
183.164 23.8016 3
531.726 22.8254 1
540.943 23.1379 1
161.749 24.3426 3
208.099 24.5088 3
256.915 26.7842 4
573.774 24.6002 1
133.858 25.9894 1
233.954 25.4118 5
243.995 26.6188 4
78.5246 27.012 1
344.758 28.4648 11
546.719 26.7339 4
97.8849 28.0846 4
110.794 30.443 5
123.996 27.4588 3
276.674 28.835 6
395.428 30.5668 8
116.817 29.5914 1
53.8986 30.311 7
176.236 31.5304 5
290.562 31.8827 11
405.82 31.4523 2
450.021 31.299 1
484.153 31.0794 6
68.8676 32.3911 5
217.634 32.0963 4
332.425 32.4648 8
506.737 32.3205 2
519.255 31.9083 2
21.6345 32.4158 1
297.452 32.8303 2
10.9644 34.3739 1
58.2902 33.4351 2
589.152 33.6582 1
241.44 35.2589 8
277.363 37.5978 3
322.728 36.4391 11
30.0962 37.5117 2
489.538 38.9102 4
6.33493 38.148 2
42.5486 38.8476 7
117.834 37.4938 15
221.456 38.7347 6
186.477 38.7087 1
433.351 38.7216 1
77.4274 41.5281 4
469.902 39.6325 3
573.383 39.4526 1
336.832 42.09 8
346.134 40.8383 14
547.502 41.7804 12
58.68 41.6736 3
360.941 42.0936 2
497.474 42.0262 5
533.47 41.5508 2
66.4751 44.2747 6
107.129 44.443 15
556.232 45.3638 10
139.885 47.8325 22
470.29 47.4401 9
33.0074 48.5342 8
71.5079 48.5406 1
530.075 47.826 8
52.8873 51.872 4
170.358 51.452 13
348.435 50.86 3
208.847 51.673 6
252.58 51.9646 10
550.101 52.5647 7
74.657 52.9901 1
505.721 53.2467 4
25.5326 53.9987 3
44.5766 54.4665 3
441.496 54.2962 15
481.165 53.6348 5
184.972 54.857 7
216.651 54.5016 20
262.534 55.0062 24
358.562 55.6054 13
457.736 55.9486 14
121.225 58.2125 4
6.51221 58.0946 1
136.044 57.952 3
208.843 59.56 12
225.418 59.698 10
314.202 58.1984 24
72.7102 59.1941 9
191.013 59.7861 9
271.479 60.2529 11
463.052 59.3978 3
574.849 59.7961 4
412.225 60.2494 9
19.3871 62.0425 1
326.068 63.9047 13
360.678 62.7865 18
474.003 63.4861 3
430.568 62.5082 3
562.868 63.2742 4
443.451 64.4958 1
544.81 64.228 1
45.322 65.0013 2
525.133 65.4998 8
60.4406 67.6169 6
98.8782 70.8706 16
149.275 67.9001 26
583.622 66.4368 1
192.002 67.1671 8
69.3815 67.4725 3
504.153 69.9395 3
489.807 69.9553 1
109.674 71.3287 23
458.108 70.4807 5
511.58 70.6664 2
557.362 72.69 8
183.282 72.3108 1
27.6274 72.8591 10
78.7099 73.8115 14
97.1272 73.6784 22
43.8515 75.2723 6
151.136 75.1268 7
545.141 75.9352 8
20.5044 74.5064 1
125.914 74.6912 1
418.965 74.5457 2
436.451 75.5374 17
52.4228 78.4495 8
114.073 75.9373 6
531.742 76.4186 20
565.971 75.6955 3
494.096 77.0581 3
523.401 76.7195 12
445.956 79.5818 8
466.905 80.7849 3
479.039 80.2456 9
41.4808 80.0397 2
100.188 85.1864 22
177.701 80.8647 9
168.073 84.1526 15
150.116 83.3488 6
414.916 85.4547 12
13.2294 84.0318 1
160.497 84.5859 4
441.004 85.2779 4
535.302 86.8172 2
27.9428 88.5427 3
72.1723 87.7554 2
455.096 87.4179 4
549.692 88.5566 12
211.462 88.8857 4
327.121 92.008 13
461.949 90.5113 5
144.626 91.1507 2
493.833 92.1334 21
501.247 91.4204 4
512.558 91.4466 1
115.653 93.9576 17
176.958 92.5138 7
190.098 92.8142 14
530.178 91.602 5
560.27 93.1784 3
88.5641 94.9239 9
545.477 94.2463 4
64.9491 94.8228 2
21.8065 96.3442 1
11.4957 97.2134 1
414.757 97.3339 4
452.847 98.1678 31
459.748 100.743 8
565.675 98.6685 3
311.593 100.558 12
144.85 101.553 3
61.3137 103.76 18
68.4885 102.068 6
198.163 101.62 1
345.419 102.667 42
366.93 103.075 5
441.713 104.967 14
81.9284 105.275 15
35.1232 105.383 4
483.585 104.774 2
567.573 104.88 1
24.4257 106.323 1
182.894 110.135 18
242.826 106.477 12
455.359 106.006 7
541.768 108.594 11
300.873 108.491 24
553.114 108.633 8
13.8125 108.29 1
159.722 109.667 9
359.323 110.101 11
365.198 108.477 2
147.042 109.725 14
170.138 111.585 8
57.2 111.131 1
230.294 110.878 1
249.112 112.191 8
303.1 109.337 5
122.381 115 19
132.451 109.535 57
506.836 112.324 2
70.3044 114.362 7
395.187 119.074 28
239.908 115.38 5
267.11 116.799 18
427.659 114.853 7
7.62375 115.864 1
33.0232 116.105 3
384.883 118.861 12
436.173 122.182 44
103.485 117.259 29
288.013 117.441 7
521.284 121.535 11
154.961 119.091 17
408.831 120.745 12
534.022 118.715 2
108.453 121.528 11
332.973 122.957 28
491.705 121.298 5
140.193 120.811 2
262.533 121.795 8
311.547 120.514 21
11.8806 121.605 1
462.087 123.267 50
66.3233 123.974 1
130.352 124.089 6
498.563 123.646 20
482.039 125.459 12
57.6691 124.803 17
291.653 126.328 20
350.6 130.425 6
509.076 125.161 27
516.651 128.759 6
320.411 128.301 6
155.758 130.131 30
488.02 128.529 1
132.328 131.374 14
8.33962 131.56 1
73.7939 133.839 6
428.216 133.05 7
97.0624 133.017 16
414.16 138.575 19
465.7 135.136 38
153.128 135.981 3
171.854 135.161 31
224.622 136.148 16
492.347 134.498 9
37.9398 136.256 1
539.401 135.957 1
304.263 138.317 11
333.103 137.745 3
510.068 138.667 9
122.687 140.662 6
241.558 139.928 12
530.719 139.586 5
100.358 141.213 4
109.219 142.542 8
209.109 141.661 5
553.027 141.526 1
169.38 144.584 32
218.023 144.268 7
472.146 141.835 40
243.943 145.381 11
147.942 147.683 12
252.963 145.234 16
476.864 145.501 1
514.347 147.838 5
436.303 147.755 5
449.082 145.302 11
455.85 147.286 2
490.446 148.188 10
84.1505 149.057 5
304.215 148.147 3
137.713 149.309 2
234.376 149.481 24
177.806 152.213 48
269.224 149.993 28
188.877 152.754 9
198.792 150.855 1
203.821 152.427 7
420.451 151.223 5
481.663 151.599 6
97.7178 152.4 9
257.978 151.546 2
278.339 152.262 2
330.601 153.829 9
525.786 153.071 4
77.0776 155.24 6
160.001 155.439 21
410.943 154.372 11
532.017 154.545 8
559.652 154.231 1
41.1367 155.216 11
425.59 156.249 8
307.366 155.669 5
545.62 157.62 16
184.062 158.919 10
197.242 158.666 26
243.331 158.973 11
325.515 157.853 3
70.2801 160.779 18
104.807 160.106 12
14.1618 159.831 1
171.59 160.4 16
486.734 160.226 14
512.714 159.806 4
526.081 160.386 5
94.7177 161.242 2
213.023 163.579 12
123.804 164.539 12
146.35 163.472 2
351.504 166.595 32
33.4833 165.434 6
318.433 166.668 24
385.388 169.727 17
310.39 167.619 8
171.751 168.286 9
400.886 166.837 17
105.001 167.745 2
136.345 169.182 15
225.18 172.366 23
425.59 168.556 5
566.774 168.311 2
60.1721 169.751 11
146.851 169.183 5
155.467 169.049 3
367.898 166.902 26
375.167 170.592 3
413.874 170.194 26
10.782 169.018 1
351.344 171.871 7
478.002 171.755 27
46.0347 173.137 23
256.528 173.05 4
434.196 175.506 5
24.7867 176.67 3
70.8733 177.429 11
403.629 176.81 7
35.2791 176.127 1
51.4046 177.116 6
411.538 176.594 4
462.518 179.113 14
522.811 177.626 10
152.795 178.671 13
268.37 179.812 3
314.673 179.27 18
200.046 180.303 7
454.13 182.441 17
337.927 181.739 10
434.289 181.462 9
6.99033 181.975 1
352.101 182.074 5
33.9284 183.095 1
47.8492 183.517 9
366.303 186.159 17
64.1162 186.976 8
256.698 186.844 24
514.683 185.317 5
522.403 185.034 2
265.945 190.612 30
395.601 186.244 6
317.532 187.582 5
379.655 189.841 35
422.613 188.019 3
173.164 188.948 29
472.731 192.907 30
122.036 190.305 7
352.929 194.211 13
587.831 190.969 1
25.1357 192.463 3
101.743 194.158 15
70.2212 193.973 2
440.054 196.818 10
296.631 194.14 35
419.245 195.174 5
454.536 195.025 16
570.404 196.489 4
579.214 196.268 3
73.771 196.343 1
391.18 192.385 10
538.154 197.423 3
39.9763 197.314 8
215.507 200.674 40
64.6921 200.079 5
92.597 199.791 7
400.992 201.207 11
177.651 201.461 32
477.411 202.142 20
53.8028 202.731 4
233.481 204.441 13
295.197 203.503 15
11.133 203.819 1
567.691 204.901 2
72.81 207.835 7
279.681 211.037 28
550.485 204.897 8
572.491 206.322 4
57.5596 205.896 1
213.717 207.515 14
267.695 207.245 10
390.839 209.855 23
374.368 207.852 2
393.366 209.53 3
451.692 208.28 6
174.137 210.134 1
230.406 208.331 2
413.112 211.776 7
63.0101 210.234 9
474.487 213.008 20
33.1682 212.068 8
284.777 213.175 1
400.705 213.579 7
266.891 213.561 12
305.393 216.483 48
491.626 214.941 11
58.2764 214.696 1
406.209 214.982 5
38.7595 216.993 2
255.099 217.623 33
318.628 224.395 30
111.595 219.093 5
236.35 216.302 4
204.235 219.769 5
370.477 223.086 7
471.727 220.85 9
484.007 219.815 18
72.184 219.165 7
21.7305 223.042 1
310.972 223.754 5
101.015 223.781 1
187.704 223.558 45
328.08 228.187 32
417.675 224.346 10
490.966 225.905 15
283.234 226.453 5
222.024 228.627 34
270.08 228.267 18
334.253 227.457 1
375.561 229.364 15
445.031 228.403 11
206.219 229.949 3
229.555 229.613 22
423.288 230.097 3
497.513 229.541 2
194.811 229.105 16
343.733 231.628 20
6.56473 230.666 1
39.8747 231.03 5
72.9422 232.929 19
326.335 230.509 5
48.8722 232.39 1
311.69 231.955 10
243.415 234.2 27
386.704 232.824 3
583.968 233.502 1
282.8 235.742 20
305.112 237.995 14
193.086 236.275 21
203.237 236.484 8
211.8 237.473 10
7.83119 237.529 1
224.554 239.088 21
533.85 237.68 1
590.294 237.684 1
572.164 240.6 4
404.508 242.253 24
410.986 240.858 10
199.019 241.088 3
558.768 241.188 2
258.5 241.406 3
351.293 243.557 10
370.333 243.04 8
10.3053 244.222 1
269.918 244.18 4
206.881 244.47 8
224.587 246.261 4
231.711 247.571 8
555.878 246.189 2
396.261 248.564 8
541.473 248.938 17
245.388 250.13 3
87.2968 250.937 7
187.446 249.9 3
550.385 251.296 1
27.4233 252.572 4
204.231 253.62 6
538.099 252.949 5
275.093 255.686 13
48.1824 254.825 4
56.2197 255.257 6
268.468 255.42 7
185.368 258.109 6
537.711 259.146 4
213.64 259.334 6
172.83 263.651 25
202.563 263.065 2
500.447 264.717 1
557.707 268.282 17
543.096 265.534 9
8.94339 268.044 1
132.978 270.347 22
183.54 267.439 13
221.591 268.314 26
168.371 271.741 6
144.825 272.598 28
567.337 268.25 3
194.734 271.683 23
89.3718 273.549 2
38.84 274.619 1
218.592 272.277 18
99.5533 278.213 4
128.474 279.905 7
529.946 278.018 12
27.793 278.353 2
415.537 278.258 9
64.9974 281.396 14
169.597 280.39 10
400.223 279.458 8
83.4648 279.931 4
145.683 283.515 9
460.558 282.874 8
158.314 285.867 10
312.345 284.441 4
90.6682 285.347 10
181.192 285.649 8
295.559 287.744 20
268.841 286.779 8
218.984 287.904 23
553.579 288.408 5
82.9636 287.252 14
131.372 286.025 16
484.536 289.639 10
502.606 287.998 2
508.569 287.666 1
98.4666 287.772 10
233.284 289.186 1
495.327 288.712 2
254.606 290.057 20
354.755 290.48 17
542.707 289.051 6
310.296 291.335 6
281.739 294.572 11
6.71113 295.108 1
294.541 295.746 12
144.567 299.68 43
180.091 301.717 14
237.607 300.748 53
263.382 300.398 61
85.5498 302.167 10
24.2885 303.543 2
123.732 305.782 22
27.9683 304.394 5
65.2498 304.978 7
117.58 305.894 8
160.743 308.25 4
55.5431 309.805 12
45.614 309.835 5
570.311 310.479 2
581.711 311.316 3
145.558 312.712 10
251.112 312.599 7
267.473 313.963 16
107.878 318.266 6
50.5548 316.918 5
29.816 317.776 6
78.9766 317.242 2
93.6418 317.229 15
591.905 317.253 2
64.3064 318.423 6
101.347 319.48 11
142.663 322.105 21
566.436 321.272 6
586.633 321.402 1
502.625 322.317 11
573.744 322.747 1
21.2406 324.355 2
467.828 324.381 9
291.486 325.536 2
27.5701 327.051 3
69.6311 327.085 27
328.893 327.368 6
431.582 326.723 5
125.03 326.885 4
415.499 331.562 17
107.861 329.33 7
372.343 332.171 30
396.37 329.893 24
267.186 333.121 15
485.431 333.756 45
89.5342 332.461 10
253.026 333.193 10
474.081 334.932 20
492.78 334.033 19
574.204 332.332 1
465.739 335.886 24
501.907 333.136 1
68.3948 335.371 13
587.64 335.092 1
115.758 335.721 2
144.18 336.013 4
279.421 338.114 17
292.939 337.329 2
508.984 341.602 33
524.876 343.307 8
503.867 339.629 2
577.426 339.553 1
445.534 345.464 32
549.62 343.824 12
561.806 343.169 4
432.965 346.959 50
569.327 345.114 3
287.803 345.876 4
423.487 345.146 2
171.899 347.183 23
300.31 346.571 20
404.042 353.554 38
411.835 349.766 10
393.31 348.926 13
518.782 348.008 2
529.921 349.4 11
582.781 348.825 1
310.545 353.349 29
332.675 352.807 6
104.638 352.542 2
364.928 360.152 21
162.263 356.432 6
262.903 355.228 16
299.24 355.413 17
452.551 355.928 3
281.703 353.806 24
360.193 358.103 6
346.271 359.533 20
40.8998 362.28 14
182.707 359.596 2
487.882 360.331 5
168.325 361.374 6
332.993 367.151 34
479.342 360.648 1
176.482 360.94 28
263.369 364.789 9
453.782 366.602 16
457.855 364.797 6
391.642 364.901 3
149.473 366.154 13
16.2455 367.555 2
31.2906 371.402 6
42.714 371.182 1
49.3563 372.459 9
150.707 374.6 10
168.993 372.272 17
20.1458 373.773 1
144.042 374.149 4
310.154 375.009 1
62.1987 379.982 26
74.7418 376.723 6
323.138 376.596 7
14.7276 378.723 1
148.109 379.213 5
176.895 382.686 30
300.708 380.561 1
8.19612 382.488 1
111.513 384.33 2
80.2787 385.949 34
170.92 385.299 10
296.032 386.062 10
146.973 389.045 9
11.8358 391.37 1
486.29 391.455 11
587.719 392.106 1
141.472 394.461 45
39.9138 397.21 12
129.553 396.659 16
179.998 399.955 28
27.2107 400.007 6
164.863 399.026 9
91.6257 401.245 3
470.819 402.703 13
5.84914 404.124 1
130.889 402.705 10
477.733 403.334 10
465.522 412.009 13
500.992 407.214 14
52.2277 408.944 1
9.77298 409.63 1
123.344 408.82 17
451.342 410.654 15
47.2812 414.248 6
78.187 413.916 1
132.62 416.146 27
31.1672 417.112 1
456.121 419.214 12
143.057 417.069 12
428.199 417.93 2
517.9 420.282 7
413.623 419.871 10
157.737 420.366 22
404.506 422.229 1
172.729 422.997 5
465.044 423.513 12
163.346 423.937 7
383.62 424.146 2
392.113 424.921 4
95.9564 426.738 4
474.842 427.059 13
487.248 427.389 2
59.8527 428.418 3
114.426 430.296 6
494.403 432.609 22
514.286 431.822 8
207.213 431.64 1
128.81 435.052 1
50.6251 436.441 2
151.093 436.417 6
164.623 436.908 2
24.7377 438.253 10
159.126 438.824 1
225.174 439.166 5
197.899 444.504 16
72.3152 443.064 1
169.327 447.149 11
115.702 445.784 2
210.494 447.253 3
147.61 447.78 10
17.8981 450.458 2
45.7177 452.135 1
157.477 451.586 3
37.7438 453.184 1
147.173 453.809 3
136.147 454.722 3
4.91502 455.282 1
145.042 459.035 5
199.971 457.999 1
23.0645 461.21 5
89.8528 461.693 1
170.557 461.556 1
45.806 463.078 3
65.7597 464.792 12
143.667 463.798 2
185.497 464.227 3
97.3044 465.063 1
26.2325 466.468 1
149.842 469.141 11
192.771 468.532 10
70.0127 470.148 1
36.1431 473.663 8
122.543 473.99 20
15.2627 474.494 2
179.281 475.247 19
191.573 476.611 5
49.7347 480.791 3
95.4798 481.142 6
246.102 488.846 21
110.839 483.518 1
172.25 486.932 46
226.571 487.294 27
42.4147 488.829 11
165.535 488.06 4
191.277 488.461 15
20.746 489.465 2
36.9731 490.306 6
72.8475 492.527 7
92.0437 490.815 4
111.478 490.662 5
245.571 494.328 7
138.763 491.713 8
70.5488 495 2
86.8204 495.233 1
32.3235 496.812 1
131.963 500.254 5
170.738 498.551 2
141.523 499.886 1
265.377 501.317 4
61.1425 501.744 5
227.061 502.461 6
25.581 502.422 6
301.224 506.152 15
521.478 506.456 18
112.673 502.803 6
315.445 506.788 23
333.432 507.813 13
66.0208 507.262 1
139.996 506.529 9
98.6287 508.318 1
197.448 510.516 4
328.667 511.905 8
261.011 513.578 3
338.188 511.744 1
417.007 511.552 5
204.014 514.052 3
78.5538 515.293 1
229.516 515.803 14
132.769 517.608 5
192.24 516.529 4
9.34277 517.665 1
56.9398 518.968 7
303.117 519.342 7
382.201 519.07 2
109.371 519.695 4
345.081 519.945 5
520.599 519.863 1
587.485 520.36 1
151.515 521.909 5
333.423 523.958 21
163.028 522.532 7
572.124 524.056 3
563.573 525.058 3
229.395 525.156 1
118.008 526.025 1
156.55 525.781 1
557.393 527.771 7
350.321 527.219 23
546.838 527.778 6
186.377 530.408 19
304.229 528.86 8
534.055 528.889 1
391.196 530.663 12
47.8474 533.059 1
133.849 534.26 4
230.861 533.091 1
421.494 533.038 32
505.878 532.887 2
337.337 533.789 21
494.754 533.972 7
39.8441 536.125 1
158.546 536.2 3
472.882 537.307 7
481.538 535.693 2
589.718 535.624 2
5.78187 536.932 1
113.993 536.699 5
463.469 537.263 4
396.598 538.29 4
253.732 538.857 9
445.822 538.859 4
359.563 541.973 10
79.6576 540.837 2
424.503 541.616 10
10.8693 543.039 1
159.268 542.874 2
340.57 543.619 9
174.814 545.576 2
127.343 549.689 6
155.823 546.563 1
205.274 547.743 4
289.721 547.885 1
240.157 549.902 3
166.003 550.828 2
189.289 550.946 11
141.008 552.695 8
104.273 553.041 9
68.5534 554.259 2
343.548 555.943 9
113.862 557.143 7
129.015 557.18 2
369.423 556.841 3
122.342 557.633 7
147.613 558.214 1
180.421 559.96 7
585.564 559.473 1
66.2653 563.116 12
561.454 566.062 8
184.498 567.38 2
56.9678 569.163 5
70.6774 569.426 2
204.421 568.447 1
378.272 569.393 1
546.761 569.284 4
33.7988 571.391 4
245.985 572.162 7
64.5276 572.339 4
582.812 573.333 1
187.454 573.627 2
117.535 574.586 1
504.367 575.004 1
556.169 573.786 5
59.3996 577.889 1
477.684 578.299 1
468.376 578.976 1
75.2946 580.067 1
429.085 582.408 1
181.447 582.757 1
171.695 583.749 1
202.882 584.472 1
365.415 583.965 1
381.28 583.976 1
8.40783 584.404 1
283.143 585.123 1
579.995 585.321 1
166.305 588.331 1
60.4997 589.759 1
169.733 590.511 1
359.882 591.373 1
541.163 592.159 1
527.132 593.098 1
74.1457 593.886 1
509.681 31.6942 1
199.667 32.8069 4
15.9577 42.5791 1
161.686 43.0407 15
44.3806 47.2372 6
152.204 48.0722 4
304.677 54.1471 15
417.235 64.6714 16
133.24 103.875 8
97.9053 104.522 18
232.571 130.269 1
43.5497 136.831 10
105.95 174.775 20
407.65 185.794 31
445.041 186.752 41
279.937 211.732 6
387.498 215.174 14
450.954 219.842 1
93.6411 222.025 23
85.7854 236.681 28
225.154 259.049 24
76.604 285.531 5
8.60305 287.508 2
25.6311 291.352 11
49.065 292.784 3
542.659 334.294 3
81.9146 336.498 8
157.644 336.209 16
137.739 339.07 1
114.443 341.872 15
246.035 351.555 8
60.1538 412.256 7
43.2325 441.345 25
246.408 512.853 5
373.882 517.708 5
265.3 555.773 9
41.3713 10.9294 1
207.137 8.89484 1
266.823 24.7462 1
42.7598 30.0757 1
320.332 28.951 5
334.538 32.5204 4
20.5104 46.2016 2
233.324 46.8556 9
258.895 48.0241 8
273.932 47.8892 2
115.286 50.5498 3
322.179 50.1144 8
181.939 60.1372 6
13.7944 74.1667 1
433.781 81.3607 19
435.242 95.4119 9
167.017 104.497 8
504.175 102.693 12
142.2 115.312 10
254.102 122.541 15
451.464 152.337 7
361.215 157.604 17
134.795 158.429 21
450.885 176.986 1
284.287 181.202 5
71.3978 183.05 16
245.643 196.76 43
429.021 208.525 2
312.242 208.782 25
445.264 208.692 3
325.424 212.918 27
175.934 215.264 2
416.456 216.865 8
277.12 224.46 1
357.989 223.633 6
437.309 229.672 3
459.447 231.4 4
108.206 235.457 6
410.562 234.185 1
75.6173 235.431 2
263.457 238.104 12
494.13 240.345 11
243.392 244.312 2
248.205 244.168 4
77.7762 251.578 33
170.774 250.88 22
136.172 256.353 18
532.362 256.871 6
328.878 261.16 1
548.005 261.242 10
494.699 268.555 18
20.263 278.996 1
262.49 281.805 28
124.945 291.277 11
169.918 293.375 29
77.2246 299.008 1
71.1158 317.779 11
227.943 316.333 18
435.2 319.537 23
450.391 336.198 19
572.098 337.743 1
246.841 339.783 5
379.933 343.34 24
313.731 356.88 2
327.468 358.368 2
19.1141 359.957 1
42.8475 365.131 2
177.982 363.33 1
61.2611 367.658 5
135.255 386.654 1
485.603 420.317 13
54.43 429.959 9
240.417 477.015 5
25.9175 491.066 1
220.468 492.813 2
241.64 497.673 13
311.002 495.394 8
183.511 500.064 1
293.339 502.827 2
222.691 510.284 1
295.803 521.359 1
328.844 531.329 1
306.583 544.986 16
499.592 568.506 2
483.953 570.619 2
306.048 572.956 1
444.366 575.513 1
359.971 578.264 1
29.826 11.1519 1
50.5248 14.5528 1
128.662 13.3884 1
531.842 13.4539 1
140.822 18.2162 2
362.229 25.9638 4
164.581 29.5597 1
346.859 27.469 1
512.79 27.9241 1
203.611 30.4818 2
98.0687 31.2974 1
72.0217 34.0712 1
132.892 35.1773 2
293.52 35.2678 1
82.7083 43.3415 1
64.0761 46.4468 3
561.02 45.4212 1
106.909 47.9107 4
484.675 54.0657 1
26.0475 57.5187 1
508.778 57.2257 1
551.327 58.1993 3
195.961 64.8661 2
206.949 63.9967 2
227.931 64.0867 3
253.869 64.4054 3
274.689 65.4243 1
308.186 67.8253 1
330.572 67.8694 2
528.58 67.8741 3
99.827 70.8903 3
114.266 70.5829 4
67.0991 72.9277 12
460.079 72.6406 1
34.1943 76.1621 1
83.087 75.5064 6
561.971 76.2578 1
52.1672 84.5304 8
123.911 82.9417 12
17.7318 85.5833 1
98.8711 90.0839 11
414.747 87.8779 3
30.121 92.1746 1
552.524 90.9931 1
195.838 93.5243 2
509.463 95.6066 9
14.9073 98.6325 1
46.7943 104.674 8
245.174 107.679 19
377.839 106.972 14
444.242 106.824 14
459.163 109.232 33
183.519 112.384 1
542.161 111.02 7
160.248 115.193 12
369.612 117.241 6
267.852 119.157 1
394.94 120.47 2
431.23 121.011 2
313.367 123.97 1
334.228 124.838 1
412.867 124.472 4
524.865 129.479 27
13.7194 132.384 1
88.3501 130.947 18
100.501 132.852 1
135.455 138.983 17
229.291 137.11 4
424.101 139.929 13
409.954 140.894 19
539.104 144.08 10
239.617 144.35 2
307.461 142.995 1
77.5789 145.961 1
107.103 146.558 6
221.45 148.053 12
150.856 147.233 8
49.3303 148.993 11
440.743 149.206 1
176.843 153.902 5
495.19 158.509 4
327.601 160.049 4
548.637 160.19 3
108.557 162.297 9
71.5968 165.061 4
127.222 165.162 3
35.7689 167.799 5
184.426 164.411 3
261.653 169.577 7
386.393 171.232 20
226.855 171.116 1
480.387 171.193 5
60.4957 176.559 9
154.463 185.093 5
461.688 181.237 2
10.1661 184.274 1
38.8217 185.382 2
93.8122 181.135 8
270.989 188.681 4
410.405 191.681 7
438.59 185.952 4
176.359 190.932 1
361.535 188.826 3
394.417 191.66 3
84.8119 192.772 7
377.89 192.878 4
473.211 196.742 11
46.8927 200.099 9
106.041 200.566 16
335.085 198.787 20
209.448 201.887 8
179.955 201.868 2
480.92 203.864 1
123.543 214.254 2
83.0046 215.004 9
392.892 214.282 6
33.033 215.264 1
225.303 214.684 17
496.032 216.094 1
257.236 220.708 3
377.613 219.308 10
434.789 224.786 11
95.9068 222.533 2
191.79 225.576 12
225.491 231.7 7
271.323 233.392 3
341.892 236.219 57
304.367 240.736 1
405.153 244.962 8
180.646 246.869 24
353.272 253.196 12
543.463 254.662 5
192.053 258.061 31
172.584 268.274 5
560.7 271.093 1
196.797 273.948 3
576.672 273.25 1
103.233 279.926 9
469.168 280.73 7
400.212 282.599 1
534.308 283.553 1
131.565 279.35 11
337.241 285.322 11
298.934 287.889 13
84.8327 289.869 2
549.981 292.091 1
12.7417 298.146 1
583.994 298.086 1
146.326 302.755 8
238.451 306.031 8
88.5697 305.739 3
181.139 309.913 15
123.077 311.469 12
146.948 319.066 2
102.876 320.704 3
55.8208 322.683 8
506.342 322.992 1
526.171 322.244 10
373.048 333.051 2
415.211 332.146 6
485.236 335 7
559.914 334.608 3
258.137 335.731 6
469.671 336.357 4
72.6857 340.748 3
512.039 343.188 4
448.269 347.377 4
566.355 348.066 1
174.02 350.499 3
433.701 349.377 4
377.768 351.547 14
350.665 364.425 10
270.862 369.286 8
333.467 366.732 3
456.915 368.42 4
15.2693 370.468 1
32.6925 374.363 1
49.8253 375.666 1
65.3708 383.046 5
155.438 380.842 5
15.636 382.646 2
324.947 381.969 2
176.093 383.74 3
297.131 388.909 4
110.147 391.786 25
141.754 397.19 7
489.172 397.697 4
39.4388 397.965 1
202.262 400.421 1
173.296 407.044 7
503.057 413.393 8
209.625 413.704 5
143.33 421.608 3
157.934 425.731 7
461.006 424.629 1
478.774 432.868 3
494.186 435.991 4
516.397 435.41 2
30.0238 437.585 2
44.9893 442.978 2
199.978 444.288 5
172.739 445.23 1
245.119 464.857 6
38.7873 476.553 1
248.478 489.456 4
41.5189 491.609 1
229.086 490.833 3
74.9996 495.005 1
26.7092 504.373 2
143.268 507.078 1
266.531 508.27 9
310.743 511.444 16
354.766 506.758 9
384.554 508.281 2
403.026 507.294 18
522.26 511.419 5
420.562 517.821 2
12.1666 521.698 1
372.157 523.889 5
335.93 524.541 1
354.449 526.739 2
573.682 526.38 1
562.964 528.065 2
306.746 530.18 1
420.663 526.085 5
396.05 532.905 2
540.598 532.082 5
205.4 540.752 3
476.498 539.907 2
362.64 542.95 2
208.366 555.76 1
344.789 558.269 1
584.97 563.456 1
178.045 568.246 2
566.826 567.551 1
546.54 572.798 1
437.424 586.699 1
346.162 587.643 1
378.996 587.373 1
246.247 31.9172 1
346.255 96.7283 4
295.782 129.12 9
472.802 142.187 5
312.936 153.416 4
213.3 201.921 6
303.683 218.155 5
289.101 237.417 21
232.151 257.139 7
271.589 299.022 9
472.983 411.332 15
299.247 560.031 2
300.19 583.664 1
219.876 19.7686 1
271.642 20.7818 1
40.409 25.1011 2
308.093 24.5669 1
24.0986 46.4852 1
352.973 82.751 2
501.991 108.031 3
422.771 109.604 11
70.8596 143.84 2
373.617 160.086 1
409.513 171.715 3
275.197 172.254 1
355.507 221.806 7
176.545 228.106 3
406.983 231.756 1
465.524 232.693 3
76.6174 256.753 1
324.292 259.815 1
161.883 288.917 5
104.067 309.062 8
166.975 323.74 19
229.759 335.695 31
142.675 355.72 2
305.666 356.575 19
131.292 386.556 5
162.854 394.699 4
507.946 421.429 3
241.95 477.371 1
30.0196 489.478 2
316.926 495.253 1
394.548 495.589 3
222.553 516.879 1
296.049 526.179 6
430.633 528.09 3
326.542 545.764 3
418.131 549.997 1
238.237 566.995 2
129.56 26.7217 3
357.613 27.8256 1
256.865 37.5423 1
178.684 38.6536 2
215.112 38.0642 1
314.611 43.6166 2
38.4312 56.8077 1
127.78 64.5602 3
573.229 83.8548 1
149.846 87.8497 3
21.3006 93.2402 1
107.48 98.0673 6
276.858 102.078 4
350.876 103.781 2
47.5506 113.881 2
135.093 116.248 2
439.41 129.471 16
397.378 128.535 16
532.582 131.551 1
336.785 134.549 1
472.862 135.424 3
271.676 138.775 8
118.091 149.267 7
159.516 143.861 7
178.806 157.386 1
275.862 163.589 3
77.5891 170.286 1
493.604 169.735 2
355.217 178.014 16
233.173 184 15
19.1105 187.183 1
277.417 196.21 5
473.712 197.633 4
133.253 222.895 1
233.077 236.627 4
411.576 255.196 2
173.051 273.71 10
219.32 277.976 1
483.806 285.313 1
442.18 286.918 1
41.206 296.912 2
370.247 299.081 1
276.776 303.674 1
127.956 315.913 1
245.031 319.056 12
190.438 324.371 2
479.062 339.701 2
267.971 347.282 2
440.633 348.14 3
241.438 372.478 2
285.271 375.964 1
76.1601 389.76 1
141.79 403.365 2
184.253 408.792 5
528.02 407.332 15
481.235 413.711 9
67.3565 417.163 3
233.928 424.133 3
37.8768 432.686 4
491.669 443.277 2
50.9119 450.008 2
200.382 493.137 1
242.186 504.741 2
36.078 509.115 1
397.495 516.152 1
315.407 519.129 2
351.898 533.072 1
573.723 530.189 1
523.777 534.978 1
370.766 540.441 1
310.259 565.184 1
573.056 572.16 1
50.4119 220.346 1
289.393 247.733 16
556.05 298.069 1
92.5392 360.36 2
244.44 375.414 2
262.164 449.401 2
225.231 560.63 1
209.492 82.5653 4
416.315 107.705 2
60.9606 140.871 1
114.389 222.22 1
456.588 229.491 2
547.729 269.127 2
222.817 327.316 10
368.725 342.44 2
236.916 477.315 1
322.265 488.471 1
181.662 496.61 5
53.8552 66.2902 1
211.858 122.597 1
369.728 134.413 3
446.332 141.812 1
487.205 196.56 1
155.079 220.764 1
219.75 246.737 1
427.532 264.24 1
110.452 283.134 11
496.81 302.273 2
300.085 322.24 2
400.831 374.539 1
45.149 406.133 1
190.41 425.4 2
496.278 469.389 2
263.862 523.44 1
534.382 536.572 1
226.615 68.2107 1
67.8921 215.792 2
128.215 363.243 1
273.359 403.237 1
344.722 343.355 6
488.213 501.215 1
324.206 161.836 4
310.337 430.262 2
348.335 34.7073 13
170.447 44.0272 7
117.416 48.4057 3
474.245 56.4528 1
51.7909 57.5906 5
139.584 67.9054 8
38.1478 68.7656 2
44.6219 75.8747 1
133.914 77.8709 4
437.628 88.6118 8
450.676 91.3396 5
166.417 90.538 3
122.418 96.9205 9
155.739 96.0485 4
438.123 96.4903 2
138.426 96.3155 18
436.115 109.383 5
302.67 118.421 8
481.492 119.253 1
160.587 123.186 6
236.899 123.281 2
124.298 134.82 3
177.911 140.583 3
247.514 152.981 14
79.7217 161.913 2
235.367 172.604 1
209.335 192.217 1
219.26 192.489 2
251.784 196.712 2
383.962 200.659 3
269.197 201.456 9
311.358 209.082 1
95.4816 209.52 11
323.265 213.828 4
258.117 228.858 4
490.228 236.77 8
226.694 240.223 1
357.877 241.403 1
263.837 249.024 16
523.172 257.461 3
350.346 260.833 8
291.204 261.236 9
188.653 264.141 9
532.325 270.655 4
332.183 277.33 6
207.097 276.803 6
310.435 277.912 2
272.008 280.592 8
254.79 281.831 1
34.165 284.304 3
163.299 301.77 2
111.58 305.289 1
162.497 314.169 5
229.789 314.265 3
299.101 329.083 11
479.94 328 2
489.936 327.516 1
421.997 330.579 6
376.453 334.126 1
407.278 340.978 3
142.899 347.225 3
302.27 353.803 5
320.607 355.406 11
488.21 352.443 3
313.948 360.688 2
56.4126 365.984 6
120.443 388.061 10
159.708 402.86 12
488.756 421.628 1
496.782 423.881 1
148.468 446.786 4
84.5242 459.58 3
107.148 499.961 9
186.816 505.606 3
281.594 536.471 4
291.599 541.697 10
406.636 550.091 20
189.062 562.848 7
290.187 565.272 3
466.965 571.291 1
58.4048 36.8569 1
419.871 37.278 6
230.796 43.6724 1
484.509 50.8816 1
254.652 60.013 4
128.048 61.5988 2
439.659 68.6236 2
393.151 73.6238 6
478.058 82.3653 1
408.569 84.7609 1
136.811 88.0873 6
348.221 92.6682 7
166.688 102.314 2
358.117 101.964 6
478.356 100.988 7
329.077 104.983 16
398.422 103.928 7
457.574 105.984 3
74.9496 109.765 6
84.9065 122.1 6
421.838 133.269 3
410.429 137.704 1
57.3019 141.946 10
316.49 142.93 22
74.0869 146.792 2
151.755 145.787 3
54.5488 159.107 3
420.027 158.764 7
451.205 163.331 2
434.11 165.972 6
263.669 164.371 5
242.843 167.905 24
216.855 177.121 13
321.655 175.629 1
407.382 179.376 3
228.654 180.833 17
266.487 182.049 2
275.975 184.321 1
131.092 187.384 7
361.486 187.013 2
515.126 193.858 9
490.842 196.301 1
204.297 198.511 20
82.2917 207.753 2
222.262 208.463 6
433.156 218.522 5
210.078 217.529 5
34.4165 223.905 4
98.6783 231.146 1
379.641 236.542 9
552.73 238.047 11
258.819 253.234 9
195.467 253.595 14
524.236 262.316 4
271.986 268.075 7
99.3788 267.292 15
301.571 267.251 5
211.859 272.075 10
257.951 290.42 1
36.0236 291.289 9
113.936 294.433 10
579.693 296.574 2
153.173 300.025 16
214.292 303.199 8
245.234 308.659 12
157.873 310.374 5
560.215 311.95 2
535.44 316.678 2
247.902 319.28 1
524.812 319.272 2
512.524 321.756 4
492.002 322.459 3
441.479 328.219 6
349.409 328.641 3
356.569 329.835 13
290.773 331.114 20
405.291 332.01 14
416.118 332.793 2
457.774 332.512 3
455.269 346.016 18
256.263 347.108 15
376.584 350.873 4
99.0207 387.166 7
491.536 397.246 10
199.164 398.552 4
76.3595 432.026 1
166.779 458.342 7
176.58 457.224 6
171.081 465.728 1
80.077 466.17 2
141.436 486.903 2
377.454 508.227 10
343.415 508.465 19
176.024 509.19 4
240.625 520.435 6
381.505 529.556 7
152.706 541.3 7
51.1606 562.56 7
99.1839 563.482 3
125.729 50.7945 8
128.715 146.694 1
451.821 188.818 10
285.874 272.633 6
467.897 279.46 5
60.3401 295.426 4
47.463 471.978 10
379.523 62.1204 10
122.274 100.03 2
335.242 112.361 1
173.955 134.326 1
225.685 153.87 1
368.695 166.725 1
403.129 170.093 1
298.145 194.721 1
87.8846 196.539 4
316.006 236.723 2
264.177 243.964 3
62.6795 284.033 3
171.096 299.72 1
193.749 304.973 2
260.443 319.612 3
475.723 319.301 3
118.236 331.385 2
519.465 333.861 10
234.797 342.528 9
82.9499 367.036 15
268.057 425.225 1
238.102 482.762 2
364.961 496.787 1
292.166 497.463 5
50.1529 69.3753 10
81.1485 78.1994 1
181.751 79.868 1
389.885 81.2913 4
140.898 87.6008 2
169.376 87.5394 1
99.8101 94.095 3
197.391 96.2423 1
462.816 112.918 5
543.448 117.363 4
395.606 126.002 3
315.242 127.901 5
333.453 128.194 1
261.372 134.862 24
159.381 136.2 1
413.312 145.479 3
237.846 149.327 2
326.486 163.142 2
227.232 176.294 1
156.328 186.751 1
410.943 188.95 1
455.178 190.557 2
360.919 197.859 8
485.526 204.858 3
121.475 216.77 10
436.315 223.288 1
246.026 238.854 11
447.117 239.625 6
290.617 273.278 7
535.516 287.286 2
360.585 290.904 2
237.489 308.007 1
147.516 325.802 4
513.745 326.938 1
313.957 333.981 28
87.9545 338.237 5
259.391 340.57 1
115.934 347.628 1
402.798 355.423 6
229.501 358.159 5
252.42 369.707 2
49.9504 378.923 1
155.701 383.96 3
174.609 409.716 3
62.4122 414.026 2
228.627 436.955 2
278.542 469.953 2
386.257 511.136 1
337.414 528.563 1
374.365 529.096 1
359.177 534.388 3
174.359 125.479 2
332.687 309.63 1
429.586 103.572 3
408.876 170.333 3
305.198 185.461 12
339.606 213.269 5
374.156 253.347 13
488.436 264.22 2
386.435 345.007 1
307.05 357.164 1
131.421 381.4 1
315.899 492.434 1
396.952 492.275 1
442.853 132.68 3
397.809 137.05 6
130.993 157.976 3
179.205 161.902 2
201.746 172.995 2
240.728 187.574 13
386.549 190.414 1
278.23 200.125 1
134.187 226.454 1
411.827 259.975 2
434.935 298.245 1
280.321 308.388 4
191.268 330.043 2
478.261 345.501 1
441.564 356.1 6
285.469 381.743 1
87.8598 396.121 8
142.497 409.152 3
183.639 414.701 3
492.996 452.17 2
143.136 213.745 1
436.984 302.533 1
245.165 382.509 2
185.641 417.625 8
454.572 225.275 3
373.685 246.223 16
293.447 346.086 2
561.535 53.2133 6
542.62 82.2763 1
542.204 89.1971 5
482.716 42.4886 3
531.38 114.035 3
443.635 30.7477 3
440.133 59.8069 2
442.383 92.2204 8
515.039 177.153 1
404.906 71.2854 4
444.597 118.337 2
472.368 152.962 6
565.533 263.397 3
439.694 136.524 5
576.71 277.625 1
417.085 120.075 3
458.468 161.878 10
465.272 171.896 18
483.912 190.766 5
404.554 116.735 10
416.61 162.192 7
511.492 257.065 7
577.252 326.097 1
464.96 219.904 2
383.86 182.539 10
320.017 123.857 1
219.402 27.0268 3
290.654 106.172 6
372.54 224.614 1
244.786 100.209 3
226.793 83.0465 1
472.621 328.255 1
161.262 32.5629 3
247.13 122.543 7
394.724 275.235 5
198.433 84.4348 1
289.338 186.506 7
371.003 274.962 1
326.639 246.727 2
353.508 275.947 8
211.297 149.737 9
260.895 205.844 8
322.064 277.78 5
64.5499 28.1774 2
313.698 278.249 2
123.622 115.419 3
335.35 338.215 9
321.032 330.354 3
88.1697 100.248 6
308.652 330.343 8
121.003 158.264 5
47.2783 88.5613 6
243.525 294.464 5
193.171 247.984 9
69.3042 129.858 3
255.377 320.812 4
175.168 241.449 1
88.9609 165.456 5
121.644 202.204 2
276.359 359.987 2
30.9854 135.473 2
105.364 215.597 8
189.878 303.372 3
196.912 311.627 5
146.574 290.852 5
174.687 318.862 4
47.7961 200.834 1
85.8614 245.239 5
32.5232 198.681 6
328.608 500.942 14
317.75 499.625 3
84.3995 268.272 7
305.129 490.447 7
385.128 577.955 1
148.008 342.37 11
150.461 347.656 14
90.6634 294.932 7
221.345 432.78 4
158.001 399.466 2
76.8613 329.948 2
163.921 416.117 2
323.586 576.979 2
169.724 446.904 1
174.152 450.878 16
138.261 448.001 1
204.937 554.328 1
187.551 554.616 1
25.188 405.179 2
80.787 545.032 1
32.0924 565.053 1
540.273 51.9648 8
431.9 25.5508 3
437.16 34.2778 7
512.232 123.263 1
502.789 130.996 13
435.848 66.2303 1
428.268 90.7849 10
452.363 113.14 6
404.693 82.5668 1
564.801 255.765 4
494.173 193.65 3
419.562 125.229 6
354.755 67.8277 2
485.361 211.777 4
442.889 181.515 1
453.6 202.822 25
425.213 177.475 3
499.303 258.169 6
418.302 187.051 3
339.755 149.336 6
377.633 200.528 3
355.049 188.037 1
515.496 355.831 1
480.51 323.286 1
299.536 151.779 3
427.169 284.59 5
359.979 237.566 14
250.537 130.527 7
256.036 141.403 10
350.152 233.23 3
174.043 65.1744 10
165.663 59.8731 2
249.058 159.12 4
325.772 240.067 2
332.758 244.681 5
416.014 342.03 20
312.518 249.533 6
214.109 154.275 7
260.861 199.876 17
204.976 165.438 4
210.094 169.225 1
242.171 203.672 2
560.227 525.251 1
140.473 113.865 6
251.712 234.271 7
141.488 140.234 4
31.5904 34.0101 1
119.88 124.197 10
197.343 208.084 7
92.8197 112.518 13
137.895 157.665 1
303.847 324.628 3
34.2223 63.9119 1
307.741 340.647 11
192.213 223.623 2
533.291 570.303 1
200.716 243.091 3
76.8193 124.307 18
187.757 231.046 4
252.633 301.259 13
71.6136 119.85 4
266.856 321.501 1
61.9076 117.334 3
100.231 167.197 10
406.731 505.838 11
234.366 333.854 9
187.494 290.185 14
437.645 539.792 1
243.233 349.222 6
367.132 506.4 7
262.04 400.482 1
98.4351 243.501 3
388.143 537.42 3
402.106 555.943 4
53.3204 210.902 18
122.882 287.59 10
85.4313 254.788 1
279.968 459.672 4
186.975 390.892 13
76.2142 280.855 1
267.945 471.252 3
197.446 407.188 4
247.127 474.913 1
198.762 438.738 1
57.4512 319.931 1
150.433 429.849 14
92.9359 377.758 2
90.3764 392.778 13
226.506 540.96 8
163.88 511.393 2
187.361 549.458 5
55.0623 424.786 6
174.593 551.791 2
62.5264 450.093 2
124.944 551.51 1
52.4122 477.647 1
72.3022 514.604 3
57.732 510.981 1
58.8298 566.824 1
327.945 155.74 1
337.703 195.452 5
287.784 230.849 6
522.939 517.221 2
115.464 328.622 5
198.533 421.501 3
547.474 75.6883 2
503.042 138.256 8
471.018 184.193 5
547.92 272.903 3
302.916 83.9646 3
285.305 84.9044 1
433.896 232.272 2
356.603 183.021 2
183.12 48.2138 8
448.001 338.844 1
352.124 259.889 5
153.884 172.479 3
273.452 318.184 10
277.498 355.409 3
167.151 255.602 2
258.022 350.358 4
92.851 191.686 5
174.647 285.72 9
421.84 534.304 7
145.621 276.12 1
410.48 548.911 1
165.444 323.615 17
270.836 451.707 2
336.403 520.468 3
287.138 497.503 8
92.0867 326.511 9
156.894 410.23 11
539.572 117.92 1
411.581 88.4077 2
425.801 141.353 1
404.384 126.416 3
392.168 122.508 1
458.184 186.409 6
371.668 119.212 1
531.784 285.453 3
328.154 108.708 4
292.483 96.1382 11
327.446 128.161 2
442.042 242.043 2
310.641 125.911 2
364.215 192.822 6
310.515 147.102 1
200.8 66.4697 5
370.692 239.374 2
270.016 141.607 2
396.781 284.561 1
237.468 131.66 2
137.806 52.7713 4
147.552 72.4448 1
164.733 86.3831 3
363.517 287.412 2
125 55.8475 2
321.779 255.906 7
300.014 241.73 1
116.791 67.5604 3
239.809 193.472 11
472.977 432.714 1
332.283 305.275 1
325.02 305.424 1
372.218 357.857 2
154.322 157.991 4
268.407 296.307 4
245.998 279.159 3
330.325 368.244 1
171.871 217.346 3
494.148 538.306 2
300.456 350.114 1
173.432 235.81 2
302.724 370.367 2
102.66 179.043 4
224.396 321.428 4
67.1068 166.858 2
389.71 509.996 3
211.575 368.495 11
70.3017 237.292 3
216.168 391.546 11
170.926 352.184 1
238.812 431.513 7
170.624 374.942 1
139.072 352.323 4
70.9812 295.345 10
99.1719 321.725 2
219.163 448.431 1
112.424 346.08 1
237.984 471.803 3
118.555 398.997 6
157.126 444.666 4
254.393 542.367 1
167.271 458.971 1
219.001 510.64 3
502.451 415.104 2
181.296 405.992 12
465.6 176.615 1
298.87 188.468 1
363.384 259.138 2
220.108 157.237 1
188.217 142.99 4
302.882 359.938 2
165.783 246.875 6
245.279 328.036 2
131.19 256.067 3
160.748 329.525 3
257.85 451.111 2
97.3962 311.289 3
127.967 382.559 7
437.412 129.604 2
390.549 135.669 2
436.339 193.058 2
356.345 122.672 1
480.712 290.155 1
351.793 178.086 1
353.26 211.881 3
430.68 293.692 1
475.668 343.648 1
429.985 354.082 2
270.169 196.565 8
286.692 250.614 2
476.844 447.893 1
363.459 371.416 1
288.105 305.84 3
123.293 151.992 2
282.65 380.312 1
105.622 209.855 4
190.643 339.86 2
131.316 313.759 1
227.851 468.044 3
128.664 407.699 2
147.225 205.798 3
169.273 322.478 1
573.329 317.894 2
540.155 111.062 1
540.901 162.175 2
528.312 51.2039 2
487.233 230.34 3
471.745 284.569 5
461.495 197.381 7
461.704 167.433 2
429.47 222.564 3
410.75 197.973 2
393.511 226.281 5
393.862 335.016 1
349.253 251.345 5
348.051 116.543 7
342.398 243.528 1
327.813 97.1552 2
309.082 347.606 5
299.771 228.67 2
301.593 512.738 6
281.354 419.802 2
280.518 327.511 6
259.891 136.423 2
259.723 172.612 3
258.366 349.672 1
251.431 43.1411 1
230.18 284.431 8
218.485 215.59 1
215.323 21.2542 1
210.054 44.4373 3
205.071 540.892 2
196.035 32.2356 2
191.111 496.797 4
188.312 382.914 1
164.501 278.788 2
163.266 296.244 4
156.885 30.9533 3
153.606 65.1312 2
149.165 132.356 4
145.027 326.701 3
142.145 303.243 2
136.402 94.2731 8
133.051 528.193 1
127.748 35.2864 1
115.723 86.2145 6
112.03 424.983 4
102.389 49.2372 2
101.462 200.209 4
98.7715 56.95 2
26.9993 267.971 2
567.235 28.735 2
563.671 193.665 3
563.913 209.528 1
559.561 328.885 3
557.114 186.045 1
555.777 279.583 2
546.81 140.954 11
538.638 63.4967 8
531.455 406.132 4
523 45.4493 1
515.823 118.494 7
507.533 413.162 6
508.891 575.267 1
501.464 44.2634 9
495.546 96.9864 4
487.844 92.1673 4
463.17 149.033 1
444.539 126.108 5
441.848 177.643 2
434.226 108.319 1
422.834 222.774 4
419.45 23.8691 2
416.432 419.779 3
410.084 21.9215 1
406.588 53.6323 6
406.866 240.191 2
399.574 102.497 2
391.979 167.881 4
388.099 244.78 3
380.882 102.168 2
373.856 111.121 5
374.317 197.287 2
357.215 572.791 3
357.31 166.572 8
353.238 563.669 1
351.268 155.514 1
343.262 526.294 8
338.292 22.4156 1
329.075 62.7214 1
330.939 235.463 4
319.952 252.182 6
308.249 61.5982 2
298.735 493.627 5
289.139 220.127 3
289.545 76.3568 1
281.397 189.92 22
281.618 504.402 4
275.2 274.8 7
276.809 553.615 1
273.942 221.649 6
275.465 59.4194 2
275.625 264.43 3
272.779 180.334 1
267.205 394.311 2
266.987 249.048 2
266.613 367.122 6
258.269 310.189 8
254.05 205.904 6
252.212 178.402 1
249.612 224.955 6
249.541 505.808 3
251.011 106.15 6
249.776 186.025 1
246.802 168.234 5
241.505 439.474 5
242.361 41.5707 2
238.643 47.5617 4
238.531 189.424 2
238.134 419.502 3
234.503 196.592 3
231.601 106.284 1
226.952 411.341 5
220.755 403.664 4
220.768 390.07 6
217.611 119.308 4
214.131 293.777 17
215.798 377.033 12
215.669 175.515 1
213.221 367.484 2
210.345 491.973 2
207.317 252.191 1
204.978 137.544 2
205.614 194.466 1
204.155 458.204 6
203.741 451.588 1
195.857 224.621 2
192.604 179.9 3
192.464 299.634 2
192.49 456.405 1
189.791 240.011 2
187.718 23.4331 2
188.348 53.7602 1
185.612 276.342 10
177.464 576.414 1
171.188 438.44 2
167.542 24.0295 2
156.891 37.0774 1
157.35 362.473 6
151.665 401.875 1
147.668 29.163 5
136.271 173.211 5
140.689 286.356 2
139.78 478.834 6
135.599 306.144 6
134.367 352.333 4
127.977 173.656 2
126.138 337.811 3
117.964 106.347 3
119.602 501.487 3
114.82 246.956 1
103.943 84.7398 3
104.255 54.9754 1
101.565 182.273 1
83.5928 90.9017 7
82.3096 446.814 1
76.8961 311.551 5
77.8999 132.941 1
71.9741 404.024 3
70.8435 81.9962 2
71.6476 539.658 1
69.2113 75.577 1
65.554 486.69 1
63.6182 177.406 1
62.6615 468.964 5
59.8804 356.04 3
46.6381 494.793 2
45.997 98.0692 1
43.8024 214.109 1
41.6995 87.5248 3
36.3174 560.5 2
518.76 48.7948 3
446.087 134.534 1
289.782 230.401 1
247.525 181.251 2
209.814 363.199 3
107.386 230.782 10
101.118 66.4076 3
549.939 92.5627 1
525.881 409.527 2
489.203 269.78 1
476.887 421.326 1
430.969 82.7174 2
430.632 232.26 2
400.807 540.979 1
376.026 345.179 1
344.298 85.4908 2
334.672 517.184 5
320.376 358.577 1
262.894 201.681 2
260.119 283.26 1
249.602 355.431 1
226.401 124.878 10
206.275 187.617 2
184.48 456.341 1
178.795 441.237 12
151.351 112.996 5
128.582 386.87 1
123.791 206.823 1
534.497 60.9882 3
527.615 283.045 3
500.607 278.736 10
499.228 104.94 2
479.375 154.832 1
469.277 429.57 1
460.031 291.201 4
452.603 204.774 2
410.754 215.606 1
402.172 230.095 1
397.467 152.519 2
390.195 547.532 2
387.61 76.6017 1
369.224 115.324 2
348.092 544.091 2
345.73 70.5524 2
328.211 169.688 2
328.398 302.562 2
320.741 256.46 1
313.482 509.99 1
313.071 145.068 4
301.321 55.249 2
302.57 67.5088 1
296.352 156.135 4
290.051 520.2 4
285.646 403.052 4
282.421 65.6719 2
276.978 191.649 7
247.839 145.838 5
247.449 64.2067 1
242.992 171.403 1
242.022 128.731 8
240.987 362.487 2
236.416 118.91 2
223.239 291.858 7
223.081 317.93 2
221.941 270.617 1
202.348 64.0045 1
195.089 215.884 15
190.193 286.209 1
183.308 533.949 3
172.629 172.745 1
172.859 231.115 1
138.939 117.137 1
129.319 323.023 1
113.994 330.638 1
88.4557 58.8268 1
88.5921 338.638 2
87.1197 111.804 6
79.3313 96.6581 1
73.9207 383.677 1
73.1251 252.894 2
74.8097 313.684 1
73.3081 125.17 3
71.1857 268.839 8
70.9659 380.285 3
67.4722 338.891 2
64.1575 76.566 1
515.646 57.5612 1
487.945 165.457 5
480.536 266.77 2
467.063 216.97 2
425.607 527.43 3
397.233 72.4729 1
388.717 272.423 1
378.025 495.452 2
367.24 156.762 4
358.778 259.437 4
346.96 351.464 3
310.755 114.311 1
308.124 494.931 2
269.548 82.8889 4
267.153 172.453 2
266.624 304.885 2
261.571 469.647 1
263.369 141.737 2
234.778 506.463 6
164.727 125.074 1
152.368 327.787 4
127.282 221.825 2
115.139 382.735 1
97.9879 182.456 1
465.695 439.391 1
441.742 221.904 9
434.055 130.639 2
376.093 82.7004 1
348.386 175.494 3
344.61 206.781 14
339.054 275.607 2
304.435 336.247 3
288.475 131.613 5
286.992 297.76 6
281.169 376.059 1
236.323 240.961 2
226.792 183.04 1
213.365 100.782 2
187.643 333.515 1
168.592 492.851 2
166.058 470.316 1
148.097 196.085 3
133.768 307.585 1
129.29 118.464 1
120.178 402.73 2
417.778 259.16 2
231.279 303.499 2
388.248 504.888 4
401.271 328.821 3
470.452 239.614 2
430.967 277.602 1
344.3 364.182 2
469.212 193.054 3
420.046 239.779 4
379.693 283.273 11
369.01 266.866 1
353.961 281.801 3
347.815 250.295 2
434.969 151.364 1
319.181 267.13 1
279.084 269.761 1
418.852 115.841 2
407.438 99.4979 1
172.505 331.809 2
40.8865 444.939 1
308.052 159.307 2
370.594 67.4159 2
181.352 235.132 1
338.479 64.7694 6
325.587 43.3947 2
260.126 89.7688 1
285.792 34.3248 2
84.1901 177.507 3
99.7638 124.331 3
196.653 24.1526 3
136.959 84.6861 2
128.492 20.11 1
114.66 22.4021 1
550.02 559.072 2
539.428 563.762 2
551.158 521.186 2
513.136 523.211 4
412.333 524.704 1
531.732 341.482 10
465.296 396.082 2
456.548 399.639 6
305.936 552.865 1
520.679 310.699 3
261.112 540.134 1
254.649 531.382 1
463.537 317.833 4
533.077 243.842 3
426.067 340.092 2
503.552 258.846 2
236.811 513.034 2
198.707 543.853 6
163.204 567.979 2
265.484 463.695 5
482.382 244.452 4
178.462 528.679 1
210.663 496.151 4
365.962 323.511 2
534.995 148.014 2
149.888 533.544 3
505.018 168.025 4
293.122 379.599 1
183.627 477.797 3
292.52 360.17 1
169.502 478.153 5
160.414 484.719 2
173.164 470.134 2
133.563 502.243 1
442.449 164.214 6
247.201 360.246 1
457.53 137.413 3
527.252 58.0495 3
359.062 226.409 2
449.659 125.944 2
539.739 30.7221 2
392.251 178.933 3
525.26 41.833 2
430.852 135.599 1
64.4067 492.94 1
108.883 443.683 2
506.111 44.5655 1
423.209 119.22 3
402.223 136.875 1
142.585 383.12 2
323.738 195.345 1
88.0396 426.018 1
163.038 347.548 11
156.258 356.24 2
463.908 46.3644 1
290.693 215.647 2
253.013 253.448 1
66.9759 438.959 3
233.512 268.439 7
289.681 211.226 4
448.031 45.6518 2
263.378 227.125 1
312.65 169.362 7
134.685 344.042 1
220.984 251.985 2
347.367 121.291 2
427.976 37.7368 2
83.1236 366.262 1
99.8663 342.142 5
128.012 306.87 2
136.271 296.649 3
33.1898 389.932 2
92.7779 326.725 1
275.897 139.245 3
347.811 58.7151 1
282.809 114.804 6
359.795 31.2132 2
59.0438 322.512 2
311.301 62.7084 1
239.654 99.4303 1
290.655 49.6819 4
220.212 118.191 2
117.511 183.946 3
84.954 214.976 2
193.783 98.6016 1
183.731 100.714 14
67.7296 209.044 6
33.2927 229.148 1
53.1642 193.256 3
33.0846 152.615 1
143.15 34.3117 1
75.4196 102.514 3
86.7862 82.7834 6
62.7907 106.449 1
124.283 41.2269 1
33.6578 130.899 2
82.074 66.7469 2
27.2739 100.862 1
64.3685 60.1587 2
66.0454 53.579 2
86.4415 31.8725 1
70.423 43.4089 1
469.876 316.897 10
302.229 93.7875 2
404.147 546.446 1
466.828 415.783 9
357.194 507.19 1
303.449 542.224 1
283.815 550.344 2
284.964 538.674 1
477.575 243.251 2
362.862 357.99 2
242.308 461.28 1
461.011 240.94 5
380.61 282.291 3
206.131 411.783 1
389.726 187.404 1
413.431 159.523 4
313.693 240.4 1
363.238 163.244 2
309.041 205.798 1
175.164 322.242 1
263.487 197.258 2
192.309 92.4742 1
191.719 63.4543 1
173.523 44.9747 1
91.9263 97.4604 1
94.8632 86.3255 1
47.9712 85.8029 2
508.387 519.411 3
389.325 544.285 1
382.528 493.761 1
464.213 390.983 1
453.485 398.277 1
319.106 512.047 6
514.129 309.633 1
544.067 259.878 1
519.039 267.286 1
503.292 278.578 4
447.565 334.925 1
290.089 476.643 1
273.329 499.261 1
247.129 505.03 1
195.481 543.677 1
411.707 318.119 2
260.242 463.396 1
394.155 317.432 1
361.12 341.855 5
468.219 230.02 2
449.256 240.662 2
177.919 492.21 2
432.459 229.295 1
256.457 403.397 1
428.072 204.965 2
375.812 253.542 1
350.276 271.53 4
520.821 91.2479 2
476.92 130.521 4
216.588 386.455 1
497.655 102.095 2
156.12 438.774 1
416.667 173.336 1
243.683 337.421 4
513.165 62.7477 1
360.292 209.717 3
256.812 279.589 2
425.439 107.656 1
355.047 169.535 1
331.565 192.541 1
300.908 213.591 5
330.131 165.335 2
296.326 143.528 5
293.485 125.617 1
158.265 257.101 3
163.288 249.165 1
123.334 290.722 4
195.34 209.808 1
250.623 108.336 2
162.03 192.547 4
194.492 139.968 1
232.941 93.7866 1
173.464 149.569 4
83.21 226.813 1
111.381 98.2044 7
64.1421 142.217 2
80.771 90.7163 1
84.3307 56.4521 3
451.789 317.289 7
298.92 369.599 4
187.585 406.115 1
229.738 94.0639 2
244.993 501.159 1
367.337 362.389 2
431.6 282.451 2
409.282 194.058 5
460.929 129.684 1
291.441 189.174 4
325.578 131.322 3
337.758 97.9972 4
267.354 167.36 2
123.299 246.389 1
93.9262 175.736 2
359.422 486.391 1
472.301 255.592 2
275.284 448.648 1
226.564 464.761 2
447.04 220.934 1
396.367 221.876 4
365.564 246.951 2
292.105 303.926 3
205.335 393.11 2
240.074 315.993 6
150.15 386.364 2
211.814 319.537 3
383.012 130.181 3
297.002 214.942 1
318.56 108.76 4
229.625 185.77 1
93.9142 302.719 1
157.842 207.673 1
122.711 145.243 4
373.897 366.488 3
267.452 381.164 3
228.685 378.796 2
343.918 216.064 2
212.974 127.063 1
114.374 132.732 9
89.5911 170.894 3
553.339 229.046 1
129.262 297.207 8
437.977 339.056 5
330.418 355.895 1
29.5623 361.553 2
478.091 58.3328 1
117.338 64.2956 1
222.616 64.3469 4
471.717 68.4826 1
392.971 76.774 1
523.881 90.0864 2
338.159 92.9496 3
308.872 104.556 1
34.237 112.302 3
427.84 119.009 2
85.4385 126.931 1
324.059 160.965 1
345.066 168.956 5
79.0823 176.044 2
475.105 228.064 5
338.545 233.5 1
98.4636 235.683 1
241.416 236.542 1
385.072 240.632 2
107.668 248.464 2
270.831 292.789 5
68.0561 294.062 1
254.529 303.944 1
327.624 330.882 3
338.131 331.961 3
427.107 330.998 8
556.735 333.824 1
357.253 360.557 1
252.961 365.654 1
44.7855 374.887 2
83.8086 453.897 2
49.6042 484.778 2
258.272 498.545 2
265.489 504.968 1
240.899 508.085 1
274.934 510.013 5
417.005 516.94 2
372.97 520.78 1
383.282 532.807 2
192.341 537.432 5
186.491 256.929 6
263.462 276.521 5
403.867 110.722 7
342.569 219.632 1
212.926 291.825 1
406.259 317.15 2
464.998 318.73 2
108.374 376.088 5
268.119 429.568 2
229.936 440.426 2
543.748 119.54 1
314.958 130.957 2
332.54 133.001 1
267.265 136.332 3
296.905 135.944 4
159.645 139.486 1
238.31 153.59 3
412.454 149.872 3
503.372 159.364 2
199.639 164.806 2
549.819 165.864 1
159.218 189.486 6
270.476 192.358 2
105.902 203.85 2
359.221 202.922 7
392.6 218.255 1
486.193 214.043 2
208.906 248.48 1
303.864 247.584 5
446.146 246.929 1
402.932 251.919 4
198.596 278.934 5
538.338 293.015 1
268.407 301.866 1
358.169 298.245 3
238.614 313.06 1
126.019 312.931 3
180.747 317.341 9
99.1008 327.461 4
147.519 329.264 1
514.131 349.614 3
115.471 354.192 1
333.793 372.33 1
63.0394 390.391 4
82.6359 391.537 2
112.013 399.23 2
124.088 403.326 3
178.064 412.853 4
64.7317 420.474 4
478.833 439.628 1
495.181 441.699 1
44.8412 448.271 2
200.835 450.217 1
230.337 496.925 2
247.877 497.098 2
179.137 407.746 1
301.359 181.804 9
111.088 224.127 1
158.119 279.4 1
352.647 348.013 1
277.886 476.727 1
239.16 194.832 3
137.511 222.541 1
413.705 263.711 1
178.552 277.959 2
131.589 325.636 1
104.448 357.19 3
436.182 365.803 2
287.462 390.871 1
146.35 225.458 1
102.86 291.216 2
245.899 394.52 3
328.721 45.4481 1
476.718 196.298 1
551.959 280.378 4
505.014 251.061 2
478.439 235.738 1
552.476 318.799 2
382.784 229.241 5
493.464 326.977 3
240.361 243.976 1
115.918 171.906 1
286.879 358.712 1
104.644 231.231 5
185.614 294.08 1
208.453 324.569 1
217.391 332.933 2
222.406 336.205 6
240.109 457.311 1
80.6727 368.05 2
49.6658 365.927 3
192.09 526.988 1
203.373 535.347 1
518.813 165.804 1
339.816 67.7429 1
266.335 64.0023 3
379.085 169.938 2
292.594 120.754 3
467.964 292.237 1
157.836 72.3913 4
236.996 141.758 1
454.323 327.558 1
460.54 330.531 1
152.1 128.462 5
208.436 172.441 1
362.636 282.926 3
277.363 289.755 1
248.987 273.228 1
186.935 235.675 2
95.745 171.405 2
52.6795 146.396 1
527.247 532.922 3
207.172 304.283 2
166.255 284.167 2
100.215 255.149 2
260.344 403.997 1
386.573 539.982 2
192.368 405.502 2
45.3129 320.877 1
148.156 432.147 4
39.8404 374.086 2
206.097 559.86 2
369.676 204.812 5
266.985 139.316 4
210.853 174.498 1
467.414 404.813 4
68.125 183.596 1
213.261 442.924 4
509.388 131.502 3
364.366 65.7016 1
341.162 62.2276 2
425.056 160.804 2
369.323 163.774 1
253.712 117.846 7
382.034 234.019 2
415.939 346.685 2
360.479 351.457 4
55.1503 165.704 1
93.3858 309.605 2
153.166 388.744 2
177.982 445.483 1
192.061 484.306 1
386.394 83.3586 1
490.478 158.858 4
391.381 127.466 3
435.559 187.458 6
306.633 130.147 1
529.373 289.691 1
405.795 223.645 4
436.383 246.083 1
357.679 198.337 1
475.946 283.678 3
332.516 204.136 5
401.289 250.753 1
144.34 78.4872 5
508.126 349.311 3
481.931 337.157 1
359.624 252.594 3
129.027 111.711 1
195.776 162.88 2
154.799 144.226 3
284.352 245.652 6
359.433 294.777 1
329.766 293.369 1
499.067 415.291 2
400.373 363.026 3
224.446 235.092 5
153.944 188.709 2
69.7688 136.554 4
343.516 335.74 11
470.981 437.517 1
169.943 221.376 2
167.998 239.148 4
328.389 371.693 2
391.036 512.774 1
366.4 510.639 1
223.256 415.81 1
136.974 355.033 2
106.708 360.929 4
310.593 515.26 1
137.367 403.703 5
107.812 397.603 1
166.376 462.297 3
177.163 481.014 2
443.95 144.586 1
354.879 207.64 5
284.574 245.589 1
326.086 308.419 1
133.842 197.288 2
246.84 324.763 9
406.015 263.392 5
468.786 351.785 4
187.476 172.674 8
479.647 417.254 1
143.346 209.639 2
285.388 313.574 1
362.015 376.712 1
244.881 302.586 1
278.979 388.141 1
182.484 345.615 3
379.776 251.71 1
559.726 246.946 2
420.79 70.6667 2
465.923 225.279 1
325.496 86.1279 3
226.375 203.216 1
160.405 79.1404 5
133.92 51.7157 1
185.55 219.847 1
203.239 317.756 1
166.504 295.797 1
92.4034 92.2077 3
121.868 209.178 1
191.868 501.968 2
56.6259 97.3514 1
527.428 37.7118 2
534.604 138.567 1
486.473 27.3087 1
536.964 265.088 1
503.818 189.082 1
520.956 262.334 1
462.807 161.564 5
491.608 251.085 1
438.139 178.832 3
540.386 528.039 2
400.581 151.117 1
407.2 167.631 1
423.544 215.048 2
390.055 171.873 1
369.399 197.579 1
358.158 179.765 1
253.072 26.7446 2
230.473 59.4771 3
245.592 130.43 4
194.443 58.8286 1
194.853 90.223 2
170.556 31.4396 2
308.797 505.182 1
145.282 54.8881 2
258.179 400.103 2
232.356 404.145 2
242.445 435.567 3
159.435 271.691 5
194.572 408.359 1
188.33 452.696 1
67.0294 107.598 1
110.578 339.779 1
97.8223 337.305 3
155.358 511.151 1
105.699 386.019 2
45.7907 227.534 2
115.941 503.194 2
225.695 111.999 2
282.246 397.639 2
195.894 301.67 1
205.563 426.949 1
427.003 233.201 4
280.479 85.0779 2
319.957 261.806 3
267.993 145.66 1
222.825 126.641 1
274.262 356.049 2
323.439 549.477 2
189.793 145.07 1
184.087 206.411 4
249.876 410.03 10
257.666 440.911 6
122.058 86.2195 2
247.102 557.461 1
126.913 190.082 3
154.046 350.872 1
104.637 283.188 3
125.204 387.398 2
480.373 280.355 1
418.113 141.273 1
478.86 335.721 1
437.231 242.517 1
382.221 80.2772 2
385.88 122.089 1
394.801 155.013 2
403.847 220.043 2
362.208 116.721 3
380.181 173.582 1
309.958 107.486 4
330.408 196.947 3
302.372 126.67 3
339.576 236.624 1
315.825 255.91 5
393.295 509.337 4
320.577 304.65 1
273.987 193.867 1
288.515 524.861 1
128.279 55.4061 4
218.105 320.382 1
264.742 493.129 2
150.251 187.389 3
168.913 237.529 2
215.811 514.955 3
131.354 339.98 2
135.126 398.602 1
90.6839 321.496 1
493.502 415.599 4
426.787 320.642 2
184.73 137.499 1
151.472 329.24 1
415.534 255.809 1
342.127 211.278 3
285.701 137.537 3
276.384 280.148 2
285.089 303.17 2
209.536 104.435 1
218.359 182.634 2
277.161 380.588 3
222.076 471.469 1
161.948 493.826 2
482.764 231.419 4
407.393 335.551 1
335.293 500.694 4
439.236 152.152 1
304.687 536.73 2
393.771 262.889 11
394.009 198.106 5
413.833 50.2312 1
353.98 197.187 1
327.625 278.07 1
257.537 481.126 3
363.474 46.2007 3
212.578 420.641 1
171.025 73.736 1
148.773 102.383 2
124.253 173.727 2
49.3471 311.029 1
537.193 121.836 7
522.314 55.1897 2
486.055 125.041 1
483.939 91.8891 1
447.244 198.036 2
438.356 175.889 1
419.153 85.6526 2
321.01 370.511 8
391.592 96.6829 1
342.705 179.035 1
250.863 432.881 1
351.545 66.4351 1
197.782 531.481 1
173.118 517.587 9
179.419 488.048 2
183.477 440.664 6
282.108 123.326 5
201.666 347.44 3
204.979 244.306 1
263.929 34.7385 2
202.515 163.13 1
133.808 299.319 3
112.413 46.0902 1
57.198 29.9922 2
545.977 558.775 1
408.741 126.299 1
221.241 407.429 1
515.168 111.551 3
370.845 87.0424 2
319.09 213.223 1
317.097 83.7271 1
175.739 436.635 3
275.541 83.5054 1
202.018 186.291 2
180.775 205.962 1
125.103 255.153 3
100.048 174.059 7
485.223 434.07 1
444.741 400.51 3
385.588 544.382 1
471 245 1
473.518 127.976 1
448.494 203.223 1
421.083 140.452 2
286.596 520.367 1
289.038 481.432 1
352.069 215.758 2
261.102 490.152 1
384.552 75.9593 1
291.926 237.499 1
325.042 108.944 2
212.913 391.285 1
217.811 316.016 1
187.644 282.721 1
188.803 204.466 10
177.027 174.684 1
98.5968 307.183 1
102.556 91.9327 5
220.985 94.8126 2
353.821 492.815 1
371.472 366.153 1
267.894 350.908 7
237.382 412.511 1
246.553 77.9358 1
368.572 126.167 1
336.954 204.164 10
277.059 375.843 1
316.594 231.051 1
222.611 466.091 1
301.354 172.465 2
275.236 202.338 1
266.357 100.055 1
203.188 100.829 1
164.055 151.854 1
271.184 346.572 7
560.116 274.966 1
418.08 353.207 3
284.112 366.549 3
550.184 152.937 1
239.599 321.664 7
453.197 121.486 2
431.303 127.154 1
118.147 310.134 2
316.87 100.822 2
342.767 32.165 1
560.103 556.618 1
565.377 516.1 1
512.779 513.199 1
474.571 528.666 2
447.544 531.01 1
275.876 550.425 2
322.455 510.405 2
333.224 497.456 2
470.869 390.463 3
273.784 522.91 1
557.153 315.835 1
533.237 308.838 2
503.924 313.208 4
496.21 316.925 8
550.182 264.227 1
459.594 324.839 3
287.127 384.359 1
349.644 319.18 4
309.341 323.762 2
293.525 321.549 5
283.874 321.871 2
150.981 411.363 5
111.17 436.917 1
492.178 124.867 1
526.048 96.3671 2
482.876 131.036 2
492.629 113.655 2
105.634 378.404 2
169.493 312.53 2
497.544 51.8871 1
446.027 88.5681 2
342.972 157.966 2
136.985 282.345 1
318.866 146.036 2
298.332 147.503 1
289.774 147.454 2
50.1919 282.989 3
256.929 110.343 11
206.043 128.039 4
219.9 114.396 1
42.8998 206.778 1
143.45 83.153 4
79.991 64.5379 2
36.0729 79.048 2
425.704 546.928 2
481.227 317.989 1
295.343 321.756 2
421.03 175.106 11
378.208 161.729 5
403.568 108.205 2
404.71 85.9398 1
54.173 295.581 3
75.6023 62.5495 1
516.961 534.941 1
498.192 537.126 2
418.665 526.693 2
333.623 528.453 1
410.087 329.661 1
171.664 406.59 1
307.59 200.238 4
174.741 197.155 1
505.102 515.304 1
424.829 525.123 1
380.231 490.844 1
318.603 515.543 1
337.693 489.632 1
464.015 387.178 4
500.859 328.374 1
216.615 494.346 1
258.823 460.198 1
524.914 248.686 1
523.65 233.562 2
178.181 467.76 2
399.932 266.88 5
212.498 373.421 2
372.931 249.901 1
427.176 200.28 6
242.072 332.48 3
444.816 172.906 1
519.337 107.409 1
125.947 377.996 4
137.45 346.098 1
423.954 103.308 1
269.398 218.042 1
116.661 284.612 10
394.592 81.4311 1
156.397 252.722 1
191.829 203.02 3
70.8523 244.109 2
81.8169 221.895 1
109.654 94.7226 4
521.508 478.446 1
483.75 256.547 3
262.788 344.293 1
103.882 224.79 1
226.597 362.61 2
291.755 299.857 2
341.425 134.716 5
269.066 163.022 2
262.851 144.947 2
125.84 240.488 3
113.104 143.662 1
430.303 306.735 1
444.294 214.927 2
360.849 230.185 7
155.587 205.356 1
338.764 323.922 1
350.214 219.084 1
443.916 97.3377 1
258.056 115.777 3
112.541 148.875 2
88.6065 231.584 1
103.79 234.724 1
300.46 258.426 1
503.358 266.053 1
17.4322 275.869 1
47.4735 280.853 1
373.88 319.312 2
274.23 435.955 2
573.553 65.9239 1
524.528 69.2432 1
528.482 147.62 6
95.887 155.651 2
489.927 155.2 3
499.342 154.622 2
511.318 166.748 3
180.093 170.362 1
92.4503 195.453 2
245.952 216.771 3
72.6418 216.425 1
491.195 219.218 1
385.28 243.652 1
91.3799 264.646 3
114.78 297.333 4
177.287 306.045 2
255.956 311.368 1
538.455 320.474 1
87.7565 323.442 2
304.425 331.895 2
441.51 331.465 1
551.741 348.606 1
497.749 368.151 2
27.364 375.257 1
213.364 434.347 1
88.0349 485.612 3
258.752 501.848 1
417.556 522.025 1
256.371 342.113 4
547.345 265.654 1
149.75 283.041 1
451.456 321.097 4
477.411 385.101 1
524.051 136.649 2
126.13 155.639 3
505.409 162.636 2
200.69 170.155 3
159.539 194.82 1
123.51 233.257 2
446.106 252.811 2
403.087 258.888 1
272.801 307.071 4
295.705 304.799 2
358.068 307.637 2
469.438 345.305 3
511.808 351.239 3
334.27 376.102 2
83.799 396.492 1
112.25 403.851 4
65.7482 426.062 3
201.389 455.09 4
99.417 348.725 1
179.285 412.317 1
196.132 288.88 2
341.956 266.875 1
191.152 345.261 2
136.478 73.4486 1
86.0165 63.2202 2
304.701 196.709 2
98.7746 128.307 1
497.237 321.044 1
66.0023 154.713 2
266.745 259.195 5
93.1275 185.183 1
474.593 416.081 1
80.7008 326.27 5
367.533 494.161 2
503.393 117.905 1
424.453 88.9744 1
517.01 169.75 2
441.117 238.489 1
213.659 134.663 4
235.624 144.52 1
328.834 253.555 2
310.39 306.863 6
265.09 293.749 1
43.3347 323.735 1
44.7476 420.515 1
402.992 164.36 2
236.404 128.049 1
167.326 116.01 2
361.631 527.956 2
496.761 237.665 2
282.487 172.094 5
266.067 164.303 1
361.324 218.717 3
315.869 200.581 4
332.382 208.846 1
499.92 314.885 1
112.166 334.53 1
439.537 121.965 2
391.326 132.655 2
529.641 295.53 1
237.05 159.095 4
397.103 259.4 3
508.306 350.846 1
154.258 193.835 1
466.137 342.23 2
321.299 307.926 1
477.367 409.132 6
488.637 447.726 1
142.224 307.643 1
507.598 354.023 3
84.8613 346.623 1
330.745 271.836 2
485.316 184.78 3
226.606 191.389 2
305.947 524.909 1
62.0982 314.092 1
250.607 555.637 1
493.194 152.424 1
447.847 103.259 4
448.891 115.834 1
498.518 192.809 1
490.404 254.849 1
381.355 119.252 2
325.743 125.364 1
365.269 200.563 2
251.641 68.49 1
303.1 167.44 1
141.695 56.7777 2
332.974 301.023 1
204.925 174.742 3
85.7257 71.7834 1
243.24 275.355 2
66.8179 85.5906 1
201.902 283.542 1
184.412 283.203 1
203.487 306.359 2
213.332 379.971 1
58.5555 308.48 2
181.115 511.749 3
67.0123 497.721 1
406.19 222.826 2
254.521 115.904 1
243.716 186.124 2
238.14 276.645 5
315.044 63.6188 2
386.708 159.984 9
369.108 154.913 2
297.413 183.792 1
289.77 180.884 3
193.036 144.765 3
154.69 269.943 6
246.135 414.156 4
158.28 317.89 2
254.956 447.6 1
160.52 346.835 1
394.76 132.504 1
362.832 126.002 4
406.07 250.324 1
473.015 338.721 1
351.396 203.236 7
329.113 203.83 1
424.834 353.34 2
226.138 139.863 3
396.049 361.587 1
318.239 307.067 1
193.069 167.813 1
287.989 296.878 3
126.088 113.117 3
165.227 223.536 2
248.414 372.971 1
137.064 309.549 1
160.501 464.152 1
141.856 195.179 3
128.652 357.413 5
374.268 372.384 1
246.975 296.917 2
270.526 390.73 1
493.479 20.1462 1
548.696 281.714 1
487.651 189.925 2
379.078 209.056 5
317.92 278.223 1
261.779 100.628 1
334.924 511.791 2
225.869 49.0863 7
290.674 429.472 1
200.837 310.349 1
144.781 96.9806 1
89.8887 302.416 1
54.0928 183.29 2
66.1012 416.835 1
517.917 262.123 2
531.811 318.038 2
462.44 288.801 1
403.427 120.865 1
381.255 70.213 3
335.67 187.307 1
351.575 339.441 3
278.816 60.1509 2
268.668 44.657 2
306.214 284.244 3
235.147 166.352 1
200.254 58.45 3
197.995 89.7146 2
226.371 289.193 1
241.266 358.464 3
195.667 561.253 1
109.781 194.131 2
177.066 515.024 1
113.724 257.274 1
85.3133 384.71 1
67.1113 375.917 1
196.861 356.004 1
429.866 533.621 2
277.024 313.874 2
317.625 548.33 4
263.283 466.554 1
240.103 394.731 2
245.496 410.508 1
196.712 489.631 1
156.328 348.132 4
458.584 173.297 1
456.778 294.407 1
419.625 243.846 1
374.484 79.3799 1
406.902 218.595 1
387.482 155.081 6
449.609 427.741 1
360.94 117.827 2
382.97 284.531 1
320.915 189.725 3
299.977 272.724 1
284.821 371.266 3
319.244 537.033 1
209.386 119.2 3
281.963 524.749 1
210.85 296.417 1
215.217 319.543 1
153.216 88.5932 1
164.884 239.568 1
133.878 120.091 1
177.776 535.529 2
223.108 181.057 1
147.158 189.111 1
271.769 103.981 1
269.714 379.542 1
240.267 327.148 2
552.794 155.634 1
479.704 176.268 2
349.131 87.5266 1
271.05 109.26 1
219.345 127.653 3
170.196 90.6231 1
105.47 30.8997 1
61.4617 50.9461 1
453.271 402.08 1
531.984 28.0314 1
439.907 408.398 3
502.834 78.1913 1
436.049 202.691 2
438.287 164.01 1
327.134 539.362 1
386.822 70.8297 2
368.61 110.395 1
295.614 435.049 1
324.089 236.961 2
282.561 389.052 3
238.041 562.01 1
252.562 493.416 3
347.765 65.6443 2
299.117 235.822 4
192.204 569.21 1
304.755 61.9954 1
291.403 44.056 1
285.306 49.3826 2
239.091 179.994 7
250.83 59.3462 1
226.463 105.376 1
198.389 135.918 4
155.263 270.678 1
133.459 362.267 5
129.866 369.382 6
90.295 208.755 1
84.2676 173.515 2
474.685 123.548 5
294.103 234.975 1
317.875 49.9425 2
310.167 83.4662 1
440.05 401.333 1
379.47 543.715 2
454.123 174.473 2
444.355 201.849 1
282.164 480.788 1
278.944 517.686 1
288.382 369.947 1
231.619 469.451 1
212.574 511.051 1
279.982 95.7956 2
211.402 314.185 2
201.042 371.491 2
143.494 432.955 1
147.792 411.169 5
160.201 323.642 3
162.495 228.443 1
159.551 213.738 1
129.662 351.544 1
340.458 204.158 1
224.147 537.882 1
229.658 278.224 8
210.078 177.695 2
295.156 490.322 2
282.976 252.919 1
274.279 306.925 1
265.128 374.87 1
292.155 173.186 4
484.547 538.329 2
433.895 542.797 1
464.428 277.918 1
366.493 281.556 2
225.548 343.233 2
287.75 112.032 1
121.764 259.755 1
253.489 45.5074 1
153.42 52.8924 1
545.453 324.683 4
529.583 242.025 2
265.708 530.826 1
294.412 483.4 1
390.477 321.126 1
254.289 490.836 2
196.851 555.104 1
361.759 320.669 2
529.14 109.033 1
303.662 209.069 2
285.569 210.252 1
184.34 307.459 2
256.884 210.996 2
132.404 360.659 2
197.678 196.155 9
163.736 188.898 2
201.577 129.41 2
175.919 147.149 2
48.4785 168.827 1
507.565 264.135 1
380.92 358.394 1
294.463 369.275 3
345.127 174.181 1
254.133 167.088 2
119.827 248.892 4
458.236 385.524 1
445.956 390.4 1
283.029 517.097 4
282.457 495.226 2
280.643 454.909 1
355.941 343.404 3
231.956 465.336 3
441.303 171.159 2
348.971 209.211 1
226.705 353.531 1
208.824 373.928 1
387.603 125.554 2
145.073 428.019 1
214.826 311.326 1
187.431 314.329 5
115.925 376.734 2
146.06 250.201 1
98.2071 303.007 2
432.857 309.944 1
218.116 357.839 2
341.612 138.145 2
294.776 212.166 1
205.99 319.384 1
322.974 319.984 1
387.294 353.473 1
311.323 369.752 3
363.146 331.901 7
169.982 365.059 2
378.089 115.628 1
228.177 165.535 1
259.791 63.8355 1
524.251 538.818 2
550.353 516.197 1
472.597 525.666 2
464.984 526.538 1
453.898 527.531 1
213.779 431.111 2
52.3828 492.675 2
219.582 383.851 1
351.429 317.48 1
307.519 319.524 1
281.852 318.954 6
119.239 382.087 2
67.3674 369.57 1
541.653 124.076 1
370.83 176.371 2
359.922 172.074 5
376.808 154.621 3
163.781 255.964 1
335.541 161.622 2
47.1173 296.746 1
34.5419 278.957 1
247.538 174.123 1
133.461 152.728 2
154.464 102.252 2
102.527 112.094 1
37.6187 91.2488 2
269.982 510.148 1
476.815 380.294 2
457.808 319 1
498.568 99.0928 1
202.665 403.891 1
171.436 411.394 2
206.573 283.497 4
118.897 250.511 1
260.095 94.9894 1
304.423 483.594 1
460.308 376.895 2
381.908 326.552 6
356.85 338.548 1
522.381 227.85 1
124.308 372.015 1
401.465 221.994 2
78.5632 360.796 2
459.683 157.509 1
326.921 206.752 1
67.0771 323.147 1
103.706 298.852 1
115.25 279.752 1
359.783 149.292 1
166.871 206.114 3
177.544 129.765 1
433.885 306.818 1
376.758 322.79 1
301.693 303.95 1
273.025 379.348 2
230.896 367.754 1
183.588 214.932 2
430.751 302.408 1
143.38 257.003 1
306.739 152.297 1
117.503 200.735 1
87.7716 205.855 2
162.713 310.691 1
371.877 314.973 3
216.52 327.253 1
29.4594 461.543 1
292.021 99.1876 1
443.673 112.631 2
510.545 172.152 2
79.7643 180.578 1
130.96 196.295 2
353.788 201.598 2
120.015 222.658 1
204.498 248.284 3
107.124 254.265 1
420.852 288.129 2
353.941 297.784 2
176.378 312.307 1
113.459 350.023 1
553.847 352.993 3
345.915 368.137 1
26.2748 378.535 1
46.1604 382.409 1
32.8411 433.534 2
514.366 441.073 1
22.643 483.238 1
50.4857 489.669 1
42.8458 496.746 2
166.216 497.137 2
542.025 293.4 1
39.1116 391.873 1
177.493 393.616 1
77.9778 140.255 2
364.295 339.265 1
324.783 350.814 1
44.6874 359.376 1
141.344 362.117 2
175.73 167.053 4
200.685 176.192 1
228.955 194.433 1
380.736 196.843 1
446.182 257.193 1
341.98 321.338 1
180.737 330.826 4
100.942 351.479 1
469.205 356.345 1
434.139 363.237 1
512.348 362.227 1
393.708 370.869 1
227.85 374.332 2
334.728 382.842 1
84.0192 404.937 2
106.976 414.412 3
123.736 418.45 1
427.113 72.8332 1
482.561 112.482 2
311.982 202.036 2
518.592 312.895 1
508.408 144.994 1
404.587 129.558 1
532.115 175.305 2
409.982 287.731 1
268.79 273.088 4
427.405 335.772 1
191.062 276.314 2
416.417 359.055 4
99.4631 260.785 3
389.777 359.274 4
342.907 368.02 5
108.496 353.776 1
39.5055 334.851 1
69.5716 346.608 1
218.649 395.515 2
148.408 409.27 1
134.956 497.797 1
534.663 291.634 1
396.779 253.448 1
318.817 199.266 2
136.366 376.013 3
432.796 194.511 2
196.171 176.485 1
529.237 304.162 2
132.336 203.192 3
394.712 308.076 3
461.952 354.66 1
506.091 361.933 2
186.214 270.513 1
328.092 317.988 2
178.181 327.771 2
70.0921 308.674 1
88.5514 350.045 1
136.213 407.654 2
120.243 417.241 1
141.996 426.208 1
159.151 268.387 2
465.088 84.3013 1
493.345 235.536 1
491.054 316.817 1
120.926 81.7867 1
226.707 186.876 1
62.5494 91.2673 2
345.172 292.453 3
392.279 342.756 2
261.47 436.984 4
528.97 124.388 1
495.549 140.611 2
381.434 124.067 3
403.607 188.346 1
349.873 196.531 1
543.004 350.302 1
174.493 99.0796 1
164.18 95.0469 1
317.975 293.843 1
73.9574 129.17 1
64.2236 129.433 1
489.806 437.554 2
85.0547 170.524 1
77.2804 216.659 1
84.939 360.035 1
117.161 399.612 1
440.472 115.299 2
362.291 247.97 2
84.2235 326.172 1
337.732 244.191 2
459.043 349 1
164.362 231.202 1
245.275 333.574 2
249.249 381.623 1
176.924 345.346 1
136.53 426.095 1
327.661 266.509 3
229.329 223.606 2
274.687 336.975 4
482.532 164.682 1
488.444 182.13 1
342.413 59.3813 1
521.042 402.955 3
414.633 270.762 2
215.177 80.8219 1
339.529 521.263 2
255.486 421.281 6
265.465 444.831 1
56.7938 199.196 2
183.282 445.322 1
365.735 236.206 7
327.765 182.822 1
451.025 422.876 1
292.864 271.092 1
266.634 268.452 1
194.293 220.422 1
115.239 127.21 1
289.233 404.918 2
155.471 283.164 1
108.989 227.019 1
96.5223 344.58 1
323.456 187.858 4
344.959 334.218 1
92.3345 347.985 1
466.376 117.67 4
381.532 159.905 1
156.314 315.622 1
155.907 329.389 1
376.405 131.672 1
413.22 357.534 1
353.909 367.957 2
289.216 378.882 1
157.714 225.499 1
160.137 250.836 1
143.9 453.204 2
512.521 112.963 1
226.402 32.8779 1
75.2924 368.239 1
519.722 180.508 2
388.323 103.181 3
377.261 72.1316 1
357.63 92.587 3
321.483 103.42 2
331.461 189.084 1
322.018 225.896 1
290.706 158.734 3
317.996 299.27 1
396.978 557.488 1
295.918 268.776 1
221.385 89.4956 1
269.041 340.51 2
130.804 50.7187 2
193.91 281.18 2
132.73 174.592 1
112.088 125.97 2
77.8811 93.7489 1
128.553 374.101 4
107.506 559.049 2
144.027 181.406 5
116.128 143.218 2
177.687 369.224 1
470.34 215.535 1
341.388 500.306 1
187.753 137.661 1
284.134 442.517 1
294.321 472.472 1
235.28 396.807 1
240.771 412.917 2
153.271 314.551 1
403.01 88.7418 1
414.142 246.52 3
378.186 287.771 1
285.731 99.1219 1
312.104 273.971 2
289.03 293.288 1
214.248 96.831 1
196.269 128.817 2
203.852 300.831 1
210.562 515.597 1
163.35 491.128 1
211.796 183.534 2
486.826 173.623 3
384.783 90.7305 3
327.124 549.978 1
179.865 451.58 2
498.88 78.1533 1
500.282 576.509 1
478.143 125.082 4
467.352 164.689 2
454.019 282.676 1
450.182 402.515 2
419.393 106.024 3
398.261 504.451 2
394.362 138.95 1
382.633 95.1116 1
366.313 329.099 2
338.564 266.36 1
328.682 28.4008 1
326.261 296.381 1
311.849 34.9902 1
295.356 90.7122 1
287.486 515.688 3
284.9 60.134 2
282.97 107.332 1
277.137 76.1015 1
253.638 36.2194 3
247.493 140.048 2
240.303 58.3699 2
240.062 530.32 1
232.52 88.2512 2
221.241 108.505 1
215.57 497.578 1
212.693 384.546 1
191.54 206.11 1
178.436 101.039 1
164.381 141.645 1
122.337 377.694 2
440.703 344.745 1
433.334 532.987 1
413.111 546.708 2
302.226 261.19 1
291.667 450.913 2
271.412 300.712 1
240.366 264.219 2
236.389 390.816 1
399.477 87.1329 1
375.683 151.004 1
364.448 75.7421 1
363.058 254.832 2
317.714 541.295 1
314.79 271.767 1
305.006 171.87 1
296.256 556.346 2
275.783 117.539 1
277.847 368.432 2
273.683 94.5587 1
268.446 518.634 2
192.819 115.511 1
190.843 387.408 1
170.203 152.47 1
219.308 179.275 1
297.555 315.83 1
460.731 277.511 2
374.943 89.5731 2
189.142 213.577 2
202.394 91.4466 1
126.673 170.489 1
101.262 30.4126 1
508.18 523.73 1
293.363 549.376 2
387.55 237.761 3
356.353 214.342 1
285.716 397.596 2
376.681 95.5466 3
320.153 84.1725 1
171.806 506.073 6
223.332 330.511 1
288.584 42.7135 1
281.415 47.9227 2
191.989 196.66 2
193.646 134.039 2
181.412 176.59 1
188.723 45.6437 1
156.609 81.4939 2
142.993 41.7073 3
107.638 104.048 1
442.337 319.986 2
386.311 321.779 1
227.255 44.818 1
330.068 218.493 1
432.216 398.302 1
440.527 200.114 1
394.839 340.74 1
269.923 513.634 1
302.315 252.801 1
221.875 353.858 2
269.193 96.1312 1
283.627 483.566 1
265.289 517.325 3
410.024 281.861 1
342.154 284.622 2
272.906 334.979 1
274.7 212.604 1
302.765 45.6212 1
188.795 111.977 1
144.347 84.5905 1
524.412 239.362 1
262.903 528.856 2
396.771 319.961 1
257.792 494.299 2
513.621 84.7525 1
238.399 465.87 3
494.301 107.87 1
367.574 191.539 1
396.613 146.66 1
215.088 242.787 1
238.884 208.825 2
153.682 80.0495 2
215.643 395.004 1
383.079 361.383 3
277.793 130.629 1
346.315 487.4 1
426.895 257.093 1
437.238 168.414 1
227.512 461.25 1
399.403 107.109 1
227.725 340.559 1
200.667 122.857 3
156.463 198.922 1
367.718 317.925 1
192.64 419.898 1
191.449 505.852 1
249.694 364.201 1
366.883 229.437 2
273.998 295.343 1
236.746 162.012 1
177.852 117.58 1
470.613 522.623 1
454.905 394.973 1
528.301 236.74 2
358.744 315.202 1
165.564 450.365 1
302.756 317.447 3
419.87 202.148 2
525.313 106.684 1
512.336 81.1624 1
344.571 190.83 1
304.851 162.547 1
326.774 81.2003 1
474.088 378.065 1
503.488 316.543 2
210.838 399.563 2
433.325 201.279 2
377.233 364.015 3
164.114 433.397 2
480.681 179.178 1
427.352 217.408 1
363.383 232.57 1
251.92 306.205 3
296.144 240.814 5
324.734 138.837 1
110.297 276.366 1
144.369 244.004 2
162.799 198.884 2
228.52 510.872 2
35.2946 502.483 1
375.975 358.813 1
168.058 378.102 1
400.874 285.758 1
394.041 287.087 1
560.155 82.0401 1
90.4025 120.816 1
174.853 88.3329 1
549.667 512.232 1
554.933 506.152 1
514.652 489.598 1
495.472 388.067 1
517.469 321.632 2
560.137 297.933 1
484.128 314.618 1
399.045 338.334 2
340.539 349.948 3
66.1384 435.176 1
552.435 245.816 1
68.6496 365.169 1
54.1702 359.97 4
446.768 170.399 1
124.307 261.757 1
33.2593 275.185 1
205.992 180.874 2
411.673 104.055 1
52.5747 163.477 1
525.008 485.506 1
427.427 99.7035 1
449.31 355.907 4
464.047 344.822 1
170.942 418.473 2
279.014 373.565 2
268.237 374.36 3
119.955 241.831 1
377.44 318.843 1
297.492 335.904 2
516.09 255.516 1
485.821 250.368 2
123.576 365.773 1
226.453 324.916 1
342.989 258.707 1
430.645 212.747 1
88.9205 299.574 1
112.596 169.961 1
431.685 100.54 1
355.246 144.217 1
272.098 165.179 2
308.145 192.099 1
38.6283 267.362 3
548.857 333.605 1
384.549 339.58 1
127.731 377.211 1
250.911 136.507 1
498.852 158.94 1
189.039 162.408 1
541.411 177.14 2
101.764 204.64 2
120.16 230.98 1
270.336 240 4
56.2227 261.001 1
484.531 340.053 1
493.707 341.523 5
551.875 357.888 2
346.013 372.479 1
27.2102 386.717 1
106.685 402.81 2
492.112 408.958 2
61.3809 421.37 1
198.628 453.008 1
111.604 356.212 1
482.207 259.746 1
327.145 336.836 2
123.4 253.45 1
116.626 102.61 1
497.158 234.006 2
314.324 195.997 4
62.1139 151.261 1
135.792 301.672 1
483.928 379.491 1
321.671 350.757 1
327.88 350.833 2
177.981 356.142 1
30.4183 352.917 1
53.0174 355.192 2
118.476 370.219 2
414.799 486.298 1
330.193 493.688 1
507.782 151.773 1
541.295 172.237 1
531.679 182.376 1
246.292 134.473 1
34.6783 209.134 1
97.6127 332.768 1
141.026 388.024 2
103.454 396.177 4
137.581 191.527 1
255.982 268.378 1
346.643 337.068 1
176.807 336.705 1
507.054 385.456 1
146.068 265.296 2
109.033 368.292 2
254.261 161.954 1
230.944 157.38 1
392.277 256.663 4
82.3746 186.247 3
239.575 293.035 1
127.693 301.457 1
156.731 343.078 3
70.9354 458.279 1
89.8125 342.408 1
352.951 334.169 1
323.437 342.508 3
126.657 332.902 1
479.8 146.44 2
260.38 180.344 1
177.436 180.733 1
187.172 197.211 3
149.077 260.987 2
93.992 368.005 1
493.15 143.914 1
351.745 111.8 1
414.887 183.547 1
216.656 130.246 2
161.319 102.36 2
347.138 299.429 1
161.348 206.179 1
337.94 369.448 1
88.8842 355.26 2
242.635 290.048 1
348.758 344.352 1
318.485 349.722 1
469.429 89.2965 1
290.922 176.948 2
405.111 344.48 1
163.74 65.5349 1
293.372 352.972 1
104.647 125.773 1
131.002 219.347 1
243.136 395.51 1
158.132 312.779 1
251.891 424.9 3
161.681 340.534 4
87.2993 281.962 1
285.597 128.138 1
255.294 273.753 4
143.027 184.583 2
129.159 344.682 2
356.703 247.181 1
126.882 347.231 1
357.422 370.217 3
288.7 322.114 1
245.926 290.174 1
242.012 217.09 1
506.599 329.212 1
159.655 343.617 1
450.039 60.5031 1
410.66 220.378 1
321.512 150.785 1
321.735 184.17 3
351.08 331.278 1
216.406 299.382 1
181.153 367.06 1
186.21 378.114 1
168.079 515.646 1
165.625 532.14 1
272.261 448.328 1
358.792 132.69 1
371.762 62.5886 2
384.258 205.121 2
275.457 146.366 2
273.427 161.636 1
230.202 82.0169 1
230.113 123.755 1
177.467 73.5132 2
213.496 253.173 1
469.055 159.44 1
472.845 323.86 1
388.683 150.189 1
391.573 280.002 1
430.929 540.932 1
393.598 504.698 3
301.474 123.214 1
286.203 158.521 1
306.632 299.406 1
195.093 53.3447 1
201.544 249.121 2
187.539 366.956 1
232.824 170.381 1
294.984 177.738 1
289.984 309.078 1
320.505 496.625 3
350.488 79.474 2
429.712 68.6994 1
352.053 25.9737 1
343.071 45.4262 2
307.087 361.719 1
163.497 120.477 1
449.378 283.089 1
435.353 408.48 1
373.376 69.1851 1
333.068 266.482 1
320.558 296.584 1
295.784 55.0207 2
296.479 551.201 1
289.314 90.4608 1
272.232 76.0888 1
213.991 108.537 1
171.62 503.871 2
194.925 368.84 1
160.353 230.947 1
376.094 64.7753 1
244.365 390.296 1
312.494 540.826 1
399.897 535.682 1
438.208 239.289 1
354.256 118.833 3
368.377 46.9837 3
371.723 322.568 1
396.669 65.5752 4
373.315 94.861 1
289.23 201.742 1
313.37 83.6233 1
214.543 506.197 1
309.194 43.3727 2
284.678 93.7433 1
172.316 475.533 1
221.894 176.339 1
151.257 273.067 2
354.396 530.338 2
245.109 386.004 1
244.633 401.318 1
295.121 350.013 1
297.972 166.333 1
254.266 95.116 2
366.613 549.039 1
357.139 364.408 1
272.872 118.615 1
273.599 123.44 3
235.759 62.6577 1
284.287 512.326 1
340.481 318.01 1
394.093 149.758 1
145.008 260.833 1
204.115 116.111 2
149.675 122.784 1
382.348 316.522 1
240.651 377.103 1
295.72 244.25 1
263.96 486.452 1
251.08 498.263 1
128.355 179.758 1
450.151 392.785 1
244.782 443.595 1
229.8 476.793 2
215.172 489.094 1
234.188 461.409 2
382.114 239.234 1
230.281 352.352 1
393.593 143.722 1
148.167 426.589 1
217.669 306.31 1
257.005 233.619 2
189.086 313.889 1
172.123 316.48 1
131.548 332.709 1
150.214 252.129 1
248.707 116.376 1
189.02 190.526 2
454.12 377.027 2
438.256 381.364 1
442.553 314.183 1
193.027 412.386 1
205.112 122.924 1
411.317 361.196 2
396.606 179.857 2
219.944 350.351 1
349.05 216.261 1
535.267 346.642 1
247.481 468.749 1
356.278 295.849 1
204.382 408.791 1
245.325 362.905 1
202.304 322.079 1
209.1 287.548 1
183.003 239.527 2
195.884 114.799 1
449.096 386.96 1
466.943 313.397 1
259.11 456.607 1
188.721 395.563 3
429.776 197.17 1
522.931 103.23 1
332.783 142.375 2
123.58 282.116 5
407.705 312.301 1
241.657 401.999 1
394.573 176.788 1
200.867 362 1
312.994 372.858 1
173.205 428.023 2
48.8599 386.712 1
179.119 320.859 1
424.508 195.2 1
48.8579 207.281 2
191.958 104.239 2
461.372 380.731 1
218.048 479.833 1
382.638 332.798 2
255.377 380.835 1
526.792 229.812 1
397.262 161.369 1
273.369 217.734 1
453.387 118.214 1
60.6901 271.708 2
172.518 204.881 2
98.1868 226.876 1
525.885 310.615 1
413.263 311.969 1
497.454 347.124 1
354.379 371.88 1
300.871 374.383 1
126.752 244.785 1
278.68 324.495 1
119.634 361.222 1
480.486 436.951 1
257.098 375.842 1
447.553 111.611 2
53.8292 114.052 1
498.981 380.08 1
339.763 345.399 1
133.489 375.036 1
306.993 307.469 1
535.911 222.274 1
214 285.795 2
60.3103 268.712 2
310.105 194.741 1
255.867 178.065 1
85.9898 220.115 1
77.4786 149.766 1
530.026 311.065 1
512.75 302.588 1
491.154 348.868 2
465.854 349.268 2
175.761 294.963 1
275.431 324.024 1
481.095 237.669 1
271.38 158.937 1
116.582 212.221 1
134.457 248.661 1
123.627 278.826 2
353.412 310.56 1
163.441 379.594 3
198.554 174.003 1
491.212 178.048 1
327.797 235.587 1
484.557 350.709 2
494.248 353.102 1
432.314 358.83 2
524.289 358.004 1
346.058 378.019 1
38.1809 403.172 2
46.4518 401.059 1
53.7777 400.713 1
86.0849 401.972 1
123.746 414.822 1
225.438 199.652 1
76.4702 161.381 1
179.634 353.122 1
140.439 366.207 2
26.9746 453.557 1
335.315 250.032 2
548.465 360.249 1
343.324 374.285 2
160.448 371.464 1
59.3364 395.081 2
49.7777 398.51 1
99.8782 407.213 1
107.661 407.556 2
146.909 202.04 1
59.4226 154.629 1
141.457 247.958 1
364.679 336.115 1
314.95 349.379 1
430.995 188.882 1
247.025 206.626 1
499.205 249.973 1
265.067 159.731 1
153.848 317.768 1
95.3539 298.368 1
389.026 228.635 1
305.288 378.883 1
111.81 407.678 1
242.811 113.345 1
487.732 342.662 3
207.218 268.687 1
134.43 312.291 2
166.355 355.824 1
442.511 263.697 1
275.141 332.195 1
470.253 127.441 1
282.713 133.821 1
317.659 375.131 1
179.361 341.15 1
131.735 408.974 1
137.203 423.037 1
142.093 439.51 1
467.576 104.678 2
471.8 108.184 2
479.769 207.901 2
281.194 411.313 1
289.999 438.592 1
298.733 457.219 1
399.189 190.425 1
281.682 129.559 2
183.355 340.2 1
143.219 436.652 1
149.578 483.583 1
180.284 272.763 2
280.891 331.342 1
442.85 75.2232 2
186.46 71.7523 1
287.41 432.265 1
286.767 440.72 1
441.673 141.384 1
343.411 195.132 1
241.238 96.6011 1
184.508 95.1116 1
186.615 340.556 1
159.607 478.699 1
163.219 517.452 2
411.173 71.0613 1
347.165 497.77 2
286.967 455.809 1
374.452 121.236 2
408.312 203.868 1
346.84 282.465 1
218.695 92.1513 1
191.601 53.958 1
257.964 271.077 1
201.398 259.602 1
298.992 176.094 1
277.56 298.636 1
247.674 401.214 1
179.234 43.116 1
423.851 239.787 2
436.654 285.719 1
424.062 411.995 1
384.934 349.99 1
318.484 284.121 1
310.646 268.006 1
216.912 89.2989 1
173.145 536.06 2
458.302 94.1712 1
438.628 533.854 1
414.104 541.249 1
355.517 25.6678 1
326.839 577.633 1
322.121 500.022 1
305.488 278.557 1
287.343 470.03 1
196.345 187.074 2
359.853 68.3007 1
312.939 25.8755 2
238.976 88.7724 1
229.857 168.732 1
201.318 109.798 1
164.445 504.136 2
411.117 249.665 1
334.775 215.574 1
287.433 319.248 1
253.045 436.909 1
278.007 148.9 1
407.716 105.482 1
382.646 152.307 1
368.462 94.0949 1
362.555 167.265 1
301.468 551.349 2
346.702 53.6347 1
199.157 389.622 1
167.625 504.025 1
268.473 93.0809 1
372.442 286.019 1
343.567 126.531 1
344.707 67.1411 1
290.603 64.503 1
382.981 148.277 1
166.236 474.01 1
288.741 486.491 1
363.233 367.174 1
438.42 395.336 1
426.862 225.085 1
169.565 474.12 1
321.697 155.203 1
206.495 297.702 1
175.72 329.546 1
194.79 395.637 1
292.023 372.92 1
253.579 399.224 1
440.672 362.794 1
407.286 361.482 1
304.728 294.82 2
371.091 337.909 1
416.183 199.438 2
180.998 325.898 2
153.994 279.676 1
202.262 468.479 1
239.9 385.449 1
234.737 499.156 1
253.712 475.28 1
134.147 188.17 1
227.357 472.325 1
338.772 341.822 1
461.323 211.349 2
369.163 225.813 1
373.589 182.799 1
211.972 281.464 1
262.596 209.454 1
209.37 340.305 1
475.952 339.947 1
148.674 400.805 1
160.768 382.04 1
221.259 300.889 1
418.274 362.131 1
217.12 426.22 1
251.533 373.928 1
69.2389 388.814 1
414.927 315.262 1
254.955 385.502 1
317.107 344.585 1
523.317 222.938 1
255.263 363.098 1
350.681 268.175 1
370.685 369.575 1
139.96 294.448 1
281.357 196.686 1
199.104 392.633 1
364.196 326.673 1
525.815 207.856 1
68.049 355.941 1
90.9394 213.267 1
116.573 176.83 1
464.343 362.257 1
456.498 360.841 1
188.767 165.774 1
532.507 314.877 1
344.84 263.964 1
376.038 240.663 1
173.705 220.605 2
