2727 10190
337.725 18.0954 1
521.271 40.9718 12
753.403 49.793 1
293.055 69.8001 1
487.787 71.6741 26
448.913 79.395 5
304.38 86.3396 3
392.319 84.6286 21
322.785 93.5698 4
330.647 98.0854 13
343.178 94.3523 32
367.082 98.1409 25
374.755 102.028 1
311.426 103.529 12
589.611 106.041 27
380.057 115.652 35
318.112 119.861 5
333.465 123.902 5
411.504 124.995 2
352.85 125.304 6
327.837 130.704 4
392.083 129.582 14
430.632 130.526 21
375.058 130.872 3
383.353 134.13 12
451.734 140.225 26
392.719 141.868 3
397.164 149.634 1
387.555 155.14 8
346.14 154.048 11
363.656 160.794 1
392.752 163.389 9
415.635 166.522 18
400.325 165.128 3
331.65 170.123 1
448.015 176.825 9
236.036 180.761 1
440.667 183.668 3
321.951 191.702 9
448.292 190.878 10
358.613 198.082 2
323.947 196.649 11
327.246 206.635 9
401.145 213.103 12
429.695 221.536 15
406.734 229.873 36
435.446 228.065 8
388.748 232.99 11
414.994 240.364 20
254.761 240.355 10
410.971 241.494 12
41.6369 243.221 24
267.795 245.442 5
283.306 253.124 11
299.76 264.207 3
217.319 267.513 14
386.226 268.917 6
233.877 274.218 2
240.028 277.361 1
322.82 278.371 7
249.515 281.736 10
256.133 286.322 2
264.338 292.05 1
266.857 294.016 1
321.877 296.578 5
271.496 297.285 6
130.372 308.813 25
142.571 306.795 15
283.156 322.635 4
202.257 331.239 28
103.073 347.393 5
93.7468 349.034 10
244.137 360.644 18
251.103 366.522 16
345.531 369.967 14
255.034 371.911 5
258.203 378.69 11
332.829 383.741 22
323.432 388.733 14
309.212 398.037 14
293.911 410.403 17
257.573 414.222 14
275.302 417.812 2
283.199 419.052 15
262.647 427.599 9
273.9 428.901 21
288.05 455.825 7
374.232 483.411 17
389.25 484.603 17
330.042 503.909 9
336.762 505.668 5
570.867 542.547 8
566.024 547.898 2
287.768 563.353 2
260.202 589.283 1
737.999 592.357 1
566.661 5.88012 1
670.183 7.24457 1
615.396 16.0157 1
543.859 18.3954 2
433.348 27.2108 4
528.549 27.3259 6
602.899 27.8263 3
416.235 28.9037 5
506.532 29.4823 15
772.076 30.1655 1
529.062 35.4508 2
526.176 45.3367 2
385.958 47.3048 4
786.875 56.0032 1
434.838 59.3105 3
211.958 61.8668 1
762.069 63.5108 8
748.818 63.8029 14
592.524 64.6122 1
553.026 68.7486 7
761.194 69.7123 8
295.988 77.8767 38
763.55 78.9579 7
486.559 81.2679 2
756.11 81.6929 10
354.199 83.053 1
642.071 85.9924 9
444.64 86.8091 3
298.342 90.0068 5
759.41 89.6508 2
355.672 92.0137 1
104.029 94.6154 1
751.547 95.418 5
400.218 95.796 2
475.775 97.6083 6
106.249 103.701 1
276.966 104.04 1
653.787 106.445 3
108.324 113.289 1
326.901 119.875 15
377.618 120.042 8
609.167 124.962 24
321.5 128.67 12
402.789 128.418 8
351.438 132.193 27
271.21 132.436 2
748.707 132.461 1
655.444 132.406 3
398.885 133.985 2
370.49 134.913 7
377.237 139.657 13
406.52 142.139 14
268.465 143.121 5
488.189 144.758 9
348.363 147.561 8
376.071 146.482 6
386.392 146.398 2
475.365 147.668 6
592.049 146.912 3
323.908 146.829 6
460.723 150.035 4
335.407 151.512 5
391.608 149.681 17
411.973 154.813 20
264.132 154.33 7
333.441 155.476 1
399.408 157.992 15
354.998 157.554 47
316.918 160.361 19
325.251 158.609 30
347.029 162.939 9
382.742 163.498 6
359.512 165.24 12
406.112 167.682 15
421.174 165.594 20
369.952 167.599 8
454.152 169.873 24
388.731 172.428 12
377.133 175.568 28
432.739 172.536 24
339.478 178.583 26
357.854 173.972 17
324.474 179.284 40
423.884 178.687 28
382.928 178.918 33
181.952 180.561 3
413.883 181.277 8
314.612 186.342 2
365.678 187.427 1
209.029 190.778 8
417.03 192.776 14
356.196 193.322 8
421.939 194.923 2
236.083 198.134 5
364.829 199.59 5
186.705 202.982 7
367.86 206.295 13
404.663 206.455 5
411.795 206.963 11
360.941 207.417 3
428.463 208.474 9
411.989 218.764 7
100.744 220.442 8
437.41 218.098 25
236.094 220.213 3
355.68 222.598 2
378.761 224.101 10
90.6508 225.412 5
423.906 227.514 16
446.153 227.462 5
448.15 235.424 6
62.4113 239.616 4
427.242 236.631 17
458.909 250.15 22
241.566 243.449 4
322.235 243.04 2
423.305 243.188 1
112.941 245.911 6
252.211 246.968 10
48.351 248.294 9
452.284 247.97 1
395.345 250.148 9
407.017 250.207 6
100.199 251.392 1
433.012 252.839 10
321.687 254.535 2
385.088 254.12 1
93.3032 255.866 3
372.713 257.973 3
409.479 258.18 5
281.012 258.92 5
434.479 260.643 5
446.314 260.036 5
426.645 263.927 19
77.2562 266.56 10
376.673 263.464 7
421.066 265.12 1
68.6216 269.146 1
392.909 268.621 1
57.046 276.141 3
226.177 277.234 3
327.769 284.211 32
386.843 277.023 2
374.763 278.01 1
402.294 277.865 12
220.408 281.147 4
396.404 282.414 4
46.496 283.654 7
174.479 283.722 1
246.437 285.885 3
337.781 286.547 1
373.995 288.119 20
415.735 285.757 7
398.286 288.341 5
190.21 288.468 2
389.193 290.449 2
404.733 291.479 1
337.582 291.427 2
38.4808 297.596 1
397.344 298.886 4
409.056 299.482 1
281.118 304.783 10
327.247 305.405 5
87.7726 310.834 5
286.836 308.903 9
152.663 311.863 26
103.235 312.997 8
70.2513 315.223 6
181.734 313.195 1
116.166 315.826 8
144.845 313.614 2
128.084 316.969 3
400.208 315.711 1
441.225 317.464 1
54.2184 317.765 2
154.544 317.868 1
300.999 322.931 14
400.432 319.877 3
439.346 322.233 3
193.25 323.831 15
42.3185 325.867 3
28.2209 338.546 4
197.209 341.676 22
203.961 341.283 4
349.294 341.712 2
218.257 342.87 8
226.736 347.725 23
217.089 351.39 8
12.0343 351.242 1
236.111 354.43 25
353.481 359.733 36
430.553 355.74 4
250.995 358.809 1
139.708 361.421 14
98.2082 363.293 1
258.201 365.919 4
424.484 366.078 8
248.268 382.627 20
348.656 375.082 4
415.788 377.841 2
342.779 383.185 1
250.344 390.959 5
268.811 390.25 11
405.968 391.294 2
332.36 392.982 7
318.632 399.985 10
385.268 403.57 22
327.463 407.904 6
501.527 411.37 1
512.062 413.543 15
273.785 411.406 12
386.867 414.318 3
446.396 415.014 1
264.796 414.703 6
400.393 418.221 7
414.533 420.979 5
423.269 422.573 16
292.748 422.912 19
365.89 422.57 2
379.154 421.803 1
297.03 427.233 1
310.966 428.099 3
280.414 434.417 29
441.081 434.872 5
429.906 433.709 1
290.839 441.262 4
304.007 439.093 5
570.868 445.236 9
423.68 442.558 3
431.156 442.211 6
417.582 447.32 3
300.666 450.975 4
408.31 452.691 1
379.368 457.233 2
400.382 459.358 3
299.099 462.727 1
587.403 463.415 4
378.766 467.356 1
404.393 491.873 5
384.405 491.811 16
390.708 491.218 6
421.014 491.62 5
437.413 492.307 3
453.16 494.001 2
470.343 496.543 2
495.025 496.128 1
489.338 497.147 2
513.604 498.333 2
505.838 498.967 8
528.921 501.602 1
522.035 502.893 3
548.139 506.266 1
536.654 507.309 6
551.226 513.82 15
560.459 516.927 16
528.964 512.799 8
542.413 516.084 12
338.781 522.319 2
448.691 527.627 6
477.119 532.776 10
599.134 536.828 3
573.81 549.578 25
573.782 558.104 9
517.591 558.088 2
501.85 565.603 1
778.762 566.73 1
771.604 570.806 1
492.838 575.242 1
280.935 576.31 2
755.634 581.54 1
331.511 16.5855 1
505.359 18.2535 1
554.808 19.7241 1
402.619 22.9254 5
205.635 27.908 1
374.24 29.4063 1
77.4238 30.2747 1
346.286 30.3062 3
570.866 33.095 1
443.143 38.2184 3
333.946 40.5881 1
498.511 46.6773 9
539.348 47.2739 17
516.847 49.2474 5
581.683 51.4751 6
336.957 55.4315 4
573.956 56.2395 10
753.319 55.9325 9
444.357 58.8657 4
392.572 59.2599 16
610.412 60.6675 17
409.835 64.4471 6
499.632 63.9827 16
514.784 62.1003 2
587.465 73.1663 6
574.768 73.5935 2
561.648 85.3312 14
610.85 85.7394 9
208.688 90.6997 1
425.994 90.0884 3
629.21 95.2724 4
510.199 98.844 22
454.57 100.988 11
523.458 107.674 10
585.04 104.215 7
344.244 106.878 32
523.592 113.103 4
97.5773 113.18 1
580.06 114.301 12
603.089 113.338 45
367.763 122.356 24
637.333 123.926 9
593.423 122.407 5
524.253 126.477 2
743.298 126.963 18
507.665 141.276 8
773.681 143.916 2
336.312 152.677 1
459.37 158.828 16
424.605 153.773 6
450.416 160.785 11
226.251 171.292 8
673.524 173.042 9
434.771 191.801 42
783.477 206.428 1
239.854 235.989 48
434.274 237.135 50
331.968 263.937 39
311.892 336.698 15
318.311 361.337 18
233.854 362.767 13
332.529 363.06 10
294.457 374.225 5
395.085 394.212 29
404.586 408.685 41
264.847 409.396 11
375.46 413.644 9
697.735 456.097 7
407.753 460.832 4
390.243 470.353 2
397.538 469.915 3
379.913 473.362 3
361.167 476.159 1
740.288 488.676 5
403.179 498.274 2
418.063 499.272 12
431.979 501.102 12
746.073 501.469 4
311.764 504.666 23
447.456 503.207 15
464.652 503.816 14
484.648 506.545 27
516.592 510.558 17
751.226 516.493 1
753.792 526.436 2
583.979 527.335 16
463.429 530.266 7
773.144 552.625 2
527.056 558.712 5
394.28 583.415 1
378.793 583.888 1
559.5 9.69892 1
392.518 18.5458 1
366.592 42.5254 2
326.603 46.2148 2
436.159 48.5257 18
538.95 64.1117 24
330.245 67.7882 3
565.526 66.5239 19
468.836 77.0979 1
621.333 74.4603 14
403.584 77.1738 7
332.685 82.7917 2
330.548 95.645 2
348.714 91.7844 5
578.606 93.9755 22
614.327 102.143 11
642.428 103.459 15
312.397 106.938 3
87.2761 108.402 5
514.693 112.503 6
619.862 116.195 9
91.6798 124.225 3
514.917 126.763 13
646.669 129.556 11
390.958 135.043 3
479.367 137.913 5
592.634 137.039 24
458.1 141.879 9
378.391 154.902 8
410.95 158.795 8
644.846 158.786 13
245.53 162.443 25
654.062 170.166 7
175.322 174.174 14
233.105 189.129 5
447.419 186.201 6
421.287 204.274 28
229.29 207.15 4
427.236 216.316 24
437.814 248.846 16
321.748 280.867 4
157.589 302.588 33
133.265 309.896 5
30.8679 329.896 1
320.904 347.925 12
141.019 352.247 1
343.869 356.439 18
246.877 365.315 5
260.31 381.404 1
397.466 395.999 1
311.725 396.653 9
553.012 407.686 3
567.975 408.013 4
581.343 408.085 2
285.9 418.104 5
646.311 420.74 2
274.801 429.052 1
667.629 428.279 9
684.091 436.79 13
707.068 452.17 13
410.807 482.231 9
725.765 484.824 1
583.17 483.966 7
740.919 507.481 7
305.223 514.449 8
461.397 521.759 5
475.509 523.587 10
595.995 525.2 9
298.937 546.471 4
517.006 549.145 16
274.997 575.393 1
549.557 20.3171 1
617.19 19.18 1
432.156 28.8501 1
417.456 33.5912 1
574.731 33.5859 2
446.693 43.2902 6
214.578 43.8141 2
499.735 48.413 1
534.339 48.7976 4
465.143 59.3257 19
766.602 61.334 1
449.756 60.0113 10
218.297 64.0726 1
352.129 63.6242 13
504.438 65.9795 5
417.773 61.3873 8
554.552 70.6209 1
153.369 73.8132 8
637.904 74.5276 32
293.816 80.2661 5
389.098 84.1294 5
491.223 84.4889 3
769.216 84.9664 1
563.693 87.7044 4
533.4 87.7665 9
611.009 91.632 6
646.375 87.1035 1
315.255 98.003 14
406.416 96.0027 1
509.05 101.266 4
455.274 106.783 7
351.593 110.181 12
588.688 106.539 9
229.097 114.243 2
604.833 112.911 2
326.607 124.649 9
343.788 123.332 34
642.635 124.613 15
609.925 126.256 2
353.12 137.708 15
409.124 143.946 2
440.985 143.553 9
508.772 148.301 4
330.508 145.718 2
490.101 146.947 1
592.001 150.959 2
122.97 155.02 2
445.502 162.999 2
315.988 163.673 4
426.864 165.513 8
459.996 169.816 9
251.134 171.381 22
679.203 176.336 5
359.393 177.612 1
187.295 182.757 3
324.091 183.08 20
426.441 182.187 1
461.686 184.063 1
244.696 186.974 23
210.872 192.782 1
239.394 204.161 5
189.081 205.482 3
369.565 208.988 1
124.461 214.624 5
413.929 214.815 10
466.488 221.623 1
94.2694 226.499 2
238.628 232.987 3
373.188 233.968 31
52.2644 248.768 3
248.935 248.614 1
457.733 251.979 10
111.683 249.758 1
376.157 261.978 2
78.7037 270.409 5
51.7601 286.287 3
329.08 287.515 24
192.879 290.027 1
343.836 291.23 2
462.656 301.421 5
327.527 309.774 1
72.3449 319.495 3
95.0668 319.094 10
131.564 322.034 8
404.998 323.617 3
443.822 325.004 1
196.289 328.132 1
32.4833 340.342 1
198.296 345.579 4
308.926 349.408 9
98.3931 355.396 5
354.941 360.71 7
134.393 364.611 15
233.947 366.376 1
296.693 377.742 4
246.551 384.088 6
348.432 382.176 2
270.424 393.834 14
386.904 404.928 1
411.765 409.333 20
304.854 411.905 17
87.9142 415.132 1
514.923 416.462 3
555.69 419.271 4
418.419 424.613 3
284.526 434.847 5
311.494 432.14 1
439.546 437.789 1
573.115 451.961 22
590.288 464.706 5
243.587 489.632 1
594.037 491.542 1
743.495 492.501 5
386.791 496.649 6
470.31 506.118 4
315.006 510.815 4
346.534 530.19 6
464.671 534.036 6
475.834 536.249 1
572.908 535.341 1
531.981 558.504 4
581.261 560.772 1
434.05 587.032 1
442.554 587.074 1
333.97 22.3297 1
339.509 57.0445 2
520.962 61.7935 1
419.617 79.9559 21
624.658 149.594 6
661.215 161.789 14
382.016 174.98 1
435.293 195.019 9
333.337 255.846 5
279.865 458.527 8
226.097 499.747 3
519.864 511.946 3
755.466 521.371 1
240.799 532.976 15
451.221 77.7213 2
350.656 91.0438 1
374.153 97.1457 2
644.044 109.643 1
270.357 115.737 1
512.91 123.782 4
647.556 126.298 1
589.918 137.839 4
464.891 142.602 2
247.467 160.803 5
382.784 158.911 1
646.295 167.349 4
178.011 173.567 1
447.056 179.437 2
105.629 185.631 3
301.61 186.276 3
228.019 212.222 1
110.992 229.63 6
412.068 240.039 1
376.579 246.847 7
301.415 256.583 9
160.578 304.29 1
136.952 308.8 6
344.642 353.304 2
194.285 387.319 3
327.093 387.258 4
614.37 410.13 2
733.369 467.136 1
238.781 466.145 15
491.951 491.177 14
530.365 494.282 15
337.376 500.98 2
545.971 499.377 11
300.988 521.323 1
580.164 552.89 1
282.531 568.635 1
389.173 569.535 1
488.166 568.146 2
613.972 23.73 1
427.367 37.3228 7
359.739 43.5016 1
634.482 45.5145 2
425.869 74.8045 2
116.979 82.7065 1
293.92 85.5198 1
389.298 93.3513 1
571.31 90.0687 1
442.75 97.3218 1
362.913 112.655 8
508.83 112.981 4
453.516 123.241 2
287.065 133.02 1
515.622 151.886 1
662.314 152.999 4
354.319 168.153 4
471.862 166.547 3
441.459 174.402 31
199.694 179.715 7
382.724 180.889 3
692.35 180.698 1
254.218 185.537 1
331.26 189.473 7
439.212 201.012 6
372.05 216.417 1
104.455 229.25 2
247.315 228.673 5
438.823 241.355 9
61.9001 250.946 1
338.065 251.165 1
462.322 257.792 2
106.601 259.102 1
257.727 258.599 3
214.98 280.872 1
59.085 288.684 2
465.938 308.153 2
332.227 325.985 1
48.814 341.006 1
362.004 375.126 3
255.712 391.251 1
411.3 410.951 15
586.101 427.613 1
292.488 435.298 3
317.178 448.658 1
575.034 457.92 9
276.964 471.042 3
749.251 491.825 1
602.971 498.24 1
239.949 499.535 1
323.672 513.756 16
761.07 524.576 1
244.319 534.733 2
356.23 542.204 1
542.362 558.83 1
592.846 570.02 1
528.53 63.8875 6
455.923 127.812 3
98.2044 337.304 2
449.61 353.355 10
168.39 364.15 1
404.808 63.6213 1
493.097 60.9481 2
350.223 94.8654 2
510.553 130.431 3
256.523 148.851 1
637.115 172.056 1
220.252 192.549 1
307.96 250.483 1
73.8614 305.73 4
238.427 363.559 1
411.099 366.923 15
613.355 406.436 1
685.458 427.462 1
743.197 462.015 1
239.6 470.48 1
534.821 75.3862 2
379.009 132.641 1
298.067 140.432 1
682.19 144.082 1
532.742 162.153 1
506.666 174.751 1
351.153 202.49 5
706.952 195.231 1
263.364 279.888 2
98.3882 342.371 1
460.849 358.993 2
373.543 393.939 1
625.053 449.061 1
449.986 470.653 2
274.787 500.286 1
541.578 529.274 1
328.417 539.574 1
159.267 551.932 1
632.664 455.033 1
457.649 472.001 2
403.429 545.567 2
476.613 544.97 1
238.732 162.642 1
634.121 183.152 1
300.269 233.839 1
164.293 299.691 1
144.74 372.796 1
494.513 463.723 2
661.766 500.882 1
571.292 214.716 1
469.805 60.0789 3
751.011 73.6317 9
396.667 77.3453 5
382.875 105.482 3
261.236 145.035 17
451.343 210.362 7
295.823 261.558 6
383.507 301.045 33
652.317 422.71 3
661.104 425.911 5
283.997 448.058 16
380.209 483.886 11
398.078 483.807 8
303.58 526.138 3
302.816 537.23 3
506.596 37.9207 7
529.044 38.5139 1
627.23 88.4474 1
310.832 92.9373 2
506.451 96.8316 1
392.108 126.741 2
391.457 172.154 1
455.996 190.592 3
72.5852 234.347 2
325.425 286.392 1
30.838 291.546 12
458.557 299.038 4
79.2945 316.587 6
289.344 320.436 2
303.23 340.236 5
74.0666 382.706 1
80.9517 416.796 3
315.014 419.509 1
429.805 459.423 3
442.472 517.036 3
493.368 534.132 4
503.31 540.774 8
549.329 545.537 1
377.987 56.4955 1
385.667 69.3239 3
532.346 88.9616 1
620.222 114.481 3
644.075 157.241 8
426.024 270.127 40
319.389 274.493 2
61.8634 320.323 2
276.163 450.619 12
459.71 518.946 3
593.855 521.154 9
571.386 538.05 1
331.186 92.056 2
326.37 110.17 15
398.584 119.079 38
637.81 140.782 5
99.0255 156.4 4
328.178 162.424 3
228.926 194.967 5
119.151 233.272 3
425.088 410.536 9
396.826 452.538 4
725.497 467.507 13
424.044 484.905 7
439.904 484.909 15
545.913 499.171 10
584.968 58.955 8
611.884 92.3006 1
430.482 94.9282 10
632.511 97.2468 3
509.022 106.082 6
453.033 110.237 1
524.701 118.356 7
610.079 129.383 1
419.194 137.037 3
487.809 149.819 3
474.768 156.338 3
645.337 161.949 2
225.861 167.055 1
251.48 175.15 1
238.74 229.885 5
371.624 237.549 8
249.744 251.578 2
211.839 273.418 3
329.262 314.533 3
70.5563 324.73 3
133.533 324.713 6
442.24 331.38 1
229.774 350.206 2
317.65 368.871 14
87.1724 418.473 1
527.041 422.052 1
418.102 427.116 12
304.824 445.465 2
579.272 483.874 11
594.078 495.991 3
422.361 501.448 1
436.141 502.873 3
506.437 511.197 6
348.5 534.952 3
574.746 89.6991 4
429.186 122.196 1
661.854 153.23 1
461.751 165.935 6
425.205 274.18 8
78.2992 335.089 1
163.951 363.003 7
487.689 421.325 1
398.102 476.114 4
232.152 499.272 2
402.228 115.88 1
646.271 119.299 1
269.138 122.936 1
630.755 130.3 8
646.942 173.392 2
519.132 401.561 1
294.666 403.985 4
416.194 442.533 1
713.738 449.81 1
336.089 497.232 1
667.257 147.024 1
514.4 158.422 1
620.221 157.136 1
472.981 170.413 2
383.011 184.667 2
692.603 185.243 1
252.474 194.043 1
335.492 192.476 2
441.202 207.377 7
339.934 246.526 1
101.89 267.385 1
260.525 265.35 1
460.265 265.119 1
392.934 271.882 1
337.109 331.963 4
132.073 338.37 4
361.181 381.256 2
185.746 419.269 1
592.936 433.841 1
576.668 469.47 2
253.597 198.338 1
306.903 247.458 2
418.473 82.8949 10
347.768 38.7777 3
353.855 68.96 3
706.441 451.881 1
399.549 146.545 3
355.098 118.147 6
318.333 143.511 5
312.11 140.023 9
336.672 273.156 2
328.766 294.493 4
405.561 412.312 7
301.162 324.557 2
306.052 330.401 4
202.245 265.029 10
311.159 525.615 13
757.626 98.9872 7
621.592 73.5609 2
707.41 167.497 1
564.782 40.8845 11
577.346 83.5971 5
655.576 168.358 2
495.625 31.8615 5
527.773 75.4935 2
588.872 147.156 2
509.074 71.5564 3
486.304 94.8474 5
425.945 58.9043 1
391.473 81.6637 2
386.778 95.4791 2
329.773 64.7352 2
366.121 105.004 4
345.924 103.028 1
428.002 216.198 1
376.932 168.277 1
270.043 100.745 11
420.318 252.025 16
304.292 145.571 5
353.147 212.199 6
195.749 63.1773 1
198.533 77.4732 1
580.21 461.796 1
200.433 86.5715 1
327.004 214.067 2
202.561 97.1322 2
252.326 166.318 3
593.832 518.077 1
480.646 410.815 1
397.418 329.844 6
216.805 178.355 15
332.713 320.705 3
516.234 546.914 1
508.914 543.354 3
306.592 406.851 3
188.868 332.852 1
291.278 475.964 2
334.809 523.496 1
367.656 570.318 2
188.864 399.797 12
165.135 382.996 11
152.927 369.608 3
236.781 487.156 2
99.014 353.377 1
236.455 518.911 1
209.763 510.137 8
245.007 546.144 1
237.14 542.416 2
230.784 540.289 1
53.0707 366.275 4
58.7214 389.439 2
70.5571 418.442 1
644.886 100.562 6
565.625 64.6443 2
541.739 63.7311 2
417.49 63.5457 3
331.521 79.6587 2
396.116 216.978 18
147.118 40.7198 1
213.144 164.409 5
109.842 217.481 15
355.166 567.043 9
218.613 515.108 10
592.827 48.2832 2
661.313 160.474 14
574.531 96.1417 6
485.788 74.8255 2
434.465 52.6894 2
472.372 140.057 6
375.402 157.797 4
439.653 246.396 8
263.029 127.426 6
242.642 166.996 3
334.085 266.623 1
583.098 532.237 2
317.575 283.886 3
238.875 236.625 1
394.606 397.866 1
338.976 352.12 8
641.242 104.003 5
573.206 86.1931 2
650.892 170.716 1
604.947 128.704 4
554.466 104.288 2
586.497 152.771 1
526.408 135.898 3
506.532 145.694 1
418.31 66.2014 2
425.142 111.607 4
463.365 157.558 1
331.553 87.4123 5
304.738 103.68 6
409.235 235.51 4
420.891 256.47 1
266.529 106.766 10
317.792 200.858 1
210.504 169.772 6
226.95 197.287 2
320.783 308.76 1
374.411 372.782 2
340.693 351.284 1
499.184 507.526 10
101.669 181.511 2
108.346 221.385 4
230.156 368.881 1
104.921 251.233 4
214.454 356.027 9
286.761 429.761 1
163.546 320.196 4
177.961 330.069 6
252.487 415.244 1
150.362 315.989 1
326.238 531.912 1
187.043 403.356 4
231.361 449.407 2
165.257 386.978 2
299.491 537.063 1
94.529 358.677 1
224.472 521.337 1
463.034 162.759 2
223.763 206.142 2
189.077 379.892 7
103.379 339.118 1
230.328 495.442 2
657.185 92.443 2
665.89 161.01 2
570.31 96.2882 2
447.776 129.817 2
379.581 99.3634 4
681.06 434.417 1
324.016 111.69 5
608.955 411.29 1
597.731 503.055 1
244.484 236.145 3
487.339 491.795 2
316.303 391.654 7
288.122 411.284 1
340.376 502.542 1
235.853 472.583 5
588.547 109.677 1
634.143 168.425 1
503.825 116.618 2
435.164 205.807 2
338.739 182.241 3
291.605 124.21 3
407.373 241.153 1
571.067 465.266 1
575.548 485.18 1
251.16 186.123 1
324.404 329.375 1
252.196 263.523 1
408.022 436.468 7
404.515 474.125 2
295.312 430.116 1
271.751 476.228 1
179.483 416.767 7
340.715 184.817 2
448.934 358.169 3
292.474 252.267 8
400.459 369.22 2
208.673 196.375 1
426.954 296.264 2
243.182 288.318 1
289.596 569.085 1
747.662 84.6414 5
739.971 506.332 1
732.435 490.806 2
630.387 146.336 5
567.17 23.5779 1
552.688 95.1656 6
547.834 77.5508 6
516.576 124.557 1
507.939 54.0626 5
456.173 231.853 14
438.996 47.0271 1
434.262 37.2715 4
418.05 216.757 1
405.293 278.424 1
397.965 195.641 8
396.552 139.799 1
392.958 182.221 1
388.854 283.595 1
381.86 241.442 1
383.819 394.029 4
373.405 404.11 6
373.542 206.864 4
366.494 39.3374 1
365.007 28.1623 1
349.653 102.009 3
349.74 197.412 3
347.94 552.183 1
342.611 139.6 1
341.039 341.97 3
342.449 545.263 4
337.328 515.24 9
327.569 374.559 3
315.314 176.133 9
307.221 422.543 2
304.785 134.361 3
295.43 344.131 9
289.168 330.62 1
273.785 79.1069 5
247.839 293.899 1
245.537 394.567 3
228.317 231.159 2
223.451 512.822 1
200.838 502.429 6
199.249 405.903 1
185.912 329.009 4
179.988 388.202 1
171.741 150.19 3
113.158 352.348 4
104.908 174.233 1
47.834 385.136 2
35.2972 216.374 3
722.93 179.991 5
687.803 175.479 3
633.43 93.4498 1
566.709 518.33 10
562.025 571.456 2
554.096 415.15 3
494.101 559.928 1
452.347 227.947 11
435.034 27.4269 3
429.634 88.8698 5
388.665 186.202 3
373.071 73.0562 5
313.835 244.054 1
575.936 408.016 1
406.232 411.827 1
375.296 39.0032 1
348.465 531.647 1
343.133 284.357 3
323.735 183.811 1
242.833 186.588 16
239.035 208.218 4
59.1092 382.356 2
628.111 150.366 2
552.608 100.504 3
537.93 64.1295 3
516.983 530.093 5
509.667 126.614 3
510.341 548.214 3
470.097 536.778 3
461.188 89.717 3
446.303 65.1248 1
433.341 48.0405 1
434.512 142.394 2
426.212 157.149 1
418.172 200.127 4
409.489 370.535 1
400.153 74.2166 1
391.408 328.994 5
383.923 300.561 6
379.753 290.799 1
369.297 73.5552 3
361.969 109.22 6
329.729 512.271 12
315.504 198.061 1
314.399 299.462 3
311.639 284.876 2
305.119 182.824 2
298.477 516.227 1
295.404 147.19 2
272.757 453.892 1
250.346 406.621 9
233.4 112.302 2
231.193 546.243 1
225.899 188.298 6
228.44 366.315 2
207.51 422.414 1
179.29 333.341 2
173.111 170.715 3
557.558 519.093 2
482.267 71.469 6
428.075 316.526 21
401.981 358.159 34
357.027 109.067 5
326.422 380.252 4
321.695 514.008 2
307.273 284.163 2
242.898 155.952 5
131.584 344.617 2
653.864 93.7652 1
564.522 92.72 3
478.687 487.603 6
437.091 132.761 4
432.012 245.661 3
383.85 482.208 2
376.513 99.0512 1
356.673 71.1666 3
340.268 91.0617 1
333.465 217.643 1
319.398 109.362 1
278.001 408.091 2
228.198 471.916 1
145.665 305.839 2
631.727 105.88 1
628.118 160.981 1
572.586 485.956 2
567.88 459.849 1
543.816 111.099 2
499.676 115.835 3
452.27 116.96 1
435.941 97.3383 2
433.034 202.021 5
424.781 271.351 3
423.778 317.924 6
398.066 234.706 4
397.79 357.898 7
370.261 299.88 3
363.796 117.689 1
351.723 169.213 5
292.551 114.539 2
268.585 468.925 1
251.663 259.824 1
242.071 149.296 3
214.992 215.829 1
182.805 418.009 1
349.771 174.295 1
312.265 380.545 3
295.468 244.144 1
444.637 363.772 2
217.867 365.171 1
380.033 348.362 1
275.574 230.314 1
471.896 352.63 1
642.231 419.217 1
234.802 533.94 8
428.186 256.448 1
324.63 291.221 1
330.631 197.206 3
385.44 122.37 1
747.862 537.097 3
746.044 523.516 1
374.954 461.143 4
408.4 374.889 5
416.538 361.249 3
366.576 413.232 1
391.918 384.203 2
428.806 324.623 8
434.178 313.937 5
294.312 446 1
298.848 433.899 1
621.96 93.6123 2
393.605 316.994 2
443.138 240.475 4
308.869 360.442 2
385.428 244.659 2
425.343 195.98 1
427.859 185.596 1
445.198 143.47 2
314 254.811 3
370.176 175.003 4
314.916 207.088 3
310.101 194.522 6
380.655 124.889 4
327.652 156.964 1
201.692 277.603 6
124.629 354.982 4
228.579 226.483 1
332.802 121.13 1
378.856 43.538 2
340.421 36.7737 1
46.611 316.623 1
49.7499 273.178 1
112.875 204.134 2
169.078 137.545 1
165.802 121.604 2
29.9627 197.387 1
85.657 93.5763 1
666.696 438.386 2
572.757 520.135 3
564.682 406.202 1
418.67 433.986 1
418.96 349.38 6
284.2 361.321 15
495.741 134.97 1
204.315 56.1555 1
550.322 417.316 5
376.206 480.305 2
322.899 500.478 3
212.208 340.673 3
332.302 205.6 4
414.597 75.4022 4
206.76 272.054 1
734.235 505.422 2
719.942 179.767 5
331.489 514.871 2
366.962 460.979 2
345.054 473.395 2
298.844 511.874 1
410.367 355.018 6
418.309 345.138 5
428.072 320.035 1
304.944 393.113 1
615.534 71.2077 4
287.507 406.96 3
269.903 424.052 3
320.468 347.049 3
409.67 235.075 1
292.871 348.713 2
510.616 121.279 2
313.508 280.813 4
448.315 72.3922 3
307.977 178.965 2
74.9836 405.598 3
214.12 263.476 1
341.518 120.292 1
195.935 264.032 6
299.192 149.893 2
130.043 304.554 3
344.193 89.6693 2
326.849 74.6063 1
266.838 112.983 5
69.0638 305.266 1
269.773 75.5615 1
82.9278 105.313 2
663.488 440.364 2
684.44 177.592 6
451.74 271.571 10
235.626 465.765 3
423.094 268.929 1
458.392 108.816 1
184.29 379.939 2
87.0664 302.225 2
228.112 87.0297 1
662.946 422.354 1
568.286 426.201 4
387.506 473.708 4
323.114 492.062 1
655.239 153.787 3
521.249 120.14 1
328.592 254.857 3
444.484 130.344 1
457.513 89.8945 3
390.326 109.857 2
571.573 473.07 1
405.004 434.184 1
350.057 450.874 1
629.147 157.945 1
316.124 378.569 3
229.797 461.251 1
332.916 346.439 3
372.02 298.414 1
273.389 401.134 2
397.505 227.572 4
278.032 352.499 1
229.056 357.029 3
412.62 138.909 2
189.882 257.227 1
215.053 187.366 1
240.186 144.864 1
165.79 158.427 1
381.017 189.192 6
296.26 237.106 1
149.712 294.98 2
584.717 391.756 1
439.144 347.299 5
328.144 235.721 1
384.971 347.549 3
303.284 372.121 1
276.441 219.158 1
371.933 145.288 4
451.929 184.151 1
517.458 53.0997 2
764.127 83.6979 1
627.774 92.1814 1
460.424 103.525 1
243.497 179.133 5
327.689 282.36 1
211.496 338.963 2
215.432 354.463 2
470.218 418.744 4
453.45 436.874 7
252.66 484.838 1
589.086 494.192 2
267.851 531.298 5
279.358 531.517 4
242.544 549.629 3
237.347 490.314 1
220.504 519.736 2
309.8 112.707 1
425.027 122.919 7
265.926 133.335 1
216.434 174.533 2
230.519 200.047 1
116.737 231.824 4
456.932 229.766 1
98.5294 305.67 6
35.4733 323.788 1
512.034 399.289 9
400.162 450.165 1
456.91 487.443 10
512.81 492.741 10
559.189 502.218 8
303.896 520.266 1
535.991 92.339 1
449.374 120.438 1
276.813 134.64 1
611.513 136.451 1
510.141 151.1 1
401.067 162.817 1
94.0455 231.526 2
51.7823 255.927 3
250.67 255.823 1
456.73 257.446 1
376.496 269.907 3
330.936 321.594 1
163.559 326.555 3
441.241 340.536 2
135.321 368.924 1
186.848 412.405 4
86.9132 423.12 1
528.865 425.787 1
415.672 431.906 1
304.492 452.703 1
280.174 467.532 2
451.054 125.148 1
661.186 149.698 1
241.937 223.504 2
489.293 427.848 1
317.877 386.999 5
296.244 402.525 2
475.237 177.106 1
384.567 191.964 1
692.598 192.568 1
339.059 204.107 1
251.193 209.272 2
443.019 223.307 2
265.347 275.221 1
458.205 274.12 1
395.542 277.142 1
134.937 345.332 1
360.491 388.409 3
416.303 405.575 1
182.847 425.103 2
341.633 210.253 2
353.04 115.35 3
367.967 145.225 6
730.731 475.422 1
31.452 295.177 1
585.558 149.26 2
424.163 108.179 2
323.681 41.0366 1
332.532 137.342 4
412.584 287.216 4
580.739 479.15 1
320.478 300.993 1
401.177 420.934 2
109.257 247.957 1
187.129 336.127 2
172.401 332.006 5
150.772 372.05 2
288.872 478.569 2
67.2212 421.729 2
234.444 545.512 1
531.072 81.3297 1
408.149 93.3977 3
268.879 104.058 1
535.403 554.12 1
227.281 492.623 6
39.2777 362.327 3
460.133 142.807 2
420.241 121.227 1
476.962 489.39 7
454.956 489.425 1
75.3752 410.775 2
634.956 78.8019 2
640.223 107.9 1
642.631 121.244 1
605.547 131.84 3
674.698 178.98 1
642.776 166.973 1
558.087 109.979 3
619.22 153.269 1
564.709 150.344 5
468.031 91.3521 1
453.879 113.786 2
504.139 150.7 2
384.629 88.5456 2
438.278 147.883 1
420.818 141.926 7
291.576 83.0461 1
300.792 115.208 1
353.533 161.745 1
453.514 257.965 1
405.87 237.798 1
369.516 243.253 1
313.597 211.837 1
248.218 177.387 1
206.907 173.072 3
318.226 314.823 1
372.81 376.79 4
410.449 432.338 4
514.881 513.629 1
104.962 224.196 4
313.482 373.201 4
480.185 509.245 2
98.6768 258.66 1
296.641 421.305 2
245.118 387.032 1
190.1 352.81 1
290.973 429.165 3
205.544 392.535 1
273.444 464.003 1
131.508 370.354 1
162.315 392.727 1
182.656 412.383 2
231.591 455.076 3
315.909 516.179 1
72.476 372.435 5
220.209 215.249 1
395.049 474.842 3
126.068 334.759 2
158.361 358.309 1
218.535 220.103 1
407.191 447.905 1
230.897 475.629 1
630.215 170.95 2
404.967 245.137 5
427.009 280.627 3
251.322 190.02 1
246.498 270.795 1
356.461 386.871 3
289.48 253.729 2
600.671 101.728 3
745.802 87.3003 2
540.417 28.7199 1
466.081 84.6905 3
382.49 286.664 1
346.241 198.382 1
388.853 328.154 3
399.276 389.284 9
300.99 134.885 1
300.484 146.283 1
311.297 181.379 1
326.524 218.567 3
318.566 297.336 1
198.306 276.807 3
180.036 329.062 2
196.043 406.365 1
120.492 315.01 1
102.37 352.801 1
45.421 357.261 1
489.564 562.499 1
348.073 213.775 1
342.621 555.953 2
338.85 549.396 1
506.239 65.2597 1
603.841 410.342 3
572.94 408.392 1
444.257 80.2608 1
433.469 487.525 1
347.291 283.737 3
354.526 545.74 1
277.402 422.248 3
637.112 103.351 4
639.057 161.536 1
602.518 128.252 2
579.222 62.2392 2
548.877 101.93 2
524.254 137.881 1
503.999 103.443 3
503.731 129.045 4
467.174 154.019 4
434.668 92.5761 1
426.437 140.848 6
423.018 218.302 1
415.875 255.851 1
431.58 310.624 4
466.748 537.605 2
360.283 237.106 2
374.385 292.557 1
380.441 302.712 4
299.451 109.823 1
380.763 412.177 1
307.232 199.576 1
308.399 302.828 1
232.111 99.6749 1
202.106 173.986 1
293.633 520.341 1
192.317 265.02 6
191.583 347.156 2
174.265 336.715 1
181.791 408.522 3
226.827 549.251 1
101.774 223.836 1
184.191 469.929 4
120.63 322.996 2
551.293 520.664 2
320.895 384.156 3
120.118 338.751 1
597.372 410.142 2
594.338 506.386 2
426.957 81.7093 6
438.895 128.426 3
519.331 496.169 1
550.942 117.327 1
487.019 116.442 1
432.412 207.431 1
361.97 121.849 1
363.72 305.524 2
402.207 436.089 3
288.248 121.881 3
293.73 240.204 2
238.444 152.318 1
304.68 386.435 4
240.782 262.88 1
208.311 222.673 1
262.549 482.356 1
174.014 424.031 8
474.017 126.837 1
350.641 249.769 6
258.719 488.967 2
426.844 236.253 1
346.02 208.645 3
352.072 366.137 2
385.992 140.656 1
386.603 110.565 1
325.26 96.0676 1
614.699 545.47 1
644.264 56.5457 1
439.068 237.205 4
446.665 175.604 3
437.467 118.156 1
340.284 333.158 1
355.883 133.24 1
224.429 534.468 1
239.194 356.19 1
302.224 119.638 1
176.479 387.36 1
138.323 322.493 3
140.03 307.86 1
118.045 352.426 3
420.278 344.697 5
674.387 433.8 1
334.292 210.015 3
84.2805 347.057 1
633.059 152.353 5
508.395 547.751 1
579.147 54.7834 1
447.644 268.607 1
344.091 476.627 1
414.271 200.559 2
429.252 141.023 1
293.668 513.903 1
267.405 451.002 2
367.821 110.064 2
286.503 357.686 1
303.471 280.747 1
211.465 513.42 2
263.279 255.083 2
300.648 104.832 1
263.758 77.5871 1
223.505 187.423 1
199.632 262.228 1
114.575 356.208 1
554.149 519.277 2
321.676 380.561 2
126.392 343.781 1
656.63 99.7586 1
453.687 441.347 2
445.214 354.36 1
443.434 136.727 4
278.409 439.023 1
336.935 90.601 3
400.848 434.572 1
490.85 117.207 1
410.607 316.919 1
394.704 355.587 3
240.835 435.887 1
289.48 240.368 1
247.186 258.522 1
205.234 185.186 2
182.278 261.767 1
355.05 187.644 3
441.241 354.329 3
420.297 225.197 1
280.608 444.971 2
213.487 273.023 1
544.311 537.085 1
578.272 453.941 2
495.054 499.509 1
506.231 404.547 1
440.161 310.058 7
434.143 159.956 1
367.252 172.287 2
490.751 56.9622 1
228.019 221.302 1
452.247 46.2338 3
307.325 152.301 4
403.495 72.9049 1
381.24 57.6022 1
735.344 553.386 1
95.3589 304.384 1
503.436 510.134 1
521.02 420.119 4
319.603 495.584 4
333.614 223.095 1
359.084 103.408 5
552.542 448.493 1
512.482 399.91 1
297.006 508.04 1
361.521 453.525 1
322.639 375.8 6
267.612 419.648 2
299.027 388.243 3
285.142 402.368 1
317.644 342.448 3
587.441 133.976 2
313.373 277.78 2
492.897 132.44 6
468.229 137.075 1
463.625 137.256 1
74.4245 402.15 1
407.745 152.661 2
318.284 210.259 2
376.675 151.448 1
397.199 113.009 2
194.71 255.414 5
338.502 115.686 4
300.65 99.8739 1
173.883 164.571 4
544.054 440.843 2
474.55 393.928 1
448.278 407.019 11
236.154 460.238 4
661.489 416.647 2
482.814 428.303 1
315.131 482.223 1
403.857 399.995 4
443.762 345.21 1
655.918 145.211 2
609.269 114.295 1
119.333 333.462 1
236.904 221.057 1
397.567 429.307 1
416.84 317.167 1
225.722 453.668 1
329.333 339.342 1
271.4 338.913 1
185.954 252.465 2
209.856 178.092 2
162.432 143.674 1
386.015 159.446 4
461.114 236.262 1
763.694 87.7749 1
181.219 185.601 1
160.688 317.96 1
78.5862 322.349 2
60.145 325.579 1
173.693 326.045 1
439.081 329.502 1
392.698 377.344 2
488.949 418.163 1
449.044 533.412 1
424.405 119.787 1
464.117 430.132 1
307.349 118.695 1
647.262 123.256 1
625.547 127.872 2
219.909 134.896 2
114.251 228.104 2
87.0664 305.711 1
455.796 483.321 1
329.539 134.017 3
275.849 141.886 1
413.624 143.314 4
614.076 148.232 1
660.005 145.661 1
509.863 156.446 1
246.274 192.621 2
104.496 261.719 1
455.081 264.413 1
376.814 273.763 1
79.8271 277.417 2
431.785 276.553 3
54.6752 291.637 1
333.708 330.036 1
354.791 368.197 2
431.796 361.549 1
269.973 400.357 4
232.175 457.367 1
615.856 152.995 1
244.627 206.586 3
294.51 392.133 1
304.904 251.615 1
442.71 230.603 2
372.309 151.63 4
337.794 269.457 3
397.973 480.567 2
490.662 525.087 3
390.304 480.271 3
745.403 70.6834 1
757.467 76.6162 1
579.501 119.634 1
752.85 220.108 1
435.789 168.548 1
204.958 120.186 1
244.756 174.385 2
113.319 320.634 2
195.777 410.98 1
561.216 110.615 1
172.049 365.269 1
724.598 162.437 1
447.882 126.185 2
372.257 94.7492 1
364.332 214.672 3
729.493 464.739 2
83.6885 305.549 2
236.268 471.571 1
641.507 112.909 1
558.915 118.506 1
606.197 146.2 1
501.015 157.437 1
414.834 148.237 4
299.315 121.913 1
265.387 117.308 1
374.745 184.227 3
315.767 168.089 1
319.053 321.753 1
572.999 462.621 1
369.765 382.68 1
208.159 391.039 1
68.4468 373.922 1
430.862 293.358 1
404.434 48.9837 1
567.732 149.165 2
307.527 186.176 1
314.378 194.343 1
378.173 371.361 1
370.775 367.037 2
397.887 420.578 1
287.578 424.517 1
284.314 479.625 4
324.536 527.776 2
229.525 442.748 1
174.409 392.442 2
391.164 199.118 7
298.259 179.63 2
183.294 372.94 1
651.904 85.0985 3
479.825 74.6789 1
441.063 79.8296 3
430.229 81.0502 2
378.549 95.0723 2
594.871 501.667 3
516.421 492.635 1
325.936 413.713 2
192.952 335.736 4
167.053 309.324 3
669.823 179.915 1
636.71 166.561 1
559.121 152.29 4
468.9 159.325 2
414.619 261.266 2
261.689 111.028 1
385.351 352.169 5
365.648 378.625 2
196.704 177.13 1
306.877 312.754 1
458.365 508.048 1
268.582 465.825 1
188.957 375.575 1
126.414 372.765 1
538.597 112.155 1
454.862 120.5 1
293.063 120.983 1
254.053 119.717 1
221.982 358.641 4
437.709 211.131 2
336.775 188.068 1
204.986 236.185 2
311.175 77.5664 1
575.812 112.916 1
484.966 36.4105 4
339.833 141.232 1
411.346 523.616 2
318.831 219.616 2
317.744 230.022 1
270.617 80.3217 1
269.697 88.7679 1
335.64 549.136 2
105.597 352.454 1
83.481 311.734 1
536.241 34.5261 1
485.884 565.326 1
388.314 200.101 2
358.024 354.601 1
348.873 285.2 1
326.286 417.661 3
341.231 505.928 1
633.071 103.009 2
570.53 64.497 1
580.36 105.496 3
555.724 153.511 1
539.343 102.839 2
495.974 101.413 2
499.737 131.429 1
439.279 91.9517 2
402.891 242.093 1
348.461 161.602 2
374.248 303.487 3
363.437 292.08 1
293.668 110.483 1
380.538 496.963 2
298.862 201.057 1
250.198 111.255 1
299.683 302.19 1
245.517 253.023 1
285.515 521.785 1
258.298 451.633 1
128.121 369.616 2
285.919 58.6621 1
296.171 248.263 1
315.32 385.981 2
595.776 511.019 1
407.534 121.986 3
393.272 482.628 1
462.215 118.805 1
412.621 275.795 1
358.31 244.636 2
389.053 357.568 2
392.732 440.475 1
350.675 320.847 1
498.088 81.708 1
350.531 526.578 4
294.186 468.108 2
334.027 249.999 7
660.211 434.461 1
578.835 504.843 1
546.01 28.5796 1
424.424 335.135 3
487.054 28.6009 1
411.954 351.931 3
435.152 139.038 2
352.566 481.453 1
386.815 315.752 2
319.844 506.5 1
336.347 411.432 3
370.028 106.591 2
294.489 352.267 2
274.302 256.417 2
468.725 532.503 2
656.62 425.33 2
593.621 559.399 1
448.122 438.099 3
494.769 85.061 1
351.055 386.521 2
122.245 308.16 1
657.216 438.631 1
532.56 478.859 1
501.865 546.088 1
543.091 101.707 1
483.994 55.2868 1
423.63 313.047 4
380.085 402.129 2
422.138 138.671 1
401.55 234.007 1
340.688 474.988 1
286.086 513.938 1
279.327 402.078 2
329.572 112.656 1
251.514 438.209 1
294.183 104.049 1
195.467 526.666 1
253.715 252.086 1
194.54 418.579 1
254.306 109.32 1
181.329 404.227 1
253.496 76.1542 2
185.599 341.13 1
177.327 276.527 11
393.332 194.981 1
190.455 526.394 2
564.344 402.744 1
460.599 441.715 5
473.724 120.889 1
401.841 390.335 1
391.932 433.29 1
410.922 268.499 1
382.435 351.678 1
377.52 308.242 2
360.188 233.673 1
304.761 381.257 1
276.532 234.989 1
235.309 256.568 1
349.703 194.252 1
361.303 104.724 1
59.2758 280.17 1
717.432 471.483 1
558.517 440.561 1
349.932 469.226 1
425.622 339.579 2
428.717 331.704 2
385.673 295.306 3
307.796 394.275 1
362.313 257.2 1
305.065 327.304 1
320.193 234.275 1
285.022 262.181 1
365.117 137.93 2
303.629 152.608 2
114.511 220.343 2
541.931 498.038 1
515.111 404.902 1
462.062 404.172 3
406.204 362.762 2
223.426 502.932 1
346.918 300.386 1
502.817 83.6635 3
347.855 111.189 2
575.366 481.047 1
689.179 179.958 1
368.371 495.173 1
358.041 452.944 1
388.978 389.947 1
290.57 504.165 1
446.714 271.499 1
552.147 106.604 2
378.489 296.37 1
335.977 349.441 1
402.072 227.739 1
412.543 194.748 4
287.489 346.868 1
274.028 260.164 1
374.875 114.618 1
324.451 135.812 2
333.068 109.849 4
219.521 181.533 6
169.818 159.95 2
405.406 191.68 2
513.434 426.983 1
448.036 345.496 2
392.227 425.127 2
254.968 331.136 1
220.047 348.071 1
338.32 135.525 1
553.173 499.416 1
454.216 414.239 2
298.515 345.144 1
443.625 243.732 2
78.327 406.574 1
415.323 235.515 1
408.139 184.436 1
515.677 121.489 1
325.778 201.563 1
331.856 71.3499 1
485.441 400.601 1
362.193 456.526 1
648.275 163.751 1
187.291 384.116 1
635.468 137.564 2
68.7021 251.247 1
565.163 422.419 2
523.858 424.326 4
286.638 268.292 2
334.448 227.06 1
278.259 131.613 1
511.944 395.265 1
313.855 485.462 1
477.594 393.884 1
442.97 407.19 1
364.428 443.71 1
290.37 344.365 1
584.538 129.752 3
391.119 188.965 3
490.395 129.803 1
336.606 114.304 1
122.735 206.904 4
330.161 249.35 1
269.269 265.416 1
312.61 368.732 1
326.25 333.812 3
265.814 323.146 1
223.608 341.032 1
182.23 250.245 1
263.816 139.456 1
763.888 92.2882 1
318.974 168.968 1
424.545 185.707 1
42.4618 263.071 1
148.737 321.14 1
160.958 321.966 1
438.542 337.051 2
232.668 372.868 1
343.287 389.233 1
276.944 390.422 1
264.525 405.109 2
325.817 227.523 1
84.0087 297.546 1
462.858 174.127 2
647.996 178.401 1
361.459 180.188 1
335.008 202.088 1
336.82 344.127 4
443.157 351.24 1
354.139 375.885 4
735.774 292.12 1
334.576 309.99 2
751.721 223.931 1
473.511 160.043 1
381.314 409.216 1
455.433 431.602 1
38.2203 365.773 1
468.125 426.556 1
289.705 390.908 2
210.747 395.745 1
337.922 378.254 3
408.54 403.131 1
64.7895 382.965 2
339.903 197.795 1
117.514 289.079 1
411.635 172.069 1
362.628 211.592 1
257.463 154.401 2
723.685 219.276 2
578.857 154.95 3
363.372 172.034 2
408.007 291.299 2
366.957 372.725 2
296.227 416.685 1
189.199 349.579 1
160.957 389.358 1
65.0966 425.747 1
163.188 313.44 1
192.942 337.095 1
421.009 276.527 1
190.902 183.185 1
128.457 341.369 3
359.764 254.994 1
227.095 291.95 1
504.567 61.6259 1
408.451 176.213 2
395.615 422.791 1
203.716 169.721 3
192.005 377.336 2
124.335 320.638 1
171.508 394.956 2
199.254 172.023 5
185.736 370.201 1
332.689 102.544 1
227.794 357.952 3
213.018 348.666 7
166.674 312.441 3
407.28 265.211 2
248.861 119.456 1
260.589 475.637 1
347.04 256.325 1
393.627 360.382 2
579.439 34.7321 1
586.609 140.613 1
519.932 538.122 2
375.077 563.293 5
165.197 305.271 1
435.818 89.3747 3
549.274 555.46 1
494.023 542.051 1
413.86 348.702 1
372.719 245.449 1
336.935 143.242 2
266.759 89.9273 2
336.714 558.435 1
193.422 278.893 1
187.083 469.178 3
355.356 282.646 3
607.017 536.676 2
428.661 486.399 2
625.406 82.0324 1
552.363 155 1
472.872 72.5288 3
462.577 107.023 3
565.508 455.581 1
368.467 130.033 1
399.516 260.94 2
341.436 169.008 5
367.741 306.609 3
288.359 82.8436 2
361.436 295.238 2
377.732 499.458 3
241.714 110.984 1
238.902 157.045 1
210.646 209.775 1
264.658 470.759 1
181.614 269.766 1
353.252 241.387 2
368.602 450.078 1
409.675 21.6776 3
347.59 276.473 1
329.629 409.794 1
292.069 456.421 1
269.075 154.04 1
546.843 552.348 1
513.855 39.2373 2
508.769 412.381 1
436.202 307.29 1
415.695 522.923 1
404.239 380.547 4
310.243 296.838 1
224.808 344.882 2
222.214 538.69 1
209.217 530.02 1
542.747 34.6769 2
486.319 562.286 1
451.991 89.449 1
598.823 510.736 2
594.142 409.505 1
531.137 125.05 1
524.057 559.805 1
356.016 379.67 1
349.444 508.238 1
318.792 101.308 2
278.872 151.758 3
486.468 101.457 2
490.829 113.313 1
417.566 310.709 2
382.544 199.627 1
382.165 129.016 1
367.743 292.196 1
288.061 105.153 2
276.639 518.379 1
240.92 250.789 1
245.487 436.919 1
208.87 182.274 1
203.639 543.64 1
481.123 103.779 2
432.781 126.189 1
377.831 438.396 1
382.818 503.081 1
587.243 517.516 1
637.184 151.985 2
439.454 304.239 2
383.825 314.889 2
431.824 138.161 1
355.514 152.45 1
213.516 529.187 1
220.619 275.497 1
170.495 385.392 1
225.09 184.01 4
439.759 504.258 1
295.999 257.233 1
553.41 403.874 1
506.025 418.457 2
428.055 463.558 1
437.962 365.587 1
499.452 85.5712 1
352.198 533.215 1
441.137 136.048 1
518.354 475.959 1
628.042 71.1575 1
573.569 104.862 2
435.963 400.385 2
409.991 427.443 1
371.693 494.139 1
413.207 311.296 2
477.886 68.5292 1
392.08 227.23 1
241.377 431.067 1
227.797 467.331 1
185.782 522.01 1
290.016 78.6287 2
287.751 101.376 1
236.473 70.9766 1
286.003 246.077 1
403.205 477.688 2
423.086 233.951 3
424.963 128.378 1
272.275 434.73 1
378.052 428.17 1
411.044 470.984 1
380.88 143.513 2
712.808 468.046 1
552.005 436.399 1
371.983 458.888 1
615.557 114.363 2
383.817 292.983 1
277.824 370.934 1
308.799 279.663 1
328.663 136.021 1
368.874 457.699 1
455.46 71.8812 2
291.262 256.851 3
364.305 69.956 2
557.887 423.154 3
451.823 346.054 3
438.973 362.654 1
346.445 401.763 1
507.302 86.2354 2
351.491 300.479 2
571.904 480.253 1
528.861 429.452 1
439.452 402.099 2
353.17 448.146 1
418.922 314.843 1
400.856 341.016 2
463.603 130.331 1
243.596 425.5 1
276.571 341.314 1
270.693 350.986 1
282.511 266.539 1
158.568 293.37 1
445.393 341.831 1
358.141 285.656 2
288.037 265.044 1
355.288 169.953 1
729.524 486.44 1
372.367 454.896 2
222.667 476.742 1
295.135 338.57 2
77.4685 402.621 1
442.035 195.698 1
621.434 123.219 1
356.554 437.354 1
635.635 157.563 1
333.708 343.367 2
257.732 400.688 1
283.508 334.533 2
367.164 233.108 1
286.456 243.06 1
191.04 248.711 1
589.133 498.952 1
446.741 263.766 1
299.568 273.681 3
302.796 503.817 1
361.321 450.251 1
453.029 410.659 2
280.767 411.915 1
155.944 332.545 1
612.681 96.5102 1
39.5643 235.258 1
325.488 87.7337 1
89.977 114.259 1
405.291 370.384 2
448.087 208.623 2
337.012 342.263 1
155.136 293.699 1
245.783 219.259 1
118.936 194.487 2
266.676 124.975 1
438.466 342.463 2
343.147 393.202 1
265.417 400.597 1
301.773 461.358 1
579.876 472.124 1
610.709 145.251 1
334.502 105.862 1
365.725 238.609 1
323.365 318.305 1
426.808 360.044 1
405.182 400.364 1
213.161 390.424 1
155.409 347.784 1
225.258 399.31 2
337.605 375.006 1
450.378 240.601 1
366.197 175.962 1
391.309 344.023 3
177.285 413.402 1
347.895 252.615 3
365.166 375.19 1
342.095 170.934 1
299.896 379.546 2
392.681 264.547 1
366.221 249.507 1
403.464 286.992 1
413.068 344.2 3
204.966 396.01 1
428.566 480.383 1
170.104 305.67 1
188.337 368.305 1
331.694 406.05 1
213.295 347.796 1
526.734 341.158 1
334.276 177.509 1
404.095 283.355 1
387.227 280.876 1
236.494 167.261 1
512.801 532.557 2
597.385 67.6738 1
473.311 99.9782 1
436.563 74.7827 1
395.015 208.138 2
258.977 103.557 1
333.35 354.726 1
277.934 483.002 2
253.69 105.937 2
330.035 413.87 1
362.586 130.265 1
408.427 275.858 1
361.571 241.464 1
231.634 118.68 1
307.295 390.112 1
423.92 37.2714 1
440.222 87.7264 2
539.67 555.678 1
438.651 166.014 2
354.735 103.206 1
302.353 195.702 1
542.271 126.992 1
372.029 197.576 1
243.485 94.5569 1
411.042 115.45 1
338.201 208.864 1
457.527 75.749 1
446.851 107.751 1
414.763 270.506 1
382.716 398.394 1
283.742 83.9168 1
287.803 110.849 1
356.586 312.139 1
529.216 103.462 1
543.964 95.1924 1
505.637 411.976 1
497.291 96.523 2
436.647 277.778 1
431.784 305.929 2
427.645 28.3063 1
416.076 333.831 2
401.775 198.683 1
259.822 79.1404 1
239.595 89.3603 1
214.457 538.325 1
190.244 276.811 3
504.327 548.556 1
245.779 80.1067 2
589.747 51.4774 1
578.876 38.4304 1
467.383 523.555 1
456.43 439.433 2
431.981 462.532 2
404.864 113.926 1
369.127 522.201 1
471.371 105.174 2
419.011 268.62 2
403.198 425.682 3
392.615 49.5898 1
406.568 528.165 1
388.893 354.259 1
374.51 495.432 1
262.968 517.879 1
234.949 434.949 1
342.658 508.666 1
315.047 443.712 1
424.853 135.568 1
408.135 198.136 2
377.139 312.779 2
260.687 372.815 2
206.309 528.141 1
208.782 265.901 2
202.772 253.92 1
411.818 335.423 1
394.103 187.811 1
549.208 403.935 1
416.751 395.992 1
478.817 114.36 1
366.816 492.363 1
390.301 335.179 1
259.097 507.82 1
280.727 241.803 1
236.835 248.711 1
225.247 70.5553 1
416.499 471.243 2
347.87 396.104 1
538.853 477.929 1
614.513 132.14 1
449.306 403.753 1
435.349 303.206 1
406.888 187.674 1
255.754 435.102 1
203.349 519.936 1
269.805 254.152 1
240.872 284.283 1
237.114 289.116 1
211.32 239.304 1
188.126 274.102 3
412.197 339.821 1
354.925 458.505 1
399.404 185.577 1
511.843 420.228 2
530.31 148.809 1
329.425 500.387 1
421.575 394.593 1
483.237 120.577 1
262.668 394.324 1
362.695 143.649 1
359.81 361.939 1
350.367 311.898 1
366.013 453.632 1
382.27 311.602 1
270.776 446.35 1
405.501 149.163 1
275.577 307.732 1
271.626 312.782 1
467.514 131.771 2
295.337 271.42 1
561.751 425.159 2
534.922 147.289 1
429.112 169.876 2
216.213 435.404 2
378.064 201.126 2
315.14 490.326 1
292.777 335.291 2
444.979 197.971 2
407.593 222.359 1
324.833 369.597 1
300.767 278.453 1
274.488 323.745 1
343.523 316.116 1
341.879 340.64 1
362.549 245.936 1
397.378 188.659 1
402.412 174.669 1
335.103 133.688 1
324.595 372.598 1
315.682 294.028 2
279.04 323.14 1
233.34 345.228 2
418.733 259.854 1
252.901 178.166 1
580.709 467.851 1
370.021 440.175 1
284.472 444.661 1
263.452 434.932 2
650.793 175.134 1
452.14 219.705 2
38.2994 232.164 1
436.544 284.362 1
428.632 285.588 1
326.837 223.048 1
82.9486 293.233 1
342.976 403.227 1
331.472 302.627 1
751.115 240.937 1
446.402 337.029 1
336.701 199.602 1
347.976 179.783 1
371.806 185.37 1
363.069 185.89 1
434.941 344.305 1
374.734 435.453 1
222.886 354.046 2
328.098 142.841 1
369.011 189.874 1
345.029 244.618 1
362.609 253.306 1
379.545 210.89 1
307.638 377.328 1
563.581 145.214 1
381.566 245.388 1
608.086 532.223 1
518.369 489.679 1
171.935 308.413 1
552.352 151.924 1
344.159 165.958 2
371.773 419.783 2
387.089 240.347 1
364.598 281.676 1
372.135 410.028 3
250.822 232.943 2
397.356 243.831 1
536.216 132.434 1
425.51 114.964 1
382.373 440.008 1
469.351 164.188 1
282.388 150.479 1
558.608 123.178 1
418.875 38.7076 2
416.794 50.0943 1
425.058 305.759 1
401.685 256.25 1
374.46 417.487 1
200.712 542.27 1
406.872 52.5418 1
418.565 307.593 1
193.423 543.787 1
444.597 124.671 1
418.126 410.281 1
611.169 551.19 1
539.517 137.403 1
489.586 97.5629 2
421.719 305.694 1
406.333 334.427 4
390.015 212.809 1
512.623 82.7035 2
412.155 48.5547 1
343.293 201.786 1
342.823 215.868 1
444.966 73.7802 2
390.215 428.778 1
445.299 368.354 2
298.374 458.277 1
435.011 267.55 1
422.864 308.834 1
418.014 320.977 1
378.152 408.788 1
395.003 232.418 1
386.874 125.112 1
377.516 197.231 1
468.516 441.239 1
447.586 519.966 1
477.845 283.893 1
470.404 318.069 1
390.316 524.36 1
346.886 510.612 1
350.982 397.383 1
352.666 456.465 1
522.176 152.076 1
366.534 324.628 1
355.616 398.519 1
431.563 301.653 1
275.974 356.54 1
192.64 512.703 1
273.884 336.183 1
296.797 96.4148 1
356.364 487.134 1
392.522 305.326 1
399.33 334.377 1
383.93 205.788 1
532.964 151.107 1
430.298 157.94 1
272.891 439.535 1
366.882 349.636 1
361.985 285.637 2
456.173 448.684 1
534.309 429.658 1
390.793 207.541 1
281.988 342.304 1
273.075 353.085 1
291.491 268.225 1
260.292 304.587 1
246.271 290.547 1
396.845 270.987 1
361.056 138.87 1
358.09 115.549 1
403.683 346.432 2
293.682 315.619 1
409.653 189.871 2
283.338 248.833 1
166.706 284.644 1
134.988 301.126 1
293.485 275.383 1
294.759 328.216 1
354.045 180.963 1
260.155 405.199 1
208.299 233.098 1
347.395 324.043 1
357.571 180.903 1
342.404 193.536 1
345.497 184.638 1
399.067 191.488 1
71.147 388.692 1
213.45 232.535 1
432.962 281.903 1
410.25 148.675 1
218.654 405.734 1
210.143 343.871 1
36.2341 226.695 2
110.348 207.284 1
