3393 17611
206.509 98.5348 11
233.899 99.6369 11
232.545 108.846 12
193.6 110.925 16
243.343 111.154 13
190.38 115.951 6
224.066 116.639 3
283.456 115.687 22
271.868 115.831 9
242.963 118.822 3
303.436 123.344 12
231.877 122.402 26
309.733 125.101 1
186.992 127.099 8
224.304 125.46 16
328.865 131.692 3
187.384 135.054 10
220.246 135.187 2
342.73 138.961 1
200.097 148.166 1
193.671 154.051 32
190.844 161.407 7
301.342 173.716 13
291.724 175.097 1
307.312 175.145 3
313.668 177.448 4
279.016 177.745 55
271.762 183.025 3
325.981 179.987 47
51.0061 186.051 10
339.277 193.222 8
174.481 196.062 16
93.549 195.068 16
111.65 195.065 34
348.96 200.21 18
117.886 200.43 4
175.302 209.487 25
114.917 212.238 14
220.496 214.764 7
367.842 216.233 42
401.582 215.954 5
89.7242 216.637 13
173.302 221.527 8
314.621 220.116 9
49.254 220.434 11
376.285 224.631 20
113.717 230.904 8
232.264 237.519 20
377.976 235.833 2
86.5484 235.395 22
415.25 236.791 2
101.491 239.115 1
29.8989 241.313 2
48.5861 237.82 9
109.937 241.493 31
220.032 242.107 18
312.831 247.494 40
386.188 247.252 2
96.2651 251.757 2
214.944 253.106 9
316.182 253.928 12
105.596 250.967 18
412.11 254.196 15
277.154 256.479 1
298.948 254.436 14
260.307 256.037 18
269.086 255.535 5
231.671 257.006 28
154.216 263.061 13
118.256 265.347 19
70.0703 266.218 16
194.412 269.651 10
173.718 272.077 37
188.045 274.566 26
400.112 278.518 8
65.0485 278.519 23
402.699 286.023 3
217.555 284.88 24
204.732 287.738 24
512.528 287.641 18
113.135 294.491 23
107.043 292.778 11
55.3599 295.258 18
134.757 296.535 4
405.921 298.127 1
90.0822 300.035 4
125.588 298.095 18
197.858 304.272 26
193.407 306.538 2
48.8684 309.94 14
407.546 310.181 3
95.8045 316.739 12
408.855 316.23 23
456.44 319.386 1
386.686 321.556 12
397.786 321.283 17
414.059 325.092 4
43.9135 324.292 6
99.4353 328.532 16
334.312 326.536 5
456.628 325.489 24
200.315 328.023 5
320.23 329.439 19
311.068 332.475 10
435.11 332.965 1
428.082 332.802 22
365.688 336.801 12
116.083 336.522 19
198.092 338.57 20
32.2888 337.794 1
130.203 336.472 16
354.724 337.704 6
292.375 339.08 27
291.606 339.992 8
366.883 339.84 1
447.035 337.886 25
417.753 335.825 23
108.079 342.464 4
346.031 341.55 18
467.339 341.305 18
273.959 342.492 29
377.855 343.435 18
410.903 344.064 25
200.08 346.809 9
337.331 345.327 16
477.197 347.813 1
284.04 349.528 2
441.895 351.085 8
401.304 348.63 24
328.282 352.124 13
210.821 351.274 28
280.314 352.637 6
141.488 356.06 8
318.3 358.023 22
131.283 355.406 18
195.594 358.997 20
264.102 359.075 20
195.014 362.007 4
135.512 363.455 1
308.61 361.375 19
362.482 363.365 5
433.024 362.718 15
145.002 359.419 34
231.596 362.036 20
298.014 367.112 22
128.84 371.351 2
182.241 369.589 24
487.875 370.631 1
288.108 372.285 23
154.78 371.247 36
179.436 374.269 15
241.681 376.407 38
262.137 375.815 1
492.872 377.967 10
277.039 377.285 37
362.488 377.877 18
55.6215 380.377 10
361.895 381.059 1
129.12 383.45 19
114.272 381.23 36
159.75 382.645 35
243.807 388.334 4
354.646 388.218 3
27.94 387.205 4
150.872 387.583 13
425.589 392.703 11
20.6751 394.071 5
205.792 393.298 12
496.637 396.922 11
197.665 397.979 1
411.466 396.451 13
428.722 399.024 7
120.311 399.812 29
13.7153 402.694 1
296.925 401.774 22
71.2869 403.95 6
132.555 403.746 39
246.026 404.522 6
430.543 405.768 23
268.874 403.22 19
495.658 405.594 23
199.15 408.032 14
136.052 410.924 15
7.91039 412.053 1
275.367 412.18 1
418.43 409.299 37
282.826 413.146 1
434.461 415.654 34
162.497 415.851 16
486.152 414.345 29
196.491 415.53 10
317.811 416.497 11
131.207 418.187 16
23.7829 419.558 2
186.825 419.263 24
450.74 420.388 21
300.638 421.549 13
84.8771 424.694 22
323.613 420.499 15
162.475 422.872 1
186.025 422.757 4
331.643 425.02 12
409.436 424.611 18
474.453 422.981 30
452.72 427.727 3
313.537 428.931 2
409.965 429.257 6
442.248 430.46 11
159.772 429.629 6
339.459 427.581 33
425.982 430.128 23
211.587 434.058 6
397.914 431.4 15
463.209 430.921 30
154.693 434.476 2
47.3913 436.99 4
195.654 434.561 32
424.551 440.617 8
434.571 435.766 20
232.262 439.105 10
339.042 438.729 1
405.39 439.994 27
414.341 437.939 19
376.279 441.173 39
391.315 440.538 35
363.704 440.952 8
143.193 442.624 33
179.347 442.527 7
70.4488 443.845 10
146.175 443.672 24
256.086 446.596 6
143.078 449.266 4
209.943 448.6 25
32.8129 449.998 1
165.633 447.613 14
29.1249 450.902 5
87.9765 450.416 5
61.1936 453.072 10
73.3508 453.028 35
235.436 452.492 16
13.5351 458.374 1
178.384 454.896 43
184.25 457.133 11
201.26 457.02 23
221.868 459.842 1
267.049 460.201 2
211.164 462.217 26
103.985 464.013 35
28.413 464.933 6
144.365 468.218 5
43.09 468.205 1
32.3727 468.589 2
193.766 468.364 13
179.354 467.901 18
36.8526 471.437 2
97.3753 470.14 22
53.2897 471.807 3
86.2017 469.408 10
404.366 471.581 12
62.8165 474.092 14
212.012 473.615 23
68.3039 476.132 7
366.902 476.671 17
260.289 477.441 23
429.996 476.848 9
77.0268 479.14 6
90.6249 480.451 21
208.768 481.015 2
97.8932 482.3 1
107.502 482.868 11
171.593 481.528 23
331.596 483.196 16
117.908 480.974 34
180.186 485.462 12
338.332 487.204 16
292.48 490.061 1
301.676 494.337 9
154.393 494.691 12
316.828 499.227 22
98.2048 499.538 1
148.77 499.813 15
190.103 502.347 8
179.236 503.126 12
435.362 503.15 16
366.465 504.57 23
205.926 506.083 15
416.949 508.47 1
409.006 509.677 10
185.243 511.649 8
195.458 515.294 21
87.6593 512.569 7
95.5717 510.275 12
162.329 513.448 3
127.702 514.33 3
139.082 513.421 3
108.772 511.992 20
124.821 514.342 5
139.433 520.101 23
189.298 515.909 10
88.104 522.302 2
161.938 523.873 2
186.43 525.538 5
83.2549 526.547 19
149.47 526.761 23
552.68 535.504 1
172.973 536.875 16
204.168 539.682 8
318.769 541.928 9
150.939 546.248 7
200.35 541.082 10
195.37 548.988 6
547.486 551.522 2
201.94 555.764 4
74.7706 556.868 1
174.784 555.355 25
548.561 563.838 1
550.814 575.805 2
65.6284 586.22 1
218.818 588.987 1
204.096 590.891 1
162.442 30.6074 2
284.707 71.0335 6
167.132 77.3219 22
145.165 82.3275 12
87.7632 92.7535 34
176.155 94.4208 2
96.0451 98.3604 3
137.785 100.244 21
216.357 103.355 31
168.631 101.008 1
203.522 107.498 22
80.7985 106.818 11
227.417 110.538 2
292.237 113.816 4
217.061 115.246 5
196.565 119.618 20
502.231 117.412 10
168.069 118.301 15
157.327 121.53 8
315.737 120.114 9
209.955 121.99 3
254.111 123.917 34
50.0582 122.163 5
193.294 127.216 7
269.096 123.711 7
65.3983 124.054 6
174.127 124.537 3
202.812 121.839 7
164.838 127.568 3
238.782 128.419 3
295.98 128.501 22
195.276 130.323 31
233.048 131.111 6
200.023 137.864 20
330.4 140.823 24
215.707 141.554 12
212.209 151.26 2
181.514 153.929 5
201.377 154.06 6
180.991 160.403 3
194.51 176.857 42
282.48 171.085 2
149.816 173.036 7
91.6451 175.54 5
72.4855 177.239 6
157.388 179.001 7
211.898 181.054 9
292.709 180.358 12
101.183 179.775 2
112.954 180.685 11
62.6482 183.051 5
280.246 187.159 19
322.975 188.353 1
51.7667 195.49 7
444.545 191.661 1
121.716 192.571 12
274.515 196.842 2
516.037 197.243 6
230.964 200.453 11
180.875 199.506 9
123.456 201.387 2
260.582 202.559 16
494.735 201.163 3
94.1891 204.205 4
106.757 202.432 10
144.57 203.773 1
75.1412 209.081 2
263.744 208.719 2
228.042 211.256 41
318.833 211.947 22
376.118 213.905 5
354.431 213.486 1
69.495 213.641 3
483.171 217.091 3
110.321 220.153 13
435.04 220.327 2
232.059 222.827 31
121.237 225.792 7
553.009 222.586 1
91.769 225.131 17
303.554 224.236 13
80.3995 228.933 3
12.4055 228.553 1
227.456 230.813 23
32.0426 231.412 3
70.8526 230.669 6
381.985 231.379 18
486.868 231.469 9
104.243 233.271 6
256.657 232.757 15
532.165 232.547 1
120.396 234.575 47
441.319 233.04 3
130.836 237.731 22
193.527 241.838 8
165.262 239.143 1
387.179 238.925 21
533.161 239.631 8
89.4634 242.736 23
240.594 242.519 10
39.5667 244.006 14
119.824 244.74 20
255.943 243.746 3
394.944 247.319 51
29.1329 248.385 7
95.6678 246.636 2
167.617 247.791 29
104.979 248.581 1
244.147 249.417 3
39.7016 251.551 8
222.683 251.87 41
529.134 250.592 12
62.2228 251.98 10
85.6228 251.75 10
422.136 251.596 12
30.0902 256.975 6
237.696 260.023 25
248.93 256.356 26
94.436 256.756 7
406.677 261.022 20
38.8183 258.079 1
508.707 257.637 12
125.765 259.366 22
298.051 261.582 14
18.3169 261.825 2
415.824 262.892 7
426.181 262.043 3
512.638 264.305 5
226.865 266.72 20
181.704 267.97 12
211.671 267.81 4
400.092 267.071 1
24.6906 267.556 2
187.002 265.209 9
163.32 268.37 38
119.189 271.276 9
310.812 270.891 4
411.806 272.601 48
197.053 281.509 36
494.227 273.85 4
404.677 273.454 9
72.2206 277.866 6
120.823 278.799 18
156.473 276.85 11
134.501 279.193 31
173.093 279.735 11
180.457 281.213 8
495.043 278.457 1
407.09 280.501 21
264.524 281.313 1
116.742 283.293 17
65.6907 289.758 21
408.766 289.711 7
469.952 291.283 6
507.97 294.844 3
514.673 293.615 3
224.324 299.304 13
453.76 299.656 22
215.155 303.37 22
411.947 302.04 17
97.8089 306.606 21
117.422 306.07 16
57.0846 304.662 18
128.062 308.969 9
162.091 310.791 23
183.962 311.482 20
460.641 309.455 3
153.435 311.511 14
200.505 310.523 11
484.406 311.729 1
209.057 312.594 8
415.109 315.763 11
165.361 315.903 2
469.039 316.199 2
53.2977 318.905 23
479.131 317.773 11
110.771 319.171 29
126.466 322.362 2
106.006 324.058 27
404.524 328.344 16
362.32 328.089 18
372.947 328.663 15
383.213 328.431 13
393.44 329.133 12
134.564 328.696 9
354.042 331.41 15
343.695 330.7 12
26.6171 330.249 6
208.658 333.427 11
417.744 331.307 15
334.418 333.651 14
531.404 330.344 3
455.788 333.129 11
155.43 334.953 2
326.23 338.392 18
316.418 337.657 22
459.992 336.516 4
113.912 337.642 5
246.769 338.529 12
123.169 342.694 16
306.117 342.246 19
440.406 341.968 8
487.362 340.724 1
456.896 343.341 18
281.315 344.685 7
296.367 348.238 21
370.278 347.467 7
375.835 349.388 2
474.152 351.05 3
268.578 350.491 15
342.211 353.507 15
449.803 353.299 26
106.197 351.729 12
146.505 356.941 20
287.001 354.736 26
382.588 356.222 17
221.916 355.064 10
354.895 354.56 11
463.909 355.706 13
364.752 359.053 7
231.034 357.781 15
111.642 356.911 27
122.087 359.691 19
441.836 361.617 27
128.306 362.199 4
139.278 361.565 4
153.668 360.147 4
205.204 363.418 15
223.414 361.947 9
497.745 363.833 11
316.656 367.344 8
368.333 363.76 7
247.918 363.994 46
217.606 369.394 7
355.728 369.173 12
196.615 371.786 32
306.718 370.292 10
388.157 368.961 5
434.69 372.948 32
256.937 371.611 11
122.18 371.765 9
502.121 371.644 1
481.417 372.544 2
294.737 376.432 14
470.709 376.396 3
400.252 376.434 14
14.728 376.763 1
432.626 380.385 36
130.52 378.737 26
151.333 379.178 7
185.114 380.99 28
160.512 380.034 9
195.274 381.1 2
230.22 379.364 12
262.852 383.845 15
18.1166 381.79 1
39.7906 382.241 8
240.059 382.409 2
367.004 383.52 9
402.718 382.135 16
249.041 385.3 11
283.316 382.404 14
98.6293 384.09 2
272.825 383.966 3
507.705 384.886 28
327.661 383.752 3
125.719 387.486 47
172.679 388.885 20
202.446 382.156 22
435.991 387.058 28
274.604 393.241 8
120.015 392.09 9
360.641 391.055 2
31.7663 392.087 7
220.403 391.894 5
127.595 392.765 2
200.87 392.616 2
432.091 394.676 6
155.197 394.58 11
211.515 397.861 20
510.151 395.209 9
418.727 395.597 1
45.1121 398.082 15
122.075 396.982 4
454.11 396.865 1
32.3474 400.883 13
145.683 400.163 18
376.555 399.859 3
80.3327 402.86 20
284.909 404.026 17
499.49 402.781 4
165.746 400.903 21
355.34 401.507 2
178.377 401.988 10
127.552 404.168 2
416.86 404.166 11
30.3126 406.125 4
480.159 406.035 4
293.364 408.345 10
22.6477 409.414 2
66.5711 408.886 1
436.947 409.544 2
409.506 410.236 2
183.756 410.032 3
398.671 412.071 1
228.993 410.828 1
22.4505 413.328 4
156.322 414.335 15
131.406 413.813 5
456.289 415.205 7
470.335 414.618 7
101.012 416.125 6
141.087 419.296 27
207.57 416.344 11
34.768 417.104 1
269.561 416.034 1
55.9395 418.444 15
148.507 420.462 16
399.751 418.413 11
386.996 420.076 1
167.535 429.015 55
261.384 427.083 39
203.994 423.188 1
213.725 424.175 8
444.022 424.462 2
460.641 424.605 4
501.069 424.03 11
190.3 426.557 8
429.96 424.925 8
94.3468 425.49 8
415.059 425.967 5
300.532 427.178 1
388.202 426.894 2
401.743 426.61 1
16.5364 429.564 1
154.704 429.514 3
165.01 428.829 2
375.801 429.486 1
202.812 430.087 23
491.132 432.021 3
80.814 433.308 5
244.877 432.461 39
190.401 435.884 19
433.841 433.383 4
404.638 434.558 5
418.144 433.718 5
447.819 434.206 16
175.365 435.298 7
376.102 434.819 9
391.55 435.512 6
257.054 437.687 8
295.535 435.253 4
334.042 435.769 8
363.479 435.97 3
210.674 436.478 4
57.4211 437.842 10
269.765 439.27 17
476.546 438.914 2
223.258 440.259 2
90.0283 441.893 29
194.849 442.706 15
355.006 442.836 13
422.343 443.445 10
154.985 444.44 21
240.971 443.99 1
392.863 445.083 19
405.879 443.767 1
376.369 444.632 9
200.902 447.561 4
224.01 447.737 3
539.849 447.878 1
170.778 451.852 10
67.9404 451.283 6
148.336 453.701 8
452.88 449.483 7
344.247 452.773 16
157.778 453.287 11
193.242 455.747 30
204.315 453.589 3
242.217 453.23 2
435.602 453.553 1
35.4732 455.182 5
168.169 457.507 11
361.814 457.824 12
229.319 457.723 13
402.359 458.481 8
416.652 457.496 5
475.625 456.643 1
492.322 458.082 3
78.527 460.054 19
89.1462 457.764 19
245.545 460.037 15
389.737 459.098 3
66.9338 459.415 7
180.641 463.494 3
149.002 465.306 5
464.113 462.702 17
199.762 466.856 22
427.161 465.682 30
317.397 468.401 11
289.91 469.15 5
24.5313 471.491 3
103.23 470.357 5
430.545 471.334 1
228.354 473.926 12
191.368 475.782 28
45.2218 474.111 4
521.857 475.288 3
35.5082 478.136 5
52.6685 478.146 16
410.149 478.358 4
86.935 479.068 1
114.97 479.33 4
9.54353 479.965 1
227.279 482.896 27
294.549 481.634 1
45.8308 482.944 6
236.137 482.888 6
321.931 485.274 10
158.221 486.439 22
267.32 485.775 11
58.7799 485.338 4
90.8192 487.223 6
203.953 483.861 14
300.473 486.834 7
52.7623 491.119 8
71.6608 490.854 9
169.39 491.696 8
281.647 491.844 13
131.036 491.447 3
88.4587 492.991 7
226.293 492.872 20
91.251 494.226 6
236.56 494.248 33
112.299 497.601 9
49.0465 500.017 9
293.418 499.163 8
35.667 501.884 5
224.963 499.216 12
159.927 501.618 6
304.471 503.017 21
272.888 503.458 28
432.786 502.749 3
215.708 506.49 13
232.724 506.961 9
190.709 507.441 2
159.584 509.532 24
35.2922 509.922 3
176.123 510.587 18
304.312 509.131 1
202.04 513.461 11
413.36 514.338 4
192.349 514.95 8
439.222 515.822 8
169.524 521.657 6
384.596 520.845 1
195.295 523.073 14
436.503 523.282 3
94.9325 524.473 19
146.633 524.033 3
134.43 526.408 2
176.627 527.554 7
122.55 531.157 23
89.0827 528.494 1
164.606 530.182 18
405.559 530.649 4
208.176 529.605 40
182.518 535.367 19
190.23 537.801 14
388.514 536.447 7
347.774 540.69 2
95.0512 544.556 9
83.5346 543.972 2
182.759 543.194 6
324.287 544.398 19
332.476 544.406 2
159.547 545.761 4
214.466 550.189 20
552.965 547.685 1
82.225 549.859 4
184.749 551.964 13
312.708 550.911 12
153.363 551.612 3
161.978 553.528 15
318.329 552.584 2
327.925 552.981 2
173.499 552.374 3
322.881 556.334 3
220.102 557.167 7
152.527 557.105 7
301.501 558.568 10
78.7214 558.888 2
199.051 560.272 7
313.402 564.218 6
31.5247 565.776 1
77.355 566.72 7
189.397 568.782 6
554.4 569.749 1
196.925 570.549 1
75.4615 575.6 5
517.652 579.633 1
487.124 581.148 1
526.713 581.857 1
546.296 581.252 1
69.742 588.034 2
492.073 589.663 1
452.197 594.121 1
143.255 91.5024 7
381.377 166.895 38
380.063 181.965 22
309.995 187.152 18
88.2492 206.465 16
508.998 286.137 3
152.427 369.584 1
59.8194 372.706 12
198.36 378.836 7
65.9958 383.071 5
149.972 387.835 2
276.599 395.723 15
230.956 400.362 5
285.699 406.389 7
158.415 405.853 19
235.12 411.313 3
238.743 422.038 2
502.673 440.566 3
268.358 450.994 47
373.036 457.241 18
128.717 460.931 11
121.512 468.511 10
219.57 470.584 24
88.1987 469.046 3
139.445 486.659 7
381.822 540.347 5
298.856 568.727 2
224.912 92.5895 12
259.244 115.538 32
306.606 124.439 1
186.256 125.99 1
220.097 125.138 3
322.974 128.94 8
338.272 135.279 1
87.0758 168.885 40
181.78 173.77 13
327.443 181.403 2
393.079 193.532 8
113.941 196.473 1
103.313 215.286 14
170.083 230.649 25
249.256 237.702 63
309.844 249.022 17
249.762 256.669 3
205.406 266.427 27
177.071 272.683 3
399.435 281.821 2
133.026 289.486 9
211.398 294.124 6
113.243 298.837 3
161.731 303.354 8
177.464 304.436 8
47.8537 314.92 6
429.324 323.986 13
40.3846 338.631 8
143.003 339.311 21
340.78 345.603 2
210.922 348.667 9
394.049 350.92 18
439.786 354.118 2
131.384 356.134 1
263.228 358.163 5
43.186 361.883 11
105.292 363.923 16
135.255 369.931 12
421.357 385.067 16
499.953 389.901 30
141.609 389.147 17
448.815 398.879 4
243.264 403.933 2
309.038 408.858 25
38.4895 412.5 13
291.066 423.442 6
194.352 435.948 1
413.609 437.181 1
236.428 452.095 2
209.937 460.346 1
99.0206 467.54 3
110.941 469.642 6
65.9274 474.106 2
285.262 473.321 7
281.546 482.902 39
153.122 495.193 2
146.782 511.893 17
204.173 542.922 1
67.0201 572.57 8
446.361 573.804 2
409.892 579.771 1
222.326 587.317 1
166.192 79.1198 5
152.545 92.7516 22
100.546 101.537 1
219.518 105.286 17
159.181 105.926 19
206.482 107.91 1
249.803 126.969 13
196.348 126.864 3
221.213 145.169 28
331.044 144.093 8
194.557 180.518 29
96.2946 177.485 3
117.427 182.547 4
296.574 182.875 1
65.5779 189.349 5
287.654 186.381 2
317.103 190.375 14
9.78165 199.144 1
54.7031 202.743 6
185.263 204.053 16
183.099 222.579 7
236.119 219.98 3
59.5796 224.004 2
113.107 225.789 9
95.0289 228.149 7
16.3917 233.059 2
71.6949 232.629 1
226.777 235.338 6
262.184 233.925 14
134.268 237.621 3
107.656 239.014 5
195.666 243.451 1
128.497 247.966 6
396.678 248.617 3
167.213 251.458 8
225.538 254.439 28
424.896 254.084 2
514.792 256.539 5
164.809 265.955 1
126.538 271.388 8
196.327 282.316 5
138.116 281.355 2
178.434 282.805 2
119.82 284.634 4
228.575 283.261 9
267.941 283.001 3
419.191 285.012 4
70.6197 288.137 6
144.338 299.35 39
470.243 304.301 20
216.188 303.97 2
414.142 303.527 1
452.27 303.627 3
59.7899 305.921 2
102.262 312.012 18
133.112 313.569 7
158.345 313.341 2
184.093 315.847 9
212.659 318.24 4
483.243 317.38 2
54.3707 322.205 2
112.486 330.685 11
404.475 329.796 1
152.529 332.471 5
50.4554 338.069 9
209.78 335.566 1
320.408 340.254 3
128.824 347.905 23
295.977 349.942 2
109.794 349.467 5
274.406 351.374 4
454.669 353.26 12
345.05 354.201 2
411.321 352.246 5
478.905 357.786 14
144.441 358.844 9
222.249 357.434 1
124.107 364.745 2
248.09 363.658 2
501.968 366.576 1
156.774 366.876 3
202.931 374.863 11
260.58 371.972 2
306.36 374.89 10
436.089 379.602 6
221.441 378.122 1
42.1298 384.339 1
373.756 383.635 1
286.81 386.294 7
410.738 388.422 5
510.709 385.773 2
179.224 387.411 4
258.092 384.754 8
214.103 399.581 2
23.7715 401.716 1
46.2273 401.42 4
86.1125 404.949 5
419.448 408.496 5
26.0173 416.143 1
12.1909 422.069 1
310.626 421.335 20
264.933 426.717 3
206.548 430.459 5
22.4086 437.992 1
437.901 439.535 5
261.314 442.241 4
463.188 444.45 10
160.977 441.057 13
323.099 443.011 2
394.681 442.644 5
129.337 455.364 7
433.046 450.865 4
173.314 454.641 4
195.589 447.918 12
346.517 457.112 2
377.015 460.015 8
93.4864 460.841 2
359.501 460.919 7
231.371 461.945 4
248.349 462.164 1
497.544 462.463 1
412.928 464.821 2
391.536 466.502 1
176.513 468.825 1
201.461 468.115 1
106.383 473.795 7
28.1914 477.263 1
190.359 483.534 16
231.743 477.789 7
324.628 488.703 11
98.1012 488.183 10
163.982 491.501 21
241.388 492.257 6
70.9381 494.415 2
335.613 499.003 11
133.624 501.076 33
109.742 506.305 6
50.9339 505.36 1
217.779 511.7 7
446.328 508.779 1
240.207 510.471 3
161.758 512.408 10
181.365 515.653 4
196.205 516.621 3
392.515 514.923 27
428.705 514.13 3
401.151 522.986 15
260.167 523.268 1
209.129 529.76 6
124.188 532.586 1
385.715 530.547 19
103.002 534.753 5
323.486 546.644 2
217.8 547.091 5
188.916 548.609 3
202.215 564.347 1
385.381 571.884 2
190.275 573.822 1
83.4435 588.023 1
104.817 208.297 8
90.2374 210.119 9
407.845 263.237 34
83.1251 263.091 8
139.131 328.504 8
378.969 356.511 8
278.876 368.39 10
358.105 375.743 4
416.117 385.703 17
181.866 389.706 13
183.848 518.105 4
403.275 546.145 34
266.671 115.003 3
314.122 116.529 3
91.8402 170.123 1
282.562 175.829 2
332.686 180.993 3
383.147 192.41 1
103.033 191.266 9
372.986 214.006 1
175.568 215.352 1
45.9945 224.056 1
244.035 233.09 6
209.223 261.229 7
392.482 262.298 9
65.2253 276.6 1
222.434 280.426 3
106.074 298.306 7
400.062 314.851 8
99.1533 334.789 1
220.285 344.024 14
42.9023 369.313 1
242.221 385.18 1
164.504 391.69 3
117.529 405.68 5
240.829 407.005 2
218.607 416.638 13
444.15 419.64 1
470.312 429.582 3
58.063 448.763 5
234.858 447.447 13
362.123 468.238 4
178.585 475.653 4
67.0033 488.011 3
289.484 488.665 3
362.864 498.068 4
387.47 554.387 1
218.012 111.091 1
254.87 133.466 2
289.522 129.792 12
227.862 149.115 2
331.049 147.105 3
201.877 180.856 1
132.703 186.397 2
322.238 199.869 1
64.5977 201.307 2
97.0623 214.217 2
187.837 233.009 8
141.318 251.745 2
231.029 255.341 2
177.18 258.789 5
291.251 270.262 3
195.983 288.753 16
78.0299 294.065 1
156.229 293.866 8
117.427 316.13 41
169.432 320.589 1
393.556 339.268 4
59.1319 343.028 1
423.591 357.841 2
459.573 360.219 1
173.417 364.203 1
343.975 370.137 3
210.757 376.578 10
441.766 382.555 3
134.573 386.103 7
306.112 387.779 3
186.553 397.817 5
519.722 395.043 1
57.3672 398.454 2
261.139 395.601 16
26.0014 408.022 1
295.694 416.674 2
422.562 416.367 2
57.717 421.676 2
168.808 440.896 4
400.728 443.292 6
473.273 447.045 1
306.907 451.934 2
286.347 456.062 4
132.741 463.091 3
198.908 490.882 5
256.385 499.866 2
337.912 504.011 1
137.659 508.623 2
400.321 509.34 3
73.5901 511.183 4
152.746 535.218 1
219.522 535.046 2
108.519 548.916 1
410.996 547.755 1
197.211 573.817 1
159.475 296.432 2
310.47 390.54 5
275.504 112.822 3
185.902 164.24 2
345.061 172.476 2
374.931 197.73 1
267.138 240.908 2
308.202 246.887 6
57.6384 281.315 1
394.083 311.76 1
264.853 351.865 1
359.177 477.852 9
338.029 222.482 1
112.2 229.79 1
248.52 275.129 3
129.687 327.391 3
401.948 346.895 2
324.995 353.402 1
77.2525 355.998 1
147.737 381.227 3
467.985 387.255 1
345.305 398.287 2
422.837 452.398 4
500.437 456.446 1
151.975 472.845 3
212.047 500.464 2
265.092 527.661 1
358.175 526.036 1
62.7923 537.957 1
248.195 156.719 1
291.404 98.6232 1
394.29 122.845 1
171.187 173.641 1
282.562 478.85 1
262.307 181.18 3
348.925 280.321 1
245.358 455.389 1
218.973 92.7519 3
222.644 112.168 4
212.091 130.488 14
357.943 208.586 3
363.425 213.411 2
243.034 222.309 21
40.7538 236.233 1
63.9438 236.16 6
239.888 235.886 11
236.078 251.297 8
100.151 295.723 4
124.015 315.034 10
131.011 323.383 2
201.184 321.832 6
401.058 334.081 2
411.894 335.196 2
230.839 347.15 7
390.133 350.403 5
486.396 353.557 18
469.781 354.692 3
118.903 380.13 1
171.779 379.506 5
188.302 383.419 3
421.888 381.351 4
137.726 398.163 7
305.78 408.321 3
474.648 409.678 3
178.699 415.896 2
464.242 417.112 5
86.6013 414.444 8
225.125 424.085 3
423.085 427.227 2
189.109 438.448 6
80.5811 441.662 7
230.024 451.24 4
365.972 458.982 1
48.9356 469.637 2
108.554 469.078 2
199.397 473.969 6
288.157 476.33 2
148.892 480.096 7
190.291 531.328 9
325.741 534.865 6
188.226 545.385 1
166.175 105.736 3
301.277 116.421 9
219.517 120.942 5
189.02 148.972 1
378.855 200.189 1
39.3502 209.38 4
47.7871 218.118 5
57.9436 216.336 17
55.9182 235.092 3
244.925 252.974 1
205.233 252.314 16
524.478 254.859 4
76.3195 263.185 1
518.5 264.969 1
224.232 284.463 1
121.156 297.907 11
140.039 297.51 1
114.281 308.113 4
48.3501 332.858 5
104.222 343.749 6
278.884 363.112 10
470.765 363.551 12
178.153 383.186 2
443.133 386.858 10
455.446 399.557 3
463.109 400.082 1
45.9585 410.557 8
322.844 429.805 24
81.5846 437.283 3
184.715 438.097 11
382.603 456.669 11
407.624 457.851 4
171.277 464.176 6
66.5409 482.723 6
297.676 483.39 1
76.1682 507.549 9
315.388 507.692 1
203.225 523.535 6
96.0272 533.026 3
341.628 534.123 15
218.702 566.754 2
45.8626 234.147 4
378.589 352.891 2
299.553 414.403 7
135.761 497.623 5
385.437 516.698 1
204.859 527.457 1
164.084 109.485 1
384.801 169.708 3
32.6947 235.445 4
157.419 257.317 1
117.892 259.372 3
91.4893 295.022 10
454.018 310.764 16
145.626 324.107 2
427.795 321.378 1
447.073 338.18 2
156.388 104.904 1
81.6338 115.969 3
290.965 130.12 3
254.456 212.764 4
227.962 238.572 3
133.96 241.43 1
323.961 239.98 4
168.145 259.98 10
263.054 267.748 1
416.049 281.432 5
122.824 288.246 5
59.2204 309.27 1
104.668 313.345 1
157.063 318.236 3
345.554 357.456 3
328.279 367.668 2
378.333 382.211 3
250.517 392.711 4
146.364 401.504 2
210.837 404.017 10
288.347 409.242 1
94.1913 442.52 1
54.3902 442.741 7
375.504 464.2 10
424.744 469.476 3
173.091 471.875 17
327.377 492.168 2
63.122 503.477 2
121.898 535.015 3
178.529 290.148 1
184.787 394.018 1
264.908 112.61 1
98.6234 191.628 5
170.68 226.368 3
248.16 235.86 2
120.33 248.322 1
295.418 334.489 1
98.7877 340.715 5
472.814 336.189 6
254.896 359.213 6
112.988 389.47 2
357.666 429.23 20
252.487 139.795 4
291.941 138.74 5
200.998 186.744 3
323.373 205.354 4
97.1768 218.374 1
141.008 260.974 1
153.245 295.333 2
118.707 322.615 5
168.141 326.98 3
455.757 369.589 1
447.834 379.001 2
188.882 405.235 8
261.554 403.128 2
477.889 449.972 1
306.968 459.516 2
359.586 464.427 5
134.26 467.697 1
389.041 303.589 3
263.717 347.528 1
247.698 287.848 1
458.794 295.65 3
409.982 294.404 5
321.64 221.584 8
320.724 232.945 3
487.003 401.762 3
320.885 245.867 8
260.603 195.425 3
238.67 228.825 20
75.9678 103.574 3
168.497 241.235 2
340.755 431.875 1
282.202 390.961 9
258.482 375.592 4
81.5208 221.524 7
252.046 399.525 3
324.794 477.47 6
406.937 563.114 3
254.702 414.146 11
252.582 424.475 10
271.169 457.589 3
276.018 464.238 6
203.215 402.208 2
219.983 420.489 1
197.139 426.971 1
238.268 466.307 5
116.639 372.373 3
305.555 561.448 5
229.126 492.75 3
50.0149 353.865 7
213.538 541.806 3
168.632 508.467 4
144.783 493.407 5
69.6227 436.362 12
64.1345 434.271 2
187.91 561.97 6
343.714 28.2677 7
502.422 264.46 3
333.587 126.674 7
394.124 221.655 5
466.859 297.668 12
362.252 196.672 2
476.259 323.078 3
519.391 381.124 2
389.096 257.758 3
445.645 312.704 6
224.198 103.708 7
485.327 363.871 7
498.548 384.417 5
263.304 172.25 9
205.317 115.898 4
168.932 94.5009 14
160.246 101.407 5
313.196 264.219 22
439.917 397.209 4
493.608 451.026 8
444.537 405.927 4
285.425 248.836 5
446.86 412.198 7
355.516 347.564 10
274.186 283.762 7
183.211 217.212 8
257.776 314.591 3
177.369 237.647 12
430.342 510.87 2
210.922 292.249 1
230.038 315.321 3
78.2374 176.324 6
425.486 520.643 2
405.426 516.026 3
444.937 569.403 3
430.096 568.668 4
220.454 364.39 2
224.267 375.958 8
106.717 262.702 10
200.997 353.09 3
132.567 287.546 2
197.558 367.36 3
100.115 277.839 11
384.818 568.213 2
51.7457 248.424 6
260.19 456.399 3
263.403 458.55 3
137.111 352.218 3
284.488 508.978 2
174.856 410.682 12
176.462 421.94 3
163.798 409.555 3
180.928 429.086 13
109.788 368.047 2
148.592 407.423 3
115.501 379.335 1
137.879 430.323 11
48.6381 373.053 8
77.4986 415.228 7
197.094 531.805 2
201.975 538.722 2
127.548 472.388 1
206.665 565.815 1
83.1518 446.623 14
113.175 489.168 3
34.7794 444.257 3
95.9417 511.074 1
169.891 228.952 1
119.112 280.718 1
245.743 486.566 10
96.5886 352.779 8
38.911 347.036 3
188.076 540.62 2
279.759 117.226 2
229.362 125.883 2
276.405 180.865 1
185.098 118.133 4
213.656 247.67 3
236.694 352.488 4
362.523 503.987 2
125.542 272.16 6
134.878 280.822 1
399.32 545.507 4
58.6718 219.249 1
144.997 304.691 10
61.7708 228.974 9
61.8505 242.19 6
204.164 388.724 2
208.834 474.897 2
69.862 389.982 4
497.204 271.082 9
378.509 184.953 4
446.398 264.89 17
439.423 318.592 2
444.64 330.055 13
473.065 359.965 3
495.949 393.999 2
224.103 140.524 5
257.859 178.452 2
407.021 356.645 1
259.095 208.843 6
193.013 149.54 3
293.33 264.785 3
262.825 238.664 1
226.813 214.635 4
415.966 408.738 1
282.622 287.102 9
273.746 289.314 4
80.0263 114.032 1
141.057 180.679 2
171.475 210.237 5
190.81 245.043 4
416.774 490.041 2
223.319 303.068 7
99.6817 210.319 3
322.57 432.257 1
69.9308 184.899 2
172.278 285.051 1
257.036 390.599 7
89.6163 228.956 7
237.953 377.485 1
375.372 517.105 9
100.505 253.055 3
349.315 513.031 3
339.578 536.383 2
185.152 385.786 3
230.352 443.564 3
320.034 548.643 2
95.9855 331.142 3
109.299 375.61 9
211.982 485.585 6
237.579 511.52 2
125.314 424.803 4
187.116 515.514 4
95.1383 436.369 2
64.4753 404.548 4
159.903 532.693 4
77.2612 465.628 3
97.3336 523.557 4
64.4081 498.975 1
100.623 537.62 1
305.537 228.254 6
347.489 446.123 2
206.291 370.489 5
239.197 413.224 1
117.494 308.952 5
164.724 436.33 4
59.7918 504.055 2
356.012 140.566 10
309.521 117.12 7
346.28 190.623 2
476.262 344.644 1
393.282 321.228 4
303.84 252.306 2
350.576 320.452 6
243.441 237.488 3
393.499 384.656 4
183.969 238.719 5
287.281 340.274 1
352.134 431.575 2
253.027 362.919 1
394.399 516.317 1
214.839 345.477 4
354.071 490.452 1
240.993 480.138 3
131.436 390.706 1
328.259 152.972 1
284.569 138.525 1
246.47 138.692 1
207.737 113.766 4
398.073 342.166 2
416.777 363.342 1
275.913 273.169 1
405.395 399.368 4
323.815 344.458 6
227.225 260.661 3
242.469 273.774 3
309.232 386.436 2
353.378 456.979 7
186.386 293.739 3
215.152 372.27 1
250.887 470.941 17
197.665 455.167 8
128.638 466.652 1
316.245 387.87 1
150.02 242.091 2
287.686 254.023 1
186.915 261.819 1
258.585 354.302 9
338.711 258.924 1
227.335 289.124 3
434.469 402.403 3
429.468 380.235 2
420.033 581.362 1
398.84 191.447 4
384.127 432.097 2
373.465 474.9 2
347.765 438.835 6
322.585 410.463 2
311.303 192.189 2
287.014 394.727 9
270.066 354.992 1
253.551 408.816 3
232.717 270.103 10
202.935 265.17 1
191.675 457.568 1
186.989 482.116 2
181.497 566.935 1
175.111 427.665 1
173.482 442.154 2
167.563 457.921 1
157.974 26.6829 6
154.33 447.537 2
146.626 375.731 2
121.002 208.943 2
97.3962 504.321 11
60.1997 297.921 4
53.642 361.578 2
50.8563 322.916 2
43.9138 494.528 2
36.3818 464.138 4
31.0753 424.5 1
477.197 352.993 3
476.469 217.758 4
453.674 276.272 3
448.052 259.261 4
441.221 475.05 3
437.556 390.863 1
423.616 366.804 8
421.864 423.112 4
421.957 233.214 20
416.284 222.311 5
415.38 554.987 2
405.138 406.797 6
401.221 464.202 1
395.74 358.133 2
396.508 271.501 2
395.788 577.093 1
377.881 522.47 8
370.067 169.623 5
364.641 485.292 3
366.322 496.34 1
359.257 342.793 1
333.816 510.194 5
328.235 174.399 4
318.515 187.505 3
312.345 236.83 5
310.738 484.693 3
302.461 413.526 1
296.588 564.1 2
296.089 475.069 19
292.116 513.889 4
287.927 457.915 7
283.734 528.742 12
273.952 240.671 2
272.275 325.263 6
271.622 470.541 2
269.022 321.955 2
267.041 309.543 4
269.687 487.038 5
257.606 262.999 12
245.496 506.005 7
228.852 103.986 2
230.09 294.658 1
225.084 354.092 1
219.344 447.172 3
219.469 235.012 3
216.961 225.122 9
204.247 249.144 1
192.437 541.218 1
181.036 560.769 3
179.976 475.802 2
174.976 499.202 2
169.51 394.279 4
160.244 24.6604 1
161.895 486.686 3
158.175 251.412 5
157.28 539.486 2
150.055 490.732 3
152.514 422.458 10
132.842 450.858 8
133.275 425.589 2
126.593 475.351 2
122.208 327.345 5
121.076 406.534 1
120.94 491.649 9
119.159 367.161 4
118.12 256.228 3
108.648 283.21 6
103.338 276.69 8
106.569 527.933 4
98.9429 302.118 1
99.1189 349.507 2
86.2543 426.259 11
82.3153 508.535 4
79.3705 535.697 2
75.489 218.064 2
74.6574 279.161 2
71.5473 450.848 1
71.1673 562.513 2
69.6096 427.621 9
64.432 103.455 3
56.5775 410.966 6
56.153 465.99 1
43.3319 196.918 4
439.294 563.467 1
242.795 483.941 1
212.797 411.292 14
209.368 248.069 5
207.622 457.01 2
125.04 298.49 7
512.181 395.737 1
434.093 386.664 2
258.207 442.042 1
217.583 144.486 2
200.079 505.517 1
191.465 179.756 2
182.465 274.281 1
177.898 238.198 1
157.135 302.348 5
158.255 446.169 1
153.4 468.855 1
93.3275 560.551 8
57.8993 243.288 1
47.9826 493.399 2
482.902 414.821 2
458.081 442.763 3
456.247 350.529 4
436.004 310.149 1
420.052 333.903 2
420.416 513.857 4
401.078 214.921 1
386.347 259.111 1
384.282 549.75 1
378.959 456.588 2
360.572 331.849 3
359.75 497.112 2
312.706 497.114 4
303.694 209.115 1
293.579 477.184 1
257.067 174.922 1
245.724 491.664 4
238.393 402.897 1
226.357 359.515 1
222.611 272.133 5
210.998 406.721 4
208.075 134.698 14
196.413 341.979 1
185.137 113.458 4
180.679 126.615 6
177.152 175.791 2
169.622 282.747 2
166.053 229.593 2
150.703 261.508 1
142.156 440.034 2
136.864 102.915 1
119.549 532.67 1
115.737 400.867 2
107.856 503.057 1
104.197 520.581 11
106.466 533.573 2
93.7325 354.918 1
78.1764 526.379 2
76.3458 180.348 1
76.4185 483.924 4
73.2395 512.72 2
424.874 349.796 4
416.644 334.799 2
355.842 378.065 2
256.718 471.47 4
454.811 431.073 2
441.305 336.207 7
400.724 262.162 2
394.984 511.413 1
386.755 381.175 5
384.532 172.768 1
344.945 490.062 3
342.518 429.06 1
291.908 393.606 9
279.775 338.888 2
282.595 367.563 2
271.568 175.066 2
238.142 232.83 1
208.503 342.333 4
195.96 185.575 3
184.673 234.532 3
168.067 271.332 4
123.555 187.13 1
409.437 364.823 1
405.5 395.801 1
375.335 469.271 9
364.475 185.22 1
322.764 147.003 1
324.325 342.986 1
298.113 237.082 3
287.425 445.03 2
286.169 135.125 1
277.162 297.049 3
273.127 267.456 4
246.96 500.586 5
212.026 110.432 4
192.978 407.286 1
181.207 292.666 1
174.804 111.163 3
174.609 321.86 2
158.376 217.452 1
153.955 227.875 2
126.944 436.852 3
378.899 308.577 1
236.633 347.007 1
400.799 556.371 1
438.937 509.226 2
501.445 411.306 1
372.321 464.359 1
461.425 330.605 1
435.131 338.988 2
259.032 431.239 1
419.195 243.777 6
125.084 499.719 1
160.573 436.685 1
150.024 396.372 2
268.142 262.602 2
152.754 365.033 2
224.363 287.803 3
86.5258 414.753 1
125.297 353.73 1
123.923 288.63 1
47.082 343.665 2
254.954 116.983 1
109.723 258.586 1
190.305 176.673 1
200.499 165.1 5
55.8005 222.432 1
399.263 528.751 1
425.639 497.209 1
411.623 500.528 1
440.129 440.281 1
366.861 511.907 6
347.442 534.135 1
482.667 394.887 5
471.136 401.524 5
463.269 411.874 2
355.108 510.828 3
458.08 403.26 5
491.496 365.816 1
302.993 547.191 4
447.291 394.757 3
314.698 519.044 7
422.768 410.231 1
462.744 363.668 1
324.809 496.528 1
480.398 334.417 7
450.815 364.858 1
391.245 412.633 9
381.741 423.749 2
369.162 427.03 6
358.122 437.906 1
506.571 278.043 2
472.696 309.119 1
524.45 257.409 1
248.749 509.51 6
454.176 269.108 1
299.27 410.836 1
476.316 198.526 1
216.495 427.8 6
159.886 469.145 5
110.311 521.956 3
124.35 493.17 2
132.499 482.186 1
157.419 424.013 2
120.424 461.252 1
82.5427 485.663 4
28.7596 509.37 2
140.29 379.496 3
310.179 204.46 2
96.9408 411.276 1
207.64 297.452 5
320.728 167.93 1
134.03 348.989 4
278.507 162.642 5
108.303 335.979 1
268.958 173.254 1
26.4157 411.221 1
199.37 231.98 6
220.656 206.442 2
39.2135 373.786 1
108.425 277.976 3
115.463 248.639 5
133.917 211.998 8
64.8963 254.471 1
113.205 207.366 4
63.5586 219.648 4
76.1101 202.454 3
63.3272 173.157 4
56.191 179.737 2
93.0901 105.53 1
80.114 87.9554 2
390.351 359.654 3
223.116 418.99 2
260.997 341.181 5
504.643 406.162 4
497.903 417.342 4
485.585 426.695 1
477.55 433.721 4
278.49 468.925 3
390.319 330.475 1
178.36 533.032 1
352.535 346.785 4
323.063 369.366 4
293.595 380.001 1
303.105 344.549 1
158.671 488.787 2
185.194 413.965 3
270.927 265.211 2
49.023 417.361 1
322.787 128.934 2
47.4387 337.443 1
123.525 249.734 2
72.0126 282.737 3
85.8994 213.726 2
397.698 524.78 1
492.268 398.643 4
472.084 421.647 1
461.896 427.728 1
496.449 388.469 1
444.3 416.498 2
419.525 426.082 5
328.75 509.889 1
432.754 352.162 7
376.206 386.629 2
277.999 481.074 1
243.26 511.757 2
436.607 305.826 3
432.546 269.628 3
163.576 533.526 1
420.439 238.782 1
141.625 508.104 2
132.713 520.296 2
146.665 489.382 1
287.963 336.38 1
230.764 361.713 1
150.396 426.101 1
102.173 460.719 1
189.708 357.515 2
254.263 248.425 1
193.918 317.238 12
80.3817 428.096 3
298.145 171.483 1
62.8467 401.942 1
141.537 319.063 2
276.975 174.822 1
211.082 240.541 1
95.2964 325.428 1
152.959 252.074 2
115.985 258.164 1
259.485 113.038 1
130.371 211.245 2
59.6135 275.704 1
199.015 96.1268 5
89.4196 192.968 1
60.3067 211.549 3
70.6065 199.389 1
275.403 527.727 5
375.675 420.195 1
253.024 470.452 1
331.435 340.605 4
257.519 395.686 2
214.414 410.544 2
239.951 229.116 1
338.064 423.591 2
246.404 496.539 1
380.707 337.356 2
341.513 366.549 5
188.825 489.904 3
396.591 254.892 1
123.984 461.242 1
355.851 203.463 7
283.329 266.406 8
311.16 195.331 2
123.065 383.163 1
141.488 292.904 4
104.596 318.532 1
79.1143 243.312 5
346.452 461.941 1
409.441 391.145 4
440.234 328.299 5
383.673 306.562 1
317.018 345.519 7
165.691 471.031 1
280.117 327.675 1
252.976 343.239 1
224.564 370.912 6
128.444 432.332 1
175.762 355.336 4
179.939 319.224 2
186.399 287.454 4
274.216 168.969 2
153.82 289.851 1
160.646 205.233 2
179.221 149.642 6
319.988 154.27 1
185.146 250.752 1
187.294 196.713 4
265.819 221.471 2
208.342 389.06 2
159.73 426.59 1
411.362 433.944 2
383.987 436.028 3
157.339 475.797 1
244.151 476.28 3
270.965 477.151 1
104.436 480.015 2
192.934 554.591 4
91.7007 116.218 2
166.647 130.584 3
71.542 180.397 1
49.8882 200.499 2
54.264 250.041 2
87.0924 256.248 1
390.853 258.322 1
26.6985 271.218 1
226.21 299.716 1
206.915 318.549 1
138.026 356.516 1
325.018 364.953 5
384.45 372.174 5
401.536 388.025 1
26.6191 397.609 3
92.6521 430.571 2
388.915 464.483 1
259.062 491.613 6
93.5062 498.984 2
102.494 502.409 1
443.617 506.403 1
317.708 510.325 1
405.09 534.694 1
94.6491 537.928 2
56.6298 504.315 2
287.175 245.659 1
427.587 316.547 4
483.44 344.022 6
86.6733 408.509 2
449.022 418.702 1
211.387 465.939 2
55.2648 485.207 3
149.189 492.305 1
166.875 89.639 1
85.6869 120.692 1
251.532 131.039 1
222.921 147.775 2
315.845 198.556 3
258.162 214.413 3
181.839 231.977 2
129.556 258.421 1
103.909 265.729 5
258.359 270.168 1
71.0492 291.98 1
156.098 321.044 3
183.722 319.993 1
453.689 358.41 7
291.055 358.847 2
378.737 361.465 1
410.419 360.778 2
511.74 392.208 1
254.492 397.17 1
419.83 411.803 1
376.728 471.635 3
230.928 474.234 2
241.715 495.806 1
59.5146 207.145 1
429.387 309.02 3
227.669 364.448 3
373.123 204.076 5
297.359 331.436 1
220.974 341.385 1
257.004 355.579 1
112.282 396.173 1
192.702 413.462 2
200.206 193.304 5
329.093 218.214 1
99.8326 227.327 2
233.401 265.436 1
146.677 281.436 3
200.521 295.8 1
118.582 326.05 1
164.57 337.604 1
397.079 347.718 1
451.636 381.992 1
323.595 397.277 2
151.981 498.115 1
178.029 549.183 3
366.732 169.453 5
504.971 297.651 3
400.548 290.343 2
451.298 327.591 1
162.481 129.504 2
493.511 375.785 1
286.001 285 3
397.924 387.149 1
518.771 479.201 1
412.287 415.567 2
385.622 453.914 2
415.651 484.04 2
107.576 275.191 2
138.448 313.154 3
254.996 459.908 9
146.292 424.998 5
201.853 481.384 2
212.215 508.919 2
74.126 413.149 2
53.9428 441.264 1
191.976 549.478 1
42.3513 485.612 1
442.642 318.326 1
306.498 222.763 2
288.127 506.2 2
57.9342 232.118 1
360.715 500.312 1
138.532 343.658 1
143.886 484.286 8
70.6477 455.362 2
376.515 188.326 6
155.224 111.232 2
443.385 334.367 2
78.2859 118.079 1
403.731 360.15 1
136.36 185.475 1
170.802 216.197 1
283.973 294.916 1
374.286 360.376 3
239.636 270.096 1
189.54 249.258 2
341.802 359.78 2
371.749 386.056 2
192.393 286.487 1
169.918 289.519 1
292.679 384.487 1
94.4999 263.012 3
348.105 449.111 4
234.134 381.751 5
346.842 514.539 1
94.8364 338.578 1
108.005 383.922 2
94.6755 491.329 2
169.843 219.048 1
83.3149 272.103 1
208.764 494.14 1
359.777 137.903 2
368.561 204.162 4
390.793 317.422 2
351.423 318.333 1
173.053 266.81 3
329.455 159.242 5
239.502 278.205 3
398.648 405.969 6
311.064 353.442 1
322.542 388.23 1
157.084 299.699 1
156.659 340.171 3
198.323 419.151 2
148.84 248.01 2
444.6 346.284 1
416.128 571.294 4
203.09 436.849 1
173.595 417.283 1
133.019 398.419 1
184.623 565.646 2
496.902 291.292 2
390.705 220.849 1
358.306 384.625 2
325.552 319.092 2
288.61 282.623 1
208.867 114.15 1
211.234 259.372 1
216.374 312.824 7
216.076 436.774 3
239.371 504.963 2
161.058 277.221 2
216.711 496.874 5
207.653 553.378 6
105.554 284.356 1
95.7199 293.388 1
75.5576 238.975 3
128.042 449.071 3
64.7388 261.127 2
99.321 422.392 2
67.4546 403.177 1
74.6854 433.393 1
50.5027 424.052 1
257.583 384.169 5
108.549 212.963 5
65.9523 269.707 1
393.057 178.138 2
355.974 498.604 1
289.984 495.413 3
302.583 523.396 4
135.591 233.023 1
117.124 363.196 1
434.306 317.226 3
358.345 170.261 2
371.884 356.08 4
357.464 332.244 1
353.313 350.747 1
409.564 519.218 3
354.603 464.371 1
371.426 520.075 1
251.875 177.224 1
175.149 131.004 1
169.013 211.437 1
190.772 283.679 2
162.272 231.439 4
207.6 406.62 1
132.433 181.899 2
159.184 286.339 8
146.691 266.125 1
113.718 238.131 2
90.946 257.082 1
112.507 402.541 1
119.268 423.996 2
124.995 455.203 2
125.912 504.233 2
404.537 339.239 3
166.965 185.352 2
158.317 233.206 3
202.988 409.294 1
399.395 253.577 1
381.306 319.953 3
382.744 384.552 1
398.783 513.882 2
318.524 407.549 6
170.678 367.699 4
350.203 369.4 1
379.733 470.022 1
291.715 242.82 2
295.445 426.36 1
210.405 369.575 5
188.815 409.528 1
194.002 493.838 3
261.869 252.212 1
505.25 404.102 1
207.205 307.161 3
93.4229 555.436 2
75.9572 421.683 2
451.4 435.039 1
436.596 419.435 1
385.252 543.428 3
403.477 466.792 2
405.478 451.417 1
449.644 267.475 1
409.731 245.46 4
293.586 561.407 1
400.125 208.476 5
303.686 334.111 1
102.311 358.359 1
262.402 471.81 6
193.828 312.32 2
71.4794 202.849 1
289.848 397.028 1
344.003 198.019 2
187.832 303.263 6
105.319 509.385 2
203.776 165.311 1
184.542 228.708 1
128.445 274.096 1
83.2873 244.775 2
427.797 350.191 2
375.483 499.586 1
430.766 304.759 1
441.55 260.512 1
413.647 332.522 1
393.297 315.235 1
331.217 495.246 5
380.442 253.308 1
317.562 428.869 1
288.794 265.386 1
228.66 446.743 1
195.55 537.631 1
235.206 399.177 1
155.31 530.467 2
184.104 358.701 1
125.125 520.981 1
201.979 253.399 1
137.51 437.075 2
110.45 399.229 1
170.267 204.284 4
173.814 175.272 2
107.547 379.76 2
180.555 110.636 2
89.9348 320.166 2
93.3309 276.807 1
368.097 519.064 2
272.808 527.15 3
254.842 495.113 2
284.284 266.725 1
280.06 289.809 2
144.533 251.349 1
373.62 339.061 2
376.578 166.487 1
210.629 341.749 1
250.632 110.346 2
168.492 265.451 1
148.125 295.25 3
290.373 236.48 4
306.545 139.904 1
183.603 259.32 2
306.962 437.382 5
82.5649 492.766 2
114.064 458.067 2
313.821 263.33 1
47.1847 414.165 1
134.937 334.89 2
49.7107 208.085 3
335.949 538.967 3
439.303 426.99 1
312.449 476.673 5
369.593 435.509 1
452.5 367.42 1
464.394 325.338 2
359.605 402.933 1
182.466 507.087 1
244.776 420.174 1
440.854 274.61 1
266.673 392.674 10
354.151 320.795 3
131.262 478.605 1
40.1174 481.561 1
139.934 198.628 3
78.7456 198.598 2
214.579 492.731 4
387.119 358.77 1
198.452 316.205 1
124.739 330.601 1
430.596 452.631 1
267.906 489.781 2
177.031 494.808 8
280.953 403.693 3
234.891 134.805 1
375.282 493.348 4
481.188 409.832 1
346.558 506.466 4
358.145 493.727 2
494.088 381.619 1
308.015 491.453 2
401.446 398.531 8
98.2762 518.759 2
142.84 479.166 1
286.597 331.271 1
234.279 369.732 7
383.685 251.633 1
101.252 456.921 4
109.78 441.13 1
77.3028 445.025 2
187.958 353.109 1
307.916 242.988 1
107.757 372.747 3
93.6535 322.368 1
294.988 169.222 1
209.084 233.927 1
277.063 170.498 1
100.788 291.86 5
164.108 225.561 1
268.367 109.384 1
257.207 109.24 2
176.635 170.387 1
208.477 130.387 1
198.622 91.2482 1
81.965 165.562 1
154.284 101.362 1
163.816 292.013 2
174.676 263.838 1
86.4726 291.054 2
378.325 333.996 2
294.811 391.186 1
120.377 375.706 1
188.602 287.202 2
434.505 321.093 2
378.146 296.567 1
272.174 317.396 2
245.65 334.395 1
360.549 234.85 1
145.265 373.001 1
294.741 230.38 4
238.553 225.343 1
148.538 283.971 1
157.533 189.39 1
366.869 331.119 1
159.61 248.375 1
114.117 253.518 3
421.186 318.518 1
421.063 371.483 3
259.87 409.174 3
88.785 518.316 1
175.275 105.119 1
240.485 246.996 1
53.8483 311.011 3
127.932 312.544 1
152.118 318.671 3
384.71 332.963 2
358.604 348.327 1
401.255 391.285 1
360.179 396.079 2
168.258 473.654 2
76.2472 502.212 1
412.034 519.04 1
163.79 88.7882 1
226.546 241.675 1
326.454 119.567 1
372.439 209.648 2
217.379 230.424 3
144.308 333.841 1
290.939 334.572 1
465.304 334.291 3
261.528 351.312 1
246.287 359.159 2
265.629 404.835 1
162.105 415.818 1
371.127 423.055 1
347.589 428.939 1
132.804 434.596 6
192.528 188.403 1
319.51 202.768 1
130.737 261.405 2
61.0769 265.399 2
256.269 272.375 1
71.6382 295.177 1
422.597 296.777 2
154.88 327.641 2
452.692 362.508 1
255.008 401.944 3
47.52 404.959 1
264.758 433.848 1
301.205 454.432 2
444.628 463.213 1
113.842 324.415 5
397.277 303.951 6
233.257 279.842 7
205.35 300.949 1
119.672 332.814 2
481.055 339.914 3
218.968 220.551 2
128.953 219.943 1
133.32 351.63 1
283.178 469.24 1
94.4791 476.525 1
277.767 166.369 1
191.35 145.353 4
259.379 227.287 1
107.703 270.547 1
138.964 405.585 4
144.129 427.444 2
169.642 469.559 1
122.07 478.582 1
61.2402 498.628 1
165.195 85.2353 1
92.6692 434.619 1
342.295 126.855 1
491.907 411.302 6
233.412 342.585 2
58.8717 287.941 5
328.323 414.296 3
342.095 422.761 2
360.856 491.329 1
243.362 135.338 1
283.558 193.387 3
76.7689 125.888 1
236.739 270.91 2
366.976 369.121 2
283.248 364.22 1
179.908 323.825 1
302.365 384.819 2
159.393 360.073 2
94.0702 346.666 2
116.466 414.946 1
100.345 390.575 2
230.048 336.223 1
332.335 245.83 1
213.109 280.557 1
144.037 367.525 2
438.456 324.563 2
363.613 320.376 1
334.273 422.283 1
133.631 229.069 2
308.327 560.972 1
206.251 434.749 2
110.666 347.627 1
136.21 392.248 2
144.561 482.914 1
452.339 347.34 1
397.575 291.128 2
217.116 137.3 1
183.48 137.367 1
320.805 322.608 3
158.356 129.851 1
240.525 264.87 2
141.334 176.2 1
275.537 348.236 1
196.625 263.852 5
214.604 358.574 5
93.3657 239.428 3
211.046 454.972 2
62.4477 461.478 1
65.4757 493.265 1
136.039 226.921 4
396.936 176.687 1
328.231 122.708 3
473.28 341.381 1
344.089 186.655 1
190.463 210.175 4
345.418 424.738 2
197.258 270.068 1
305.029 399.171 1
118.132 178.121 1
173.157 246.951 2
248.278 349.116 4
448.502 358.884 3
239.482 132.761 1
209.42 110.302 1
298.058 231.931 1
428.896 417.958 2
341.729 338.547 1
151.693 113.54 1
170.511 146.068 3
300.694 378.927 1
305.174 425.057 1
332.429 502.787 1
210.904 364.883 3
263.754 504.657 5
206.121 491.857 1
111.894 406.209 1
122.834 457.866 1
387.871 386.69 1
181.562 247.638 2
183.635 267.43 1
224.34 341.664 1
335.346 248.495 1
306.931 355.945 1
434.912 326.224 1
441.132 393.962 6
445.927 400.937 4
436.676 393.829 1
419.756 438.527 1
422.926 579.777 1
359.51 322.387 2
53.034 239.735 1
91.1835 412.73 3
434.232 355.894 1
401.147 407.775 2
321.392 334.617 1
289.874 260.718 1
233.774 241.989 1
213.088 214.093 3
211.857 235.651 2
260.654 487.065 2
160.408 394.826 3
135.3 341.345 4
100.579 202.769 1
130.269 367.401 1
165.909 536.873 2
125.388 419.198 4
107.362 497.913 1
64.9654 442.449 1
89.2702 267.932 2
391.674 174.078 2
372.245 156.369 2
366.346 208.347 6
389.96 380.4 2
398.691 446.562 1
402.315 511.738 3
346.151 485.686 1
308.319 472.791 2
280.256 465.476 1
190.892 202.674 1
425.45 421.497 2
323.802 138.946 5
373.968 548.748 2
302.213 246.583 1
362.993 518.484 4
243.432 177.96 1
267.105 265.806 1
185.606 156.048 1
216.489 361.929 2
201.277 485.589 1
142.256 265.98 1
142.008 532.452 3
401.023 338.882 2
365.331 188.728 3
150.906 236.162 1
198.131 486.954 2
291.082 462.709 1
251.543 356.217 3
198.892 182.814 1
197.106 209.085 1
257.199 139.101 1
284.496 428.059 1
423.623 346.084 1
208.494 519.709 3
71.5382 421.829 1
437.61 474.452 2
425.704 476.605 1
406.729 218.986 4
321.762 439.559 1
151.227 402.467 3
117.196 491.414 1
143.491 313.787 2
132.522 206.627 2
66.2043 242.393 1
203.089 232.028 1
195.736 96.9098 3
429.378 257.583 2
315.085 373.264 2
219.136 320.22 4
421.279 354.838 1
435.387 257.162 4
384.38 315.367 1
372.884 252.205 1
300.243 243.056 1
225.967 512.216 1
229.249 320.835 2
165.916 478.243 1
158.037 398.931 2
129.635 507.424 2
173.717 110.04 1
355.139 517.7 2
346.711 314.255 1
250.583 394.259 3
225.03 346.447 3
223.797 152.293 1
320 207.587 1
274.217 233.462 1
241.127 337.755 1
403.228 559.241 1
469.602 438.837 1
419.238 452.261 1
327.256 480.005 1
139.261 530.945 1
323.203 249.997 1
117.27 461.952 2
93.4475 466.931 2
184.793 281.809 2
42.4165 433.994 1
460.448 408.381 2
392.513 453.591 5
364.174 472.767 1
329.637 489.965 3
437.48 347.007 1
440.333 305.682 1
441.83 245.407 1
266.857 446.241 1
217.135 482.702 4
248.174 436.52 2
217.181 453.908 3
218.765 406.551 1
149.658 485.099 1
138.671 455.317 4
170.479 404.229 1
84.4117 465.399 2
335.837 142.236 2
72.6752 429.373 1
214.923 201.683 2
97.2982 344.268 1
130.029 284.432 4
75.9099 85.3433 1
488.627 366.775 1
386.162 413.343 1
379.292 425.886 1
115.282 505.236 1
200.789 262.247 1
396.328 502.721 1
428.092 456.373 3
348.232 425.997 2
250.172 494.679 1
347.7 364.544 6
304.291 382.331 1
195.046 484.177 1
360.673 211.553 1
232.404 139.282 2
199.949 176.134 2
439.552 332.434 1
427.637 298.449 1
442.785 263.812 1
383.491 338.815 1
143.057 512.48 1
262.822 337.935 1
252.933 353.092 1
303.658 241.322 1
328.725 199.787 3
182.768 352.289 1
146.096 242.43 1
165.669 201.228 1
177.285 114.384 3
441.934 326.483 1
369.15 334.922 3
306.653 402.757 1
337.159 216.182 1
256.734 306.611 1
282.258 225.16 1
186.169 247.043 2
297.352 502.567 1
70.1569 236.493 3
78.6085 216.204 3
70.6511 219.099 2
315.132 534.23 1
382.775 460.252 1
364.986 463.334 1
382.555 427.47 1
389.787 346.112 2
502.158 272.05 2
373.964 317.834 1
191.946 386.94 1
231.078 306.04 4
193.718 299.649 1
257.973 252.251 1
98.4976 322.461 1
218.191 237.79 1
155.11 74.3218 1
78.7783 81.3092 1
327.641 346.202 3
265.086 498.658 2
238.471 426.298 2
381.453 334.308 1
326.214 141.012 1
202.783 171.908 3
458.097 420.898 2
331.972 477.636 1
400.896 402.493 1
387.276 410.018 1
229.181 470.271 1
139.183 468.587 1
256.751 342.754 1
385.431 255.932 1
167.266 364.624 1
186.841 347.029 1
306.578 237.97 2
98.0537 283.546 1
208.648 227.891 3
295.245 163.782 1
168.758 199.388 3
117.745 223.506 3
127.883 203.969 3
187.503 145.241 1
102.829 185.545 1
206.401 127.085 1
184.004 399.606 1
291.581 156.089 1
314.359 197.923 2
428.721 312.196 1
239.993 325.501 1
294.908 282.782 1
146.254 276.966 1
295.615 110.125 1
85.2536 192.169 1
160.278 243.613 1
281.757 244.491 4
194.258 264.656 1
420.954 315.133 1
262.659 355.207 1
90.3013 120.246 1
63.6938 192.666 1
393.808 196.555 1
151.04 322.362 1
395.261 336.189 2
316.766 342.685 1
38.7632 386.747 1
145.915 395.582 1
369.892 413.196 3
355.763 452.513 1
108.166 486.98 1
170.464 494.47 3
58.6473 507.64 2
299.758 448.072 2
146.354 310.419 4
322.021 313.339 1
265.587 407.928 1
103.608 224.769 1
256.287 277.046 1
153.266 338.651 1
186.211 402.313 1
301.877 289.884 1
339.345 128.336 1
210.215 92.031 1
124.091 265.958 2
482.294 418.307 2
277.428 192.351 1
176.039 232.021 1
488.766 374.05 2
518.49 389.151 2
186.26 432.886 2
141.721 431.051 11
157.358 460.869 1
46.332 507.954 1
61.654 196.64 1
362.892 136.749 1
423.815 311.008 2
281.903 202.258 1
100.475 221.798 2
133.664 246.651 2
466.254 373.916 1
440.952 373.81 3
148.659 344.008 4
349.748 397.327 4
300.949 112.141 1
284.364 239.014 2
137.351 382.316 1
204.519 149.375 1
76.4749 112.842 1
169.442 286.397 1
416.078 471.107 1
411.015 490.19 1
362.761 480.637 1
104.447 379.671 2
153.305 458.208 2
57.4825 405.816 1
80.0469 265.955 1
341.614 415.332 5
222.562 226.571 2
221.169 259.15 1
232.39 386.242 1
305.64 430.537 1
153.62 247.075 1
376.599 153.986 7
417.554 429.666 2
243.924 351.053 2
350.113 522.824 2
187.858 366.493 1
58.047 362.922 1
137.375 471.281 1
485.253 373.66 1
393.557 293.554 1
209.459 103.501 2
347.678 350.357 4
178.775 138.723 4
183.406 168.388 1
350.723 444.512 1
74.5347 110.256 1
195.768 328.604 2
91.5485 271.49 1
93.123 280.375 1
97.6252 361.544 1
147.751 472.742 1
123.826 451.223 4
146.055 269.965 1
152.669 285.555 1
208.638 489.817 2
106.678 423.461 1
249.418 228.705 4
333.95 413.278 2
283.777 374.625 1
176.926 243.483 1
398.376 397.875 2
414.277 420.273 1
162.008 152.668 1
230.865 422.483 1
364.425 207.303 2
307.662 521.145 8
183.5 303.602 1
123.043 412.461 1
406.213 423.123 1
407.653 457.68 3
251.053 263.616 1
231.719 246.777 5
177.581 126.213 1
286.459 564.109 1
227.14 440.166 1
122.738 174.726 1
175.936 562.018 1
122.01 418.952 1
414.53 339.952 1
358.529 538.628 1
119.027 420.439 1
101.71 474.314 1
215.768 322.155 1
161.685 478.441 1
331.434 337.591 1
373.897 485.396 1
268.974 215.509 2
254.362 268.922 1
176.511 161.587 1
194.657 489.438 1
434.61 424.962 1
427.527 344.48 2
416.072 349.993 1
398.962 237.429 4
329.047 362.823 1
284.645 359.295 1
226.371 555.493 1
212.276 332.449 1
193.364 196.378 4
188.02 227.717 2
158.551 374.139 1
127.842 192.004 1
119.219 514.767 1
102.51 546.728 2
72.1001 383.808 1
473.692 299.36 1
461.464 347.99 2
377.922 509.766 1
363.365 347.774 3
321.643 353.407 1
294.96 194.319 1
286.706 260.792 1
279.006 282.365 1
261.492 122.701 1
255.959 171.333 1
236.103 200.084 1
224.905 314.186 1
223.292 505.791 1
201.178 442.376 1
170.871 309.156 1
121.832 520.183 2
405.667 508.697 1
392.788 232.818 4
384.129 378.737 1
376.112 320.531 2
370.461 153.703 2
228.323 548.6 1
197.57 202.423 2
368.302 548.645 2
301.039 358.155 1
274.353 128.133 2
174.923 314.474 1
167.647 109.764 1
466.441 347.622 4
367.528 522.016 1
415.789 242.061 1
406.615 251.168 1
328.763 442.578 3
307.216 495.142 1
380.95 246.939 1
326.942 324.226 1
92.1111 508.033 1
188.196 105.937 1
125.278 285.26 1
125.779 226.15 1
360.224 521.005 2
433.714 256.15 3
400.483 505.695 3
208.844 166.462 1
339.648 314.53 1
368.94 183.329 1
260.343 500.97 1
259.027 335.413 2
310.523 135.819 3
190.877 255.673 1
128.009 398.526 3
62.092 379.068 1
127.487 205.505 1
423.982 473.576 2
393.364 457.095 1
333.536 492.538 2
431.069 296.742 2
199.681 536.312 2
216.259 453.981 2
389.021 188.983 7
190.474 415.877 1
124.814 484.863 1
330.905 194.417 2
210.105 198.256 2
93.7951 341.54 1
127.412 283.035 1
91.6683 311.012 4
169.94 190.472 3
274.983 493.45 3
228.274 279.544 2
235.407 140.489 1
393.026 401.236 3
246.742 423.555 1
370.262 176.859 1
275.825 319.22 1
249.985 330.947 4
241.207 346.535 1
333.933 202.951 2
176.329 348.093 2
194.63 400.185 4
388.751 509.605 1
483.01 433.284 2
260.687 494.937 1
360.509 352.986 1
278.598 400.97 1
419.859 266.916 1
351.143 508.521 1
398.302 460.566 2
467.456 394.614 1
420.311 420.504 1
391.452 419.613 1
378.943 421.923 2
142.962 504.262 1
438.105 283.517 2
143.179 436.58 1
176.305 371.183 1
167.761 375.495 1
214.373 221.818 1
62.9592 270.947 4
243.375 107.175 2
151.569 72.0579 1
73.4772 76.8198 1
388.557 415.995 1
305.58 112.972 2
415.046 432.156 1
446.917 370.966 8
321.568 447.016 1
311.472 383.422 1
372.419 237.753 1
181.437 342.792 1
301.657 233.849 1
172.857 256.772 3
161.944 187.922 1
373.315 404.578 1
368.582 234.561 1
292.421 429.34 1
326.021 372.851 3
47.8919 346.981 2
186.857 189.849 1
377.054 504.819 2
383.454 463.902 1
368.061 421.437 1
268.532 397.77 1
387.597 340.615 1
288.112 365.384 2
318.385 350.246 2
170.126 372.777 1
193.425 352.542 1
37.5447 391.671 1
46.0303 365.051 1
157.728 239.44 2
138.251 194.696 2
293.529 439.26 1
467.391 409.128 1
388.168 403.37 1
377.07 407.907 1
471.625 322.849 1
255.78 337.352 1
186.371 337.567 2
163.159 343.843 1
88.192 305.358 1
208.416 211.45 1
126.713 197.989 1
392.233 284.381 1
160.684 238.089 1
407.412 276.659 1
101.061 286.303 1
206.262 344.791 1
196.713 350.007 1
293.219 486.957 1
416.041 284.607 2
150.332 328.674 2
216.042 442.682 2
92.477 452.506 1
299.538 451.661 1
416.708 291.641 3
232.207 373.065 1
466.114 331.096 1
134.93 265.7 1
258.035 282.45 1
86.6983 299.697 1
55.0097 349.017 2
151.266 354.843 1
320.095 403.902 2
342.656 419.4 1
89.1356 405.113 1
78.4383 122.261 1
52.8829 255.099 1
215.482 333.902 1
250.239 346.208 4
220.891 264.03 1
134.441 250.411 1
294.427 297.774 1
233.072 287.606 2
212.67 88.9761 1
317.403 319.909 1
313.966 398.603 3
171.392 359.037 2
275.492 443.404 3
75.6494 120.296 1
189.689 321.936 1
119.493 455.595 1
469.326 330.647 2
171.922 253.45 1
254.752 349.753 2
329.898 240.58 1
139.76 232.77 1
211.894 274.457 1
153.637 257.729 1
350.53 129.113 1
312.799 113.069 1
391.529 217.881 1
395.281 228.614 4
238.249 216.747 1
74.8096 385.773 1
210.887 143.406 1
444.847 356.391 1
430.436 357.205 3
161.226 175.203 1
143.029 218.871 1
107.511 395.299 1
251.154 230.199 2
176.303 249.368 1
190.246 260.932 1
203.764 279.806 1
385.409 163.291 1
366.222 428.816 2
208.374 378.904 1
309.515 504.797 2
117.03 350.899 1
216.201 524.862 1
299.184 226.894 2
175.808 142.826 2
244.051 267.582 1
300.431 373.704 2
364.569 409.05 2
348.94 381.572 1
303.625 351.258 1
386.409 217.315 1
390.197 226.257 2
248.922 246.531 2
305.71 395.34 2
313.561 470.283 3
246.961 347.557 1
278.457 453.14 1
398.428 364.394 2
371.561 527.665 1
269.118 211.656 2
186.685 461.695 6
238.158 136.722 1
313.739 344.831 1
274.723 422.427 1
359.936 198.615 1
242.867 97.8989 1
245.617 565.943 1
176.209 491.533 1
384.349 477.293 1
376.305 545.483 2
268.118 193.986 2
246.262 173.176 1
262.892 262.359 1
173.379 127.513 1
144.947 379.352 1
296.238 460.34 1
205.203 206.974 1
249.727 221.567 3
248.53 269.347 1
411.053 444.405 1
391.805 377.8 1
348.991 431.753 1
340.689 186.884 1
333.333 362.44 1
309.545 342.835 1
224.533 547.757 1
195.533 502.852 2
429.082 504.186 2
393.414 406.732 2
378.475 326.998 1
350.578 455.298 2
283.22 339.017 1
282.499 261.12 1
282.683 282.749 2
229.775 506.093 1
176.238 309.772 2
298.578 469.973 2
228.421 528.209 1
204.709 202.051 1
431.704 222.495 1
194.283 204.818 1
139.836 334.909 1
128.203 396.852 1
111.408 314.008 1
386.156 279.839 1
365.768 232.356 3
282.796 543.45 1
291.254 196.361 1
301.531 129.435 2
235.744 319.744 1
117.706 521.449 1
252.988 464.681 1
221.276 383.098 1
177.499 108.018 1
317.243 492.301 1
366.51 151.806 1
295.764 467.313 1
254.338 527.706 1
202.738 197.786 1
201.22 217.268 2
288.722 321.444 1
296.287 133.898 1
277.193 229.957 1
269.645 230.105 1
410.009 463.408 1
334.966 443.094 1
414.833 248.604 2
198.933 480.514 1
188.509 412.754 1
434.726 466.545 1
381.686 516.721 1
325.164 190.853 2
297.559 200.607 1
201.554 246.614 1
267.57 501.483 1
199.865 210.583 1
327.975 308.446 1
269.53 312.473 1
285.661 233.69 1
244.322 327.688 1
319.108 140.162 2
481.903 437.537 1
350.339 362.659 1
422.69 268.848 2
336.759 372.229 2
329.726 374.111 2
222.877 509.345 1
417.459 251.686 2
288.889 412.519 1
146.854 536.194 1
131.514 254.259 1
378.212 491.093 2
339.836 498.037 1
140.783 499.878 1
338.313 145.533 4
203.522 236.38 3
267.404 473.113 3
348.095 209.114 1
343.274 211.578 1
260.913 307.114 1
238.811 321.468 2
289.937 231.554 2
339.839 210.455 1
485.189 436.513 1
329.176 446.256 2
278.311 424.892 1
324.775 377.726 3
427.758 275.047 2
386.234 226.739 2
300.367 267.953 1
191.036 198.849 1
407.633 402.058 1
420.849 363.068 2
250.557 438.73 2
379.778 239.947 3
370.271 194.581 1
243.774 207.917 1
118.858 216.686 2
321.653 450.178 1
192.365 293.768 1
411.782 381.47 1
391.588 392.1 1
169.79 329.51 1
244.752 280.377 1
54.3014 336.303 2
206.402 173.518 1
405.005 306.232 2
260.124 345.709 1
166.24 368.888 1
280.831 240.467 1
311.563 214.06 1
135.998 192.495 1
83.843 162.595 2
163.332 362.948 1
300.919 164.447 1
432.518 313.581 1
102.339 486.299 1
299.893 191.384 1
384.461 468.439 1
381.346 416.784 1
368.852 417.682 1
105.992 455.921 3
124.208 306.851 4
396.935 203.509 1
418.239 378.803 1
461.956 312.434 1
392.362 278.564 1
152.196 272.547 1
202.638 141.71 1
49.7854 300.934 1
461.447 327.556 1
475.557 329.43 1
494.04 345.593 1
103.617 219.65 3
139.255 203.112 1
54.6276 266.345 1
50.4303 329.011 2
183.389 209.016 1
489.611 343.088 1
466.14 423.461 1
456.443 427.729 1
273.126 203.207 1
100.092 379.956 1
352.515 393.142 1
166.95 360.891 1
103.845 241.725 1
136.675 269.118 1
334.775 400.487 1
346.774 406.905 1
428.326 412.951 1
140.36 225.163 1
343.299 410.735 1
165.291 172.591 1
146.041 212.911 2
195.116 248.851 1
401.82 238.572 1
319.895 395.365 3
165.059 217.853 1
194.82 256.872 1
251.03 326.939 1
337.614 409.258 2
318.34 395.005 1
217.884 275.734 1
402.935 365.069 1
370.611 371.623 1
232.408 210.325 1
166.513 149.68 1
368.105 452.726 4
272.682 248.868 1
380.681 153.223 1
254.14 96.9914 1
353.685 420.163 2
410.091 530.181 1
329.372 401.814 1
295.853 456.223 1
280.316 444.656 2
219.844 523.682 1
264.781 213.391 1
337.355 353.881 1
364.123 509.84 1
379.802 215.485 3
330.398 410.958 1
212.581 517.428 2
132.38 511.72 1
359.1 512.29 2
306.377 470.38 1
179.938 244.664 1
189.355 139.08 1
170.76 111.735 1
345.697 384.948 1
239.818 555.201 1
315.668 137.143 1
353.542 506.326 1
178.986 378.893 1
319.845 379.96 1
299.753 387.325 1
263.942 125.296 2
381.395 209.311 1
315.408 133.549 1
184.889 94.2695 1
430.848 458.277 1
364.081 453.279 1
422.018 215.575 1
323.828 381.142 1
382.946 188.823 1
287.952 196.578 1
407.789 370.297 1
338.261 202.861 1
450.987 375.766 1
262.473 130.923 1
367.933 226.787 1
278.055 321.354 1
242.338 357.479 1
241.993 289.378 1
331.346 450.723 1
419.724 323.524 2
342.218 374.678 2
334.727 377.668 3
327.991 381.974 1
292.987 412.561 2
187.746 360.17 1
349.275 373.703 1
344.719 376.885 1
67.6715 314.768 1
84.7221 226.954 1
469.746 411.333 1
402.584 300.245 1
310.128 239.604 1
277.433 233.843 1
211.951 219.505 1
295.784 441.739 1
58.4118 322.147 1
53.3825 213.663 1
378.277 413.579 1
171.328 347.718 1
167.996 340.313 2
402.636 296.058 2
199.334 242.943 1
216.011 210.622 1
113.647 186.774 1
