1263 3393
176.363 5.17991 1
123.913 7.59482 1
125.231 13.1607 1
350.427 16.5376 1
127.065 21.7352 1
115.485 29.853 2
369.686 33.3565 10
175.675 36.2229 1
168.571 37.1682 4
339.745 38.4848 1
366.832 40.1868 1
130.655 40.6032 2
160.226 40.6996 7
378.371 41.0118 7
131.965 50.264 3
150.324 50.9636 4
132.996 57.77 1
148.352 63.1441 1
134.506 63.9749 5
330.116 81.5452 5
138.656 98.6889 8
215.368 103.946 15
158.827 126.024 1
6.14927 128.106 1
141.239 128.652 8
130.003 129.129 9
149.154 138.156 7
151.832 150.944 4
230.921 176.292 1
245.239 216.118 1
248.959 227.524 3
266.233 274.47 1
29.0784 305.209 2
33.0444 327.895 5
165.289 326.7 1
16.9122 328.764 1
293.107 342.321 2
12.2722 365.505 1
322.243 397.557 1
6.31542 417.265 1
359.433 418.3 4
13.1169 427.549 2
345.57 427.074 2
371.662 430.87 2
354.362 437.664 11
238.203 449.884 20
21.8023 454.716 3
298.459 463.276 8
396.51 465.859 2
293.814 483.786 21
202.348 500.547 14
282.799 520.41 13
29.8575 531.146 2
261.602 533.519 1
41.1537 538.678 1
263.855 542.743 2
48.3501 545.863 3
54.4238 549.815 9
265.973 551.047 2
58.8906 554.814 1
288.416 558.276 1
95.0511 569.24 2
105.441 568.875 11
159.298 569.299 1
193.125 568.259 10
206.954 568.689 8
220.557 569.336 5
256.693 568.084 10
268.264 567.438 11
289.832 568.75 14
300.088 568.819 3
307.299 568.908 4
318.533 569.102 8
350.625 576.088 1
73.3854 576.964 1
55.2514 581.023 1
81.5656 581.267 1
114.341 581.228 1
197.778 581.265 2
242.105 581.131 2
292.693 581.005 3
342.905 581.296 3
120.504 582.429 2
206.819 581.627 2
213.255 581.954 2
324.638 581.587 3
221.412 583.277 2
229.162 583.081 2
237.045 583.323 1
317.446 583.863 2
87.7885 584.29 2
132.776 582.741 3
190.897 582.383 3
332.293 583.869 2
60.7492 586.251 1
274.937 586.219 1
107.612 589.293 1
142.88 592.103 1
173.075 592.194 1
261.395 592.001 1
314.364 592.01 1
95.9739 593.722 1
359.757 12.6912 1
375.226 27.7959 6
172.826 42.6192 10
160.147 48.146 7
126.173 48.5282 2
114.826 49.6337 2
20.0685 52.4324 1
126.743 54.5378 1
128.168 62.3771 2
155.063 66.0566 6
155.153 72.9972 7
156.952 80.2193 11
18.8017 83.31 1
159.238 87.535 15
143.242 86.9891 1
119.997 90.7815 1
120.646 95.5737 4
143.229 96.1363 1
163.451 95.7171 13
143.8 102.877 3
133.297 105.309 3
144.637 111.225 1
134.253 113.076 2
223.768 119.86 21
123.775 121.411 1
134.957 121.314 2
145.433 122.231 3
135.397 131.267 1
146.233 130.967 1
124.828 135.76 1
174.817 145.453 6
136.903 142.491 2
126.105 146.323 3
147.727 148.68 3
17.955 152.35 1
127.859 153.686 12
148.038 154.845 3
160.026 161.229 3
138.889 165.731 4
149.105 167.956 2
17.984 171.125 1
126.039 170.257 3
159.926 175.068 1
18.4003 181.89 1
186.685 183.741 1
141.24 187.99 2
152.47 197.085 2
152.78 203.856 1
247.966 205.675 6
21.2174 209.911 1
194.808 210.053 1
153.242 211.16 2
143.671 211.922 3
251.671 214.647 10
22.8288 222.044 1
144.694 224.49 1
199.971 227.398 1
155.873 232.81 1
24.8364 235.781 2
147.169 244.025 1
136.418 262.319 1
271.263 274.74 1
31.5895 278.008 1
273.679 283.467 1
281.029 286.657 7
33.0657 289.035 1
284.743 294.299 8
33.8388 297.609 1
288.203 302.232 8
35.7497 304.908 1
39.1189 321.669 2
237.13 351.606 1
45.291 360.942 1
384.167 369.656 1
369.204 384.919 9
20.2209 400.764 1
17.0733 421.919 1
365.228 423.852 3
23.0835 446.007 4
364.037 445.842 40
364.885 454.254 7
396.617 456.834 1
179.243 459.814 22
239.759 464.001 33
408.006 461.957 1
301.273 472.89 32
177.529 471.608 4
18.3811 472.38 2
226.377 478.164 5
299.104 486.097 2
211.269 487.383 4
7.35561 489.387 1
286.974 495.948 29
203.925 510.299 27
287.395 513.118 5
286.908 516.94 1
20.0106 518.222 1
82.9421 520.28 3
207.627 528.995 5
47.1427 552.696 3
212.498 553.886 14
221.795 555.274 1
293.059 556.227 2
273.739 560.64 4
64.1682 581.513 1
300.084 580.646 1
149.895 582.225 2
164.807 582.174 1
278.582 581.699 2
349.88 582.051 2
246.3 582.863 1
139.052 585.38 1
311.109 585.455 1
92.5803 586.26 1
195.469 586.094 1
204.527 586.148 1
210.671 586.051 2
217.359 585.747 1
240.367 585.964 1
258.527 585.82 1
322.238 586.044 1
336.474 585.828 1
359.213 586.185 1
70.616 586.689 2
112.32 586.505 2
122.402 587.073 1
182.197 586.404 1
284.715 586.856 1
291.199 586.689 2
164.284 590.669 1
266.266 590.481 1
103.065 591.712 1
368.685 591.925 1
344.601 11.994 1
362.093 36.9659 15
216.744 113.018 28
161.374 239.558 2
271.745 263.621 9
274.754 270.467 5
302.079 472.181 4
211.38 543.369 31
83.1502 576.306 1
287.955 574.812 1
352.502 42.0802 4
218.547 101.528 7
207.494 119.824 1
235.229 192.635 2
13.075 289.467 1
272.76 293.436 2
16.157 355.145 1
298.19 357.361 2
325.933 408.516 1
333.829 418.449 1
320.843 441.247 8
16.4811 449.45 1
237.254 449.645 2
209.025 453.962 5
408.58 469.386 1
24.0779 474.42 2
33.4233 531.161 1
77.3135 568.614 12
132.931 568.364 1
235.462 568.224 12
267.848 567.981 2
328.657 565.447 8
334.279 580.54 1
359.487 579.847 1
413.507 14.0146 1
380.659 30.7355 1
161.831 51.0195 1
354.919 53.027 1
15.442 83.6039 1
219.619 115.309 11
228.877 122.059 2
269.304 125.798 2
409.224 129.446 1
220.976 135.633 6
371.852 388.737 3
392.38 385.129 3
147.929 412.779 3
19.9599 420.406 1
146.409 440.645 2
25.396 443.404 1
365.874 445.198 1
326.784 452.338 6
182.144 454.577 6
370.589 459.405 1
332.787 463.815 7
236.807 469.959 11
180.616 476.284 31
256.085 476.975 1
192.434 491.417 5
31.5814 494.078 3
212.256 494.059 1
301.83 494.603 1
205.162 512.151 5
292.12 514.019 2
28.7879 540.201 2
211.85 539.275 1
50.6798 558.973 1
214.561 557.164 1
88.8394 577.799 1
104.998 578.23 1
158.666 577.308 1
182.721 577.611 1
239.116 577.21 1
265.266 577.993 1
292.427 577.276 1
65.8027 584.485 1
168.837 587.38 3
245.627 588.246 1
299.017 588.052 1
326.634 588.705 1
380.298 144.893 2
316.848 169.849 4
207.06 226.975 1
214.701 247.521 1
302.278 333.223 8
24.2424 516.185 1
121.4 28.9252 2
326.005 29.1989 1
184.038 34.6725 2
231.043 98.3462 6
187.973 209.411 5
344.466 435.184 4
229.623 445.382 5
176.837 466.24 4
24.8646 478.121 1
80.482 563.392 1
147.288 565.308 1
187.154 565.015 1
238.98 564.908 1
292.804 564.859 1
346.63 26.6858 1
392.537 35.5043 1
23.195 49.4355 1
171.407 57.6926 1
360.612 61.9152 2
21.7689 87.4981 1
233.31 150.869 1
158.282 217.118 1
320.429 358.817 1
26.3209 421.078 1
249.28 450.435 1
343.669 471.293 1
377.41 473.749 1
175.837 486.898 7
196.988 497.775 2
312.998 500.106 1
28.8684 512.003 1
213.855 518.145 1
54.3901 568.443 1
213.036 576.636 1
307.719 578.093 1
163.357 163.934 9
357.196 473.501 1
111.43 38.5396 1
339.639 69.6189 1
250.518 88.9645 1
129.912 254.133 8
252.993 501.231 1
191.053 76.4608 1
252.474 131.208 1
286.12 220.584 1
38.2783 391.427 1
45.5456 514.055 1
371.32 496.924 1
173.457 185.858 1
206.048 411.23 1
309.326 426.678 2
128.99 31.0046 2
146.981 193.448 8
27.1813 296.919 3
276.727 302.242 2
36.3552 340.155 6
325.097 378.358 1
317.682 391.692 1
350.296 410.217 2
356.015 415.187 14
376.705 432.473 1
248.733 484.847 1
255.337 510.642 1
155.511 53.3462 5
233.446 127.682 2
380.144 132.022 2
391.652 137.116 5
373.187 140.118 3
383.36 142.608 1
26.7778 252.141 2
152.194 306.18 1
292.114 330.059 4
40.8515 393.888 2
352.217 435.97 1
329.174 461.078 2
198.59 484.985 21
185.959 491.498 13
30.7661 490.012 1
209.756 489.572 2
189.604 492.523 3
165.907 540.371 2
357.458 149.116 5
375.638 46.9086 3
338.195 391.339 4
224.643 142.236 1
159.057 244.457 1
48.2113 347.218 1
184.754 448.623 4
372.825 463.56 1
241.477 470.819 1
177.388 480.716 1
257.487 481.34 1
210.384 532.667 1
275.998 185.861 3
172.1 513.029 1
332.673 430.894 1
229.002 441.663 1
235.542 155.389 1
155.554 410.719 3
248.306 444.667 1
162.846 160.075 3
267.268 218.84 1
320.126 84.2061 1
140.473 43.2941 4
225.574 129.206 2
244.022 196.802 1
260.023 236.31 1
262.831 242.259 3
264.655 247.612 2
268.059 254.818 3
400.349 446.926 1
377.612 451.807 2
272.981 551.669 8
21.523 323.655 1
345.212 152.567 4
218.29 125.323 10
118.351 35.8832 2
135.986 74.9854 2
136.713 80.722 1
290.136 316.954 5
328.865 392.22 7
191.13 484.595 3
187.246 537.054 1
145.993 137.32 9
283.184 527.935 5
165.251 100.501 4
292.548 311.543 3
360.02 417.1 2
318.9 445.397 3
268.519 532.621 3
181.529 458.15 4
355.487 153.763 2
268.649 129.598 2
204.381 130.512 1
132.118 99.2859 4
180.943 201.097 2
145.222 179.688 1
197.441 242.915 11
201.888 258.886 18
211.049 284.516 17
366.81 462.111 1
320.814 455.35 5
251.423 408.929 26
259.979 447.422 9
211.499 462.156 3
223.57 482.379 1
171.427 516.488 6
243.831 453.614 28
306.973 470.36 3
218.16 438.09 4
240.592 483.211 1
268.298 209.221 1
356.72 582.047 2
319.327 468.272 3
307.196 581.592 1
257.418 229.124 3
254.102 581.613 2
207.372 522.374 1
161.738 102.217 4
155.82 54.8956 2
140.04 37.7446 2
138.263 29.5009 2
135.939 21.9293 2
32.174 459.561 1
29.1826 453.669 1
381.471 449.429 1
366.894 440.659 4
273.756 463.553 2
270.728 452.136 3
256.506 409.636 2
255.289 561.971 2
247.208 377.15 3
240.824 366.983 8
234.74 346.168 9
228.419 336.131 14
224.954 326.677 16
221.871 316.198 12
221.867 307.085 5
217.141 297.275 16
213.312 287.747 8
211.163 268.933 1
210.603 279.312 6
208.94 251.564 3
207.138 259.793 1
202.588 241.236 6
198.866 232.333 2
198.499 518.576 2
197.052 222.217 3
195.134 214.709 2
192.209 206.283 2
190.039 196.537 6
185.122 189.706 3
182.013 179.07 5
183.176 171.456 2
178.53 162.351 3
178.423 154.876 2
177.032 42.2257 1
174.199 137.705 2
172.332 131.112 3
168.171 120.251 3
163.794 502.607 3
159.703 558.916 4
160.659 547.298 1
153.566 164.767 2
153.956 172.276 2
152.465 158.483 1
152.224 222.833 1
150.537 230.11 4
152.665 251.545 1
152.848 262.827 2
149.687 205.716 5
151.754 214.83 1
150.191 192.764 1
150.616 201.688 1
145.726 277.569 6
146.457 290.149 8
145.053 267.76 8
146.074 274.579 1
142.502 251.123 10
145.361 259.109 6
142.142 107.907 1
136.172 191.658 7
134.382 159.995 8
134.321 167.449 3
131.743 138.876 7
130.365 116.586 4
129.34 97.9156 1
130.182 102.686 3
127.814 75.3877 3
125.755 85.1849 2
124.097 72.6774 3
122.993 63.9116 4
121.292 44.5954 1
121.809 52.8853 2
119.222 154.199 4
114.268 104.009 2
112.972 93.5496 7
108.588 53.5833 5
107.334 42.3563 2
53.601 426.218 7
379.282 27.0772 1
235.171 357.791 12
231.721 348.801 6
219.536 317.422 2
199.143 482.385 1
198.059 531.974 1
174.677 516.575 1
350.384 428.389 2
333.482 389 2
256.631 433.132 22
221.97 109.985 4
219.898 480.341 1
201.214 120.776 2
196.995 485.923 1
171.038 47.5216 1
153.56 513.476 6
154.332 536.83 5
142.454 176.791 3
141.818 231.04 11
140.675 251.96 1
138.632 272.081 19
140.152 311.939 4
136.262 376.449 7
134.674 403.382 6
133.408 417.864 5
136.103 253.107 1
114.546 160.531 5
316.495 366.004 1
283.339 461.281 5
240.538 456.332 1
225.988 96.6792 2
224.572 149.633 2
302.111 469.029 1
241.979 479.186 12
341.836 455.183 1
310.931 474.584 4
306.417 479.546 2
74.0967 568.513 1
374.776 90.5458 1
406.063 53.6979 1
22.4131 389.754 1
23.8708 343.151 1
190.953 34.311 1
286.24 479.177 2
312.26 450.737 2
291.919 471.12 1
202.781 533.906 2
175.949 523.973 1
264.312 432.074 1
202.914 483.508 7
261.775 421.777 1
162.823 511.943 1
178.651 489.278 1
154.867 513.77 1
165.097 491.937 2
165.998 477.224 3
167.264 459.827 4
39.5132 554.757 2
235.184 337.515 1
32.719 539.483 1
137.594 420.033 3
139.246 406.905 2
140.017 398.564 2
226.056 308.549 1
138.998 380.678 3
150.946 352.216 2
215.038 270.266 1
149.486 331.892 1
211.886 260.206 1
149.643 321.714 3
48.9498 399.285 1
146.719 292.187 2
154.234 278.489 1
195.185 206.756 1
128.546 256.08 6
352.616 31.982 1
151.768 233.879 2
141.621 237.313 1
168.982 195.979 5
138.096 204.88 1
125.808 214.888 6
123.52 198.561 6
207.55 115.07 1
144.91 160.439 4
119.903 171.992 3
133.556 149.212 4
167.196 108.854 4
118.668 142.901 2
162.111 93.2287 1
116.772 130.714 5
159.832 83.9229 1
115.554 114.936 1
179.952 45.6772 3
110.575 77.9372 1
109.803 67.8684 2
105.65 33.409 1
184.86 474.415 2
270.459 548.417 1
208.349 540.579 1
183.444 495.555 1
238.06 435.934 1
316.649 438.201 1
291.269 459.076 2
193.662 526.346 1
259.605 447.802 1
228.37 480.972 2
195.413 491.708 3
247.421 407.231 1
129.502 457.033 6
125.569 254.461 1
119.287 196.114 2
199.172 80.9055 2
140.083 135.951 2
108.503 103.253 2
310.108 357.437 2
232.013 421.778 2
177.737 442.455 5
220.561 382.128 1
180.275 399.891 1
219.679 143.878 1
301.994 465.819 1
216.342 429.97 1
128.605 366.549 1
124.831 230.488 1
385.847 70.3086 2
210.251 122.844 1
331.031 385.765 1
234.194 132.908 1
380.288 137.116 1
397.747 136.593 1
336.094 156.788 2
324.13 159.814 1
167.291 192.718 2
177.218 453.501 1
175.596 475.519 1
297.664 492.213 3
209.237 492.918 1
374.793 144.763 2
345.693 157.989 4
314.78 167.114 1
33.3215 284.05 1
161.628 204.841 2
207.811 351.663 1
299.515 364.074 1
234.536 444.262 2
217.901 118.932 2
159.001 247.992 2
48.5817 350.948 1
195.565 463.392 2
222.533 462.348 1
374.34 469.166 1
334.203 470.763 1
243.393 475.761 5
188.27 499.905 1
256.335 211.882 1
304.871 333.92 1
188.256 216.754 2
228.902 437.399 3
271.652 225.29 1
302.129 338.718 4
306.368 344.258 6
204.942 455.422 1
270.658 544.036 2
197.962 557.1 1
334.722 154.106 1
219.837 131.137 1
207.989 125.353 1
322.907 386.04 1
149.43 188.216 5
195.229 246.094 1
214.451 303.373 3
253.589 142.572 1
204.322 140.558 1
142.416 184.509 2
313.616 461.015 3
224.693 441.533 2
209.812 463.571 1
171.618 520.857 2
252.331 450.847 1
370.268 45.1837 1
334.969 404.361 2
204.682 118.431 2
207.772 269.832 7
269.037 464.303 5
144.891 150.609 1
148.527 173.999 1
146.974 202.436 1
147.409 216.191 1
148.12 223.553 1
148.096 229.36 1
157.586 537.272 3
159.161 560.207 1
200.074 254.006 3
214.569 299.017 1
238.313 369.406 5
241.44 376.299 8
257.284 421.079 12
244.686 387.51 13
244.72 400.705 2
106.643 65.3728 2
105.923 78.1364 2
107.82 95.5682 1
114.017 156.653 2
157.9 491.253 3
180.111 132.582 1
287.109 467.767 4
183.424 153.464 3
321.314 133.02 1
234.641 120.394 1
198.298 126.259 3
164.795 49.7241 1
122.298 105.98 5
234.424 468.866 2
135.539 181.361 1
223.26 446.172 1
131.184 231.847 4
130.676 405.519 1
149.243 493.823 3
116.886 107.148 1
132.617 187.47 3
145.784 496.125 1
234.024 96.9725 1
230.178 153.533 1
237.205 113.095 1
297.805 326.242 4
276.885 277.056 1
371.955 456.241 1
263.338 450.844 7
261.658 440.707 2
258.43 430.363 1
257.204 420.166 1
252.99 409.258 1
241.465 376.24 1
157.373 547.512 2
158.012 500.685 1
161.39 475.135 5
163.648 461.751 1
200.557 249.258 2
132.582 436.868 7
190.296 220.393 3
148.629 311.184 3
146.417 306.645 3
147.039 296.983 1
203.83 112.458 1
148.723 170.99 1
124.257 223.939 1
122.672 213.925 1
121.284 199.993 1
118.694 180.254 2
117.555 171.728 1
45.2729 387.042 1
116.192 153.986 1
113.604 128.732 1
250.443 418.589 1
243.042 396.381 2
240.23 387.563 1
237.534 376.178 1
234.168 365.533 1
227.502 345.605 1
216.469 305.858 2
213.374 296.197 2
196.779 248.718 1
317.203 369.243 2
128.114 462.498 1
130.163 402.121 1
131.984 375.223 1
193.326 112.722 3
136.982 484.137 4
127.336 161.179 4
222.77 146.388 1
222.296 89.8376 2
27.0548 528.523 1
237.948 167.582 2
255.033 550.791 1
378.044 460.687 2
290.924 465.688 4
237.369 483.782 2
160.028 539.452 1
173.727 462.779 3
165.878 455.334 1
302.075 343.849 3
362.735 137.972 1
138.914 213.269 1
179.271 158.729 1
386.184 119.823 2
375.364 124.228 2
207.628 536.82 2
343.981 420.352 1
178.993 448.647 4
364.499 97.9274 1
217.961 133.544 1
341.871 429.604 1
314.407 431.803 1
191.705 519.244 2
249.595 398.436 11
132.914 399.346 1
271.98 163.561 1
248.821 173.254 2
138.193 133.235 2
239.12 439.346 4
309.229 350.62 3
180.141 430.053 1
183.672 243.114 1
18.6441 342.668 3
328.321 437.966 1
130.312 81.0623 3
172.25 227.828 2
144.946 414.508 2
253.286 478.539 1
287.216 491.211 1
194.026 536.311 1
385.163 114.677 2
232.165 440.391 1
385.054 452.802 1
178.427 267.573 2
159.578 321.685 1
147.712 418.484 1
220.612 468.32 1
245.061 482.359 3
259.519 216.486 1
319.733 420.15 1
319.954 363.504 1
250.364 440.737 1
208.664 131.996 1
205.463 152.698 2
181.459 209.242 2
174.135 490.734 1
345.714 466.043 1
158.496 69.2444 1
369.756 422.007 2
319.904 367.71 2
322.863 371.401 1
163.859 45.9103 1
204.655 125.435 1
132.564 95.0295 1
191.936 226.83 2
195.339 236.44 2
219.713 310.531 3
332.849 459.29 2
145.128 229.892 1
286.003 540.832 1
189.97 509.335 2
197.467 140.527 1
114.55 110.528 2
129.848 190.425 3
310.312 464.321 2
130.516 277.501 1
220.584 442.571 2
129.834 408.518 2
128.403 280.656 1
130.808 369.18 2
185.488 130.647 2
341.052 396.883 3
159.902 63.2168 1
171.059 116.506 1
160.922 74.4073 3
262.275 568.839 1
231.796 452.868 1
145.593 568.961 2
323.439 406.442 2
234.364 116.661 1
125.943 59.5585 1
126.669 67.9238 1
141.289 158.42 1
141.354 202.671 2
140.928 208.724 1
140.88 215.791 1
141.286 223.131 2
141.713 243.836 2
140.71 281.123 4
143.277 289.244 2
185.68 469.64 1
140.884 298.086 3
139.782 334.129 1
158.977 480.832 1
228.089 109.968 3
138.157 245.118 2
138.419 289.57 6
137.129 298.613 3
137.076 322.387 3
135.029 364.692 8
282.699 467.52 3
140.107 47.7271 1
280.796 124.861 1
243.498 118.303 1
234.33 108.167 5
191.869 125.398 1
220.696 449.892 4
136.456 493.578 1
130.539 519.923 1
131.918 537.265 1
238.098 144.064 1
189.529 108.723 1
305.968 340.261 1
177.095 569.065 3
64.1887 576.249 1
295.865 457.279 3
193.195 230.37 1
132.052 463.881 4
201.156 110.939 1
183.021 195.85 1
138.139 357.752 2
142.176 320.363 1
137.386 303.747 3
145.12 170.173 1
323.385 565.798 1
137.05 341.686 4
308.016 461.536 2
280.148 497.213 1
131.246 516.813 2
131.067 478.592 1
229.569 145.954 1
225.06 86.5352 1
323.938 469.308 1
310.656 371.409 1
361.906 51.2015 1
286.18 531.263 2
196.708 527.461 1
233.178 480.353 1
216.841 481.553 1
159.632 471.578 1
132.737 455.133 1
137.37 396.408 1
359.561 135.681 2
138.415 330.942 1
133.275 292.356 3
125.986 236.047 1
181.485 445.637 1
134.099 482.578 1
128.734 227.137 2
219.165 138.75 1
283.754 472.048 1
239.361 487.751 2
199.085 493.364 3
245.299 472.046 1
308.178 154.195 1
191.852 212.302 2
161.817 190.561 1
131.733 135.676 2
159.282 496.802 1
345.659 138.355 1
324.887 145.748 1
314.843 149.589 2
289.454 158.689 2
276.648 163.964 4
243.728 174.173 4
167.616 170.382 2
327.363 413.116 2
310.128 421.869 1
172.172 483.088 2
224.504 422.012 1
133.856 370.79 1
272.563 160.554 1
138.49 180.731 1
137.352 125.404 1
131.941 266.861 1
136.222 219.768 1
179.933 411.28 1
254.707 220.024 1
22.2535 439.516 1
206.002 448.195 1
204.045 492.351 2
355.297 157.706 2
173.527 231.231 3
299.717 497.425 1
253.406 209.586 1
178.627 274.761 2
159.658 329.361 1
207.448 369.462 1
182.559 423.007 1
263.945 222.132 1
183.573 430.796 1
172.854 120.8 2
273.167 477.388 3
273.951 204.451 2
168.046 67.8969 4
169.137 79.0652 2
173.037 86.0992 4
171.549 95.8031 1
173.528 103.819 1
175.429 112.885 2
177.43 120.779 1
180.565 128.326 1
181.839 137.196 2
183.261 146.39 2
188.249 153.113 1
157.41 195.141 1
157.66 237.767 1
331.301 154.299 2
179.947 80.9628 1
123.015 58.5991 1
122.086 85.3975 3
138.602 170.68 1
251.195 399.373 1
138.055 268.269 1
338.931 458.674 1
138.001 185.278 1
136.482 325.56 1
248.911 147.746 1
155.643 449.447 1
165.711 471.869 1
174.701 92.0403 4
176.94 99.4908 4
179.867 106.951 6
166.429 61.1962 2
176.313 115.968 1
189.799 167.733 2
179.769 140.849 2
184.725 156.813 1
227.45 453.364 1
184.745 568.465 2
256.53 119.005 1
237.837 116.105 1
228.414 107.973 2
265.24 464.759 1
279.795 516.238 2
115.61 37.1191 1
117.819 52.7758 2
117.109 61.484 2
118.786 70.0412 3
117.367 87.0797 1
121.583 99.5277 1
125.889 116.552 2
230.568 463.233 4
130.345 202.428 3
134.494 353.452 2
145.783 530.486 1
135.111 282.718 1
134.973 299.45 1
142.619 516.914 2
278.158 468.763 1
250.932 117.639 1
214.186 447.076 2
329.153 581.612 1
246.583 447.797 1
226.034 581.707 1
224.973 102.63 1
220.228 483.725 1
192.855 175.447 1
185.848 149.795 1
189.176 156.941 1
181.855 90.0975 1
183.594 141.103 1
179.24 115.302 1
181.126 123.686 1
171.072 75.6678 1
92.9015 581.59 1
313.416 109.718 1
289.397 547.434 1
287.231 535.183 1
198.503 113.484 1
155.549 477.363 1
148.726 490.773 1
145.718 503.271 1
146.972 514.27 1
138.18 174.972 2
134.013 224.985 1
125.001 98.1584 1
119.749 76.7005 1
188.321 231.613 1
187.953 240.457 1
142.646 491.359 1
140.789 503.453 1
144.377 536.733 1
133.309 235.676 1
177.276 128.038 1
171.711 112.727 2
169.539 103.712 2
280.612 510.8 3
152.598 470.506 1
132.956 242.814 1
132.542 211.102 1
130.017 189.527 1
136.599 467.049 3
213.907 437.162 1
326.369 471.409 2
348.382 432.49 2
239.552 372.742 1
136.202 229.924 1
162.685 453.209 1
290.621 454.337 1
289.923 337.781 1
299.505 154.466 1
263.273 168.735 1
356.986 129.239 1
126.822 259.464 2
165.537 448.106 1
269.118 154.06 1
250.275 166.839 1
127.222 221.525 2
368.182 101.747 1
322.442 109.175 2
153.795 70.0576 1
241.519 497.1 1
336.033 424.394 1
233.768 433.474 1
296.437 353.019 1
269.021 167.718 1
260.471 171.753 2
160.872 186.822 2
115.252 119.195 1
329.764 417.592 1
322.634 143.06 1
372.595 116.826 1
219.735 404.322 1
181.316 273.138 1
295.743 320.811 1
345.593 165.325 1
355.361 163.066 1
167.11 199.689 1
172.66 240.92 1
176.931 433.857 1
179.207 285.792 2
265.88 457.781 1
174.666 85.7545 1
184.128 117.295 2
186.299 123.613 1
183.596 126.511 1
121.283 134.435 1
123.075 143.716 2
123.962 164.86 2
126.023 179.776 2
239.971 383.484 1
142.863 510.344 1
194.512 142.095 1
279.802 479.771 1
190.011 456.023 1
228.789 129.501 3
187.23 462.898 1
142.722 497.215 1
220.421 454.594 1
180.407 568.156 2
292.418 111.651 1
194.427 119.567 2
154.359 360.022 1
155.14 374.959 1
142.865 484.169 1
133.466 533.663 1
136.968 552.042 1
237.648 107.023 1
220.562 451.522 1
189.1 112.207 1
125.902 581.352 1
99.7285 581.773 1
224.756 451.417 1
208.689 480.263 2
160.044 573.854 1
142.052 476.679 1
132.589 504.04 1
285.393 452.909 2
246.5 489.749 1
288.673 443.548 1
197.737 171.126 1
193.163 162.526 1
172.083 80.7827 1
138.886 530.628 1
135.234 459.058 1
225.388 137.237 1
158.476 465.187 1
336.498 396.006 1
289.975 489.523 1
342.199 425.187 1
314.502 424.55 1
133.589 440.8 1
135.659 211.345 1
241.749 444.65 1
186.965 506.549 1
117.245 166.898 1
255.572 224.686 2
231.375 424.865 1
128.87 263.005 1
175.526 234.782 1
268.099 164.586 1
289.002 153.541 1
160.098 179.342 1
175.178 250.105 2
128.766 285.726 1
167.076 207.53 1
176.765 424.074 1
364.102 433.541 1
366.842 432.252 1
202.76 364.531 1
248.93 421.539 1
161.474 467.261 1
172.871 468.408 2
242.931 105.557 1
237.117 125.164 1
241.719 99.3434 1
230.425 111.829 1
213.199 455.762 1
261.594 111.149 1
280.191 451.184 1
285.125 441.648 2
276.678 449.13 1
249.629 459.439 1
194.581 179.469 1
328.034 399.006 1
327.395 381.856 1
309.276 367.662 1
211.07 342.638 1
182.248 257.671 1
330.086 379.184 1
