3840 18653
292.138 5.67951 1
309.507 8.8485 1
498.745 8.70986 1
500.452 11.3319 1
539.91 11.2224 1
581.786 11.7061 2
399.695 12.9567 1
290.996 13.808 1
287.032 14.8657 2
154.068 16.5505 2
174.539 18.5384 1
336.964 17.7847 2
450.829 19.0882 1
532.032 20.8828 2
568.387 21.64 1
483.104 22.1903 2
448.956 24.7161 3
175.693 27.0501 2
219.063 27.9665 2
480.605 28.5951 2
402.248 30.2895 2
193.662 34.0852 2
257.807 33.6023 7
485.262 34.671 2
577.883 37.1105 1
210.484 39.4384 10
246.564 38.2027 16
454.796 43.6261 5
432.197 42.2349 19
581.635 44.0002 1
274.218 43.8746 11
220.653 49.3364 14
482.137 48.9581 3
585.31 49.879 1
147.496 49.6628 12
206.548 55.0387 1
587.889 55.6411 2
252.186 58.7014 15
463.216 61.2527 5
130.114 60.4444 12
159.062 61.956 14
225.119 59.2283 17
344.724 61.0719 8
373.165 60.0894 8
294.487 62.439 4
423.884 60.5274 16
499.154 61.5559 7
580.717 62.5822 1
328.93 59.4764 17
476.734 63.7131 12
592.757 64.4901 1
458.427 69.1194 21
298.272 70.4344 6
565.518 71.7708 2
279.684 73.0216 22
402.514 73.4005 2
372.3 73.441 7
333.116 75.4 7
163.665 77.0461 9
292.682 79.4205 14
338.779 79.574 1
32.9007 79.9538 5
368.146 80.6012 8
509.526 82.7612 18
585.487 82.3356 1
400.221 84.0502 2
46.4314 84.6312 8
277.816 81.7837 13
186.243 86.3692 17
252.908 85.6278 11
386.778 88.1859 13
209.865 84.0576 6
260.655 90.2008 12
292.347 89.4742 1
412.278 87.6464 21
479.048 90.8431 1
515.883 91.1798 1
280.667 93.4546 11
572.008 96.9889 7
205.241 99.918 1
517.595 99.0081 10
367.73 102.443 24
246.632 104.334 5
545.201 107.524 9
556.42 108.395 10
567.147 108.281 8
261.559 109.5 3
331.508 112.733 13
426.743 109.681 11
515.614 109.879 23
586.701 110.626 1
356.753 110.957 12
574.127 111.335 7
499.223 112.461 1
506.408 109.821 8
214.175 116.687 31
326.283 117.456 34
535.424 121.017 6
550.467 120.088 6
226.012 121.402 2
466.107 122.612 4
475.477 121.47 11
559.615 122.488 1
509.434 125.083 3
317.533 126.263 2
294.053 127.807 1
589.787 129.011 1
516.85 138.516 4
570.418 139.493 4
338.582 139.735 1
404.316 140.778 15
376.589 141.739 21
580.556 146.268 1
139.646 146.673 3
99.8566 146.489 27
98.3972 148.967 1
127.493 149.856 15
87.464 148.695 13
227.565 148.863 27
492.891 150.01 6
423.67 153.919 25
80.1827 155.516 19
388.964 154.811 33
405.976 156.877 1
126.444 152.243 25
243.949 156.87 34
268.935 158.237 2
70.9161 158.722 3
460.403 160.421 33
446.792 161.217 6
335.596 161.087 12
387.4 165.288 3
66.9135 164.246 2
89.4251 163.556 11
474.813 162.027 55
297.528 167.438 4
480.678 166.734 22
456.405 168.124 23
61.5198 169.719 7
138.095 176.037 41
141.827 169.593 3
510.207 169.345 35
290.561 170.234 40
512.124 171.732 5
134.603 176.245 5
309.338 175.452 14
451.633 172.714 2
77.2368 175.337 5
290.418 173.714 11
473.823 176.005 19
110.11 181.916 4
264.667 178.698 28
273.969 178.858 11
524.528 178.252 33
58.6261 179.209 7
139.462 177.287 13
477.569 179.831 4
145.138 179.568 9
266.725 180.754 4
447.664 180.214 31
533.586 180.984 22
116.021 181.67 14
106.453 184.831 12
52.109 190.728 14
98.4275 187.351 8
133.12 188.294 6
300.386 189.354 23
472.549 192.794 24
82.6626 191.774 7
532.137 194.628 11
292.267 194.057 2
301.777 193.771 1
52.2145 196.976 3
270.047 198.644 1
281.578 197.706 42
70.9 200.127 1
484.812 198.257 11
274.378 201.92 2
463.002 200.807 31
289.204 202.63 1
475.94 203.929 20
264.446 204.879 23
56.0832 206.486 1
533.724 206.704 20
65.0043 206.648 20
100.514 210.499 4
152.96 212.371 26
433.719 214.426 10
465.505 212.295 27
485.111 216.348 13
259.935 219.766 11
320.52 218.468 1
332.83 216.123 33
523.473 220.27 9
588.004 220.669 2
274.147 222.825 14
157.288 226.879 10
437.244 225.62 12
70.0361 227.983 12
143.841 225.417 45
146.358 227.678 2
310.059 229.225 25
501.846 231.392 11
242.689 233.952 3
91.3416 235.518 8
517.772 235.943 17
296.449 231.428 21
441.878 233.882 15
482.78 236.279 1
290.612 236.661 7
281.511 235.064 19
261.203 235.493 14
139.744 243.543 13
525.599 241.264 3
72.5933 245.362 15
436.436 243.842 13
474.837 243.308 33
533.861 240.309 19
331.622 244.719 23
502.234 245.879 19
98.3555 248.368 14
157.226 249.499 4
116.785 252.225 5
306.338 251.505 7
434.611 254.916 26
76.3159 251.346 12
72.9022 253.942 6
144.916 255.064 6
247.503 260.6 16
146.415 263.035 6
264.483 259.245 26
575.061 259.708 3
67.7001 261.685 7
512.834 261.686 30
498.809 262.826 10
301.311 263.88 3
326.567 264.611 7
52.7524 263.019 4
93.0742 267.927 15
588.084 268.766 1
66.1406 270.213 11
430.341 268.581 20
449.431 266.866 19
512.638 271.667 18
538.411 271.441 13
443.215 272.496 2
446.222 273.905 15
513.963 273.423 2
560.213 271.072 18
145.615 276.426 22
572.163 274.51 1
273.724 278.175 10
438.264 279.045 1
512.501 280.226 6
496.818 280.815 8
447.583 283.565 14
529.235 288.099 10
71.8466 289.268 11
130.214 287.999 18
114.941 292.675 23
551.42 287.452 7
473.175 292.367 6
130.983 294.294 2
167.365 292.671 3
137.725 295.295 7
319.937 294.946 1
445.679 295.976 10
570.818 294.89 1
559.237 296.501 3
580.821 295.963 3
106.358 296.097 10
99.4299 294.273 25
328.431 301.325 11
444.543 301.096 4
518.481 297.22 8
63.2435 299.93 3
502.125 302.307 6
31.9696 302.351 6
85.462 299.572 21
477.11 308.453 26
121.182 309.435 29
98.1126 312.2 10
441.222 310.552 15
593.326 310.996 1
325.348 311.443 11
519.444 312.828 19
68.9891 314.486 8
340.377 314.618 18
584.572 317.113 1
87.226 318.068 17
352.855 319.811 4
41.9772 322.041 12
286.025 323.346 2
516.816 322.081 35
517.648 328.192 8
115.991 325.622 11
477.783 325.564 31
502.086 324.997 28
502.445 327.257 11
443.139 329.108 3
516.868 331.269 5
551.162 331.71 2
313.491 334.956 14
492.696 339.875 43
560.75 334.959 3
465.6 332.119 49
445.709 336.771 2
518.302 339.811 3
464.878 343.44 4
486.486 342.637 10
569.804 344.798 1
105.823 348.698 12
306.172 343.508 36
468.38 348.524 11
567.011 349.18 3
450.201 350.614 22
510.792 351.945 12
479.033 355.894 29
586.048 358.288 2
447.274 359.632 8
501.835 359.621 4
560.837 363.428 18
458.418 366.12 1
515.89 364.103 15
575.352 367.363 3
466.772 370.384 1
475.365 375.541 35
462.725 377.699 15
437.549 380.093 5
591.382 384.427 1
463.19 383.821 10
493.221 385.078 18
503.155 385.029 14
377.239 387.721 5
522.982 387.163 15
256.42 392.232 64
551.582 387.513 7
560.624 389.599 7
592.952 389.68 1
241.059 400.607 6
15.8422 403.292 1
548.923 404.523 3
259.287 405.958 1
352.928 404.056 13
487.191 406.692 2
8.83153 414.189 1
283.787 415.859 7
559.597 417.99 16
257.25 424.59 12
287.799 427.439 2
590.31 443.136 1
501.732 488.019 2
434.871 492.995 27
589.012 508.135 1
418.197 511.14 17
532.852 518.84 1
393.504 519.761 1
368.563 4.55931 1
398.679 5.15842 1
545.76 4.86759 1
341.238 6.24872 1
381.215 5.73577 1
529.361 6.62644 1
234.903 6.5969 1
503.588 6.88402 2
587.789 7.05704 1
68.8773 7.80658 1
296.304 7.65283 1
481.331 7.96105 1
522.468 8.45047 1
246.849 8.99426 1
391.369 10.1217 1
437.134 10.3228 1
515.54 9.64149 1
368.319 11.3064 1
386.22 10.4028 2
562.23 11.0959 1
155.865 11.5184 2
362.462 11.8169 1
447.984 12.294 1
475.866 12.1093 2
74.3762 14.7052 1
338.547 13.7349 1
179.852 15.9477 1
394.671 16.9044 2
405.363 16.5518 1
80.8457 19.5039 2
343.245 17.5261 1
514.263 18.0799 1
202.728 18.9294 1
590.033 18.6301 1
220.983 20.2808 2
290.543 20.4971 1
411.656 20.0032 1
425.604 19.5704 1
521.431 19.644 1
573.627 20.1163 2
367.368 20.9217 2
489.676 21.0483 6
154.063 22.8229 3
254.232 24.9142 9
398.068 21.5972 1
537.792 23.0556 6
81.6061 26.3847 5
336.712 22.7542 1
561.246 22.9938 1
209.412 24.2829 2
185.295 25.9092 2
283.059 28.2483 8
331.884 26.1612 1
475.934 28.9638 4
320.955 26.4672 1
550.011 27.4601 4
228.915 27.2191 4
238.304 29.1383 3
314.107 27.6141 1
357.643 27.8291 3
591.523 27.9421 1
15.0673 29.0784 2
98.8131 29.4543 10
307.85 28.5898 1
538.51 28.4556 1
155.672 30.2873 8
420.266 29.9963 2
45.457 31.0651 1
86.0626 32.0847 3
342.349 30.695 2
105.954 33.3165 5
205.415 31.4811 4
217.583 33.416 6
269.017 33.6907 13
319.681 32.4719 1
325.782 32.4144 1
415.905 35.0722 4
441.818 34.2729 24
162.171 34.316 2
491.939 34.6337 11
376.14 35.2346 8
111.556 37.2483 10
406.078 36.8699 5
548.398 36.008 1
500.237 37.6223 14
315.256 38.3645 2
473.743 38.5251 8
256.207 38.9429 13
194.885 39.8298 3
542.368 39.7996 2
533.894 43.045 5
225.374 43.5838 4
262.203 46.5255 17
344.201 43.2728 1
9.56468 43.6859 1
298.626 45.1672 9
383.983 46.6335 15
146.069 44.9411 4
197.059 45.7863 4
407.013 45.5211 11
467.186 46.6398 5
499.179 47.7746 13
423.925 47.5564 6
444.584 49.4875 5
153.15 48.0492 1
23.3478 50.5274 4
325.251 50.4766 8
272.952 51.5383 4
433.974 52.2851 3
257.013 52.4304 4
317.049 52.0686 1
518.521 52.3499 3
55.2661 52.316 2
154.222 52.8327 2
462.19 54.2153 13
333.287 55.6916 3
35.7197 55.4524 2
511.144 54.8239 14
167.636 56.828 1
298.364 56.6729 11
186.192 61.7283 13
138.575 58.1685 3
327.825 60.0129 2
122.231 62.6151 12
274.461 60.8171 18
391.885 61.0487 3
230.674 63.4281 7
408.266 60.1657 17
507.462 64.3491 7
515.114 62.5914 12
379.231 64.2224 2
184.57 65.5145 1
260.374 64.5429 1
394.344 70.1459 17
218.044 66.0078 8
332.664 65.6192 1
405.199 67.1847 4
494.69 65.8794 9
559.718 65.5444 4
166.018 66.2406 8
572.66 67.6324 3
314.178 69.4132 8
342.834 69.3054 6
373.846 68.3161 4
421.495 68.3816 8
209.595 68.5684 4
266.478 69.7519 8
519.222 69.2269 14
366.461 70.5995 22
473.493 72.8582 20
201.597 70.821 14
273.011 70.8468 3
479.28 73.3033 22
503.826 73.9951 11
511.56 70.1136 9
586.483 72.6003 1
331.718 73.4576 2
37.4965 76.667 10
225.445 75.3279 1
244.432 74.7627 15
299.396 75.828 1
344.159 79.1145 34
385.04 76.7829 13
305.813 78.5229 14
461.964 78.8215 14
523.059 77.3615 17
567.188 79.3983 4
206.295 78.7529 1
271.993 80.1009 8
403.472 78.9321 1
530.844 79.4367 3
261.552 81.8127 18
354.213 79.449 1
374.434 79.9395 5
555.571 80.4984 5
172.187 79.5171 23
422.133 82.8674 1
525.477 83.7818 5
580.227 83.0616 1
324.227 83.8763 3
177.988 86.8824 19
409.768 84.5748 11
217.815 87.6549 15
245.99 87.2567 3
332.586 87.0069 8
204.72 87.7671 1
268.422 87.6331 2
193.802 90.717 22
522.443 91.1162 6
564.305 92.1879 7
249.603 93.5571 6
257.193 92.6345 6
276.737 94.4781 8
326.15 92.6763 7
419.052 92.9396 4
482.642 94.4447 22
547.161 93.1275 2
571.779 93.6719 2
288.909 91.3074 7
335.917 94.8833 3
200.907 95.8924 11
424.908 95.4573 9
354.916 97.6013 3
477.213 96.1587 5
489.706 96.2931 3
555.444 96.3677 2
579.12 95.7464 1
372.342 97.3952 13
387.588 98.9363 8
477.149 102.811 7
483.038 102.708 3
506.732 103.003 5
206.95 106.987 18
423.259 105.95 8
591.21 104.443 1
306.757 107.992 6
465.026 107.681 9
225.244 108.763 15
328.086 108.55 2
366.769 110.662 20
318.465 110.697 2
231.846 112.313 2
384.567 113.144 10
434.917 112.178 7
248.182 112.678 19
451.95 113.079 17
482.959 114.337 10
218.268 113.851 1
397.242 115.858 23
442.952 114.353 8
527.405 115.611 26
546.199 115.161 11
564.345 116.311 10
579.572 113.477 1
224.315 116.318 2
349.327 116.369 4
355.756 121.277 19
514.85 119.285 9
252.487 118.512 3
265.255 117.597 4
420.546 120.493 19
499.362 118.461 26
312.454 119.71 12
450.491 120.793 17
293.868 120.686 1
64.9613 120.473 14
318.316 119.098 5
232.129 123.485 63
300.97 123.206 12
272.095 124.065 2
335.617 124.802 5
243.575 125.441 2
255.198 126.627 21
352.208 128.155 16
482.24 125.666 2
492.293 125.564 4
216.913 129.356 35
470.784 128.1 24
549.528 127.797 7
68.8229 128.081 1
374.284 127.405 5
527.181 128.911 10
560.424 129.896 9
321.489 131.156 44
224.974 136.748 14
508.497 131.662 19
290.92 131.552 9
299.175 130.802 6
577.821 130.766 1
247.643 131.697 5
340.333 133.705 11
436.374 134.966 8
484.592 133.663 14
282.113 133.846 4
428.005 135.034 7
536.536 135.239 16
463.866 134.939 4
553.821 135.401 3
590.994 134.9 1
329.197 137.443 8
474.459 137.644 12
302.47 138.925 19
346.087 142.566 30
362.153 138.368 9
215.318 142.8 29
527.936 141.721 16
575.827 140.835 2
231.182 144.066 4
496.086 143.259 1
368.42 144.918 20
462.903 143.072 6
416.048 144.801 16
394.12 142.826 19
219.687 148.226 14
383.646 149.313 14
108.41 150.192 26
542.415 149.177 7
326.232 150.946 6
373.013 152.008 14
394.37 152.507 5
454.819 151.523 3
431.843 152.285 16
508.873 156.359 17
521.397 151.225 8
94.8751 154.715 14
136.825 154.067 30
285.529 153.336 2
299.094 153.983 4
333.226 155.758 12
411.409 155.096 5
252.758 156.875 19
541.48 156.435 2
558.979 156.267 4
108.825 157.452 5
305.936 159.627 12
85.3329 161.431 6
122.001 159.111 3
144.662 160.699 26
232.722 161.145 21
422.425 163.023 21
433.702 160.104 8
99.6724 163.478 21
131.587 164.174 10
285.146 162.305 4
271.811 162.141 17
405.416 164.579 22
243.623 164.813 4
396.341 163.978 16
441.485 165.154 17
538.354 165.274 5
546.977 164.68 1
462.369 168.241 25
236.032 167.507 13
103.373 167.725 5
402.484 167.494 1
434.111 168.026 3
72.3844 168.128 14
267.224 169.807 9
487.151 168.675 2
496.525 173.662 31
299.615 172.189 4
86.0598 174.747 10
113.955 173.387 14
463.829 178.219 20
65.1389 178.791 17
315.478 176.62 3
305.899 177.455 7
507.59 179.687 8
92.8864 178.727 3
381.858 177.877 1
514.092 179.155 11
484.552 179.853 15
289.097 181.828 43
331.122 183.21 5
490.542 185.335 25
322.76 184.337 15
470.694 184.975 10
153.714 186.262 27
523.911 188.205 12
138.569 187.657 11
291.827 185.721 5
266.539 189.962 24
482.527 191.103 29
455.212 194.331 24
510.381 190.499 9
538.772 189.155 15
30.2495 194.37 11
105.366 194.144 19
114.331 195.047 8
273.187 192.307 2
58.8601 194.615 16
447.975 195.573 20
135.617 194.392 8
146.089 195.552 27
502.752 196.894 10
454.206 197.359 26
80.6473 199.99 22
310.4 197.771 29
343.41 200.55 2
567.051 200.226 10
155.622 200.973 18
132.936 202.845 18
5.76975 203.216 1
117.711 204.886 18
75.154 207.692 4
89.0144 207.597 5
349.262 205.699 1
139.77 207.27 8
276.819 208.894 20
468.791 207.998 6
562.323 208.968 9
127.446 208.678 23
398.549 212.08 24
109.543 210.988 10
471.282 210.16 6
38.1084 210.741 1
263.508 211.43 1
62.1971 213.567 11
250.107 211.886 6
452.721 212.084 9
95.1314 215.48 6
162.094 214.013 12
375.098 215.947 2
516.416 216.139 11
130.925 218.451 5
341.51 217.121 3
586.35 217.499 2
102.986 219.849 13
268.595 217.986 12
470.585 219.583 14
17.1375 218.701 1
151.083 219.607 13
454.073 223.024 15
502.292 221.105 17
594.214 220.719 1
350.542 224.191 37
78.0103 225.444 15
305.09 227.157 4
340.247 228.478 22
356.149 228.17 5
476.403 227.125 5
527.188 229.196 40
280.978 231.523 24
458.902 229.705 11
501.035 228.003 11
111.794 228.851 31
257.294 230.529 23
331.948 230.86 11
485.191 230.144 16
78.8234 232.231 7
302.701 233.54 5
144.948 236.747 23
345.015 238.01 8
268.375 237.353 14
307.442 236.068 2
79.0001 238.626 1
151.116 238.894 2
256.551 244.779 37
285.657 245.143 9
485.822 241.969 9
504.91 241.237 1
467.635 243.43 11
521.909 245.594 11
82.4687 245.052 11
499.204 245.559 3
147.488 246.076 9
119.952 247.383 9
513.827 249.292 18
165.488 249.569 10
446.433 250.649 14
475.643 251.414 4
498.334 252.31 6
138.49 253.811 6
453.431 253.124 12
468.414 253.04 3
293.393 253.19 4
335.102 254.071 18
353.101 252.91 27
85.0418 254.518 19
522.594 260.564 34
103.85 256.557 16
153.763 258.81 55
114.948 259.869 17
255.804 262.353 14
88.0128 262.984 10
437.66 263.103 10
101.236 264.635 11
520.922 269.566 17
59.4965 264.85 2
264.8 267.469 29
333.022 266.059 26
240.132 266.659 8
543.737 265.915 18
576.596 268.337 5
309.405 267.602 8
276.222 268.314 6
293.305 269.003 10
153.121 269.371 17
168.113 270.719 12
414.864 269.44 1
495.496 271.139 10
75.67 274.076 15
188.325 273.934 26
472.095 272.617 2
57.389 273.615 9
456.117 277.734 41
100.702 276.405 16
504.332 274.932 6
68.0372 276.097 2
566.177 275.663 2
407.919 277.123 2
485.747 277.137 1
443.032 279.879 9
464.214 277.831 1
433.627 281.928 21
523.385 280.326 21
110.294 279.759 2
479.1 279.787 15
577.774 283.957 4
5.06649 283.183 1
467.392 282.755 5
442.677 286.095 6
501.125 287.945 20
284.62 288.247 12
520.308 286.123 20
456.819 287.423 21
97.4839 288.39 15
266.376 287.937 6
79.6094 291.588 20
114.403 287.852 6
141.174 289.672 6
195.238 289.392 13
513.16 290.424 2
480.13 294.048 16
67.6545 296.008 3
152.036 294.689 16
544.828 295.725 8
576.533 295.372 1
590.779 294.701 1
130.773 301.415 41
36.9219 297.997 1
459.742 298.691 15
489.544 298.841 6
543.965 300.412 9
451.831 299.463 12
511.536 301.17 5
528.417 297.79 21
92.5194 301.587 21
537.571 302.065 8
482.385 301.477 2
581.025 301.856 1
105.465 305.359 15
320.228 303.683 8
591.283 303.255 1
166.599 304.588 4
555.086 304.17 1
508.632 303.938 2
79.5386 305.782 15
449.237 306.2 22
493.525 307.827 15
43.2467 309.156 5
536.951 308.975 3
68.8988 310.564 6
546.043 312.236 11
342.656 311.689 5
468.102 311.388 12
482.167 314.256 7
555.643 311.645 7
79.0253 313.383 3
587.54 312.489 2
288.342 316.081 30
529.346 316.05 29
104.928 316.869 29
75.9938 320.068 25
118.514 319 6
592.399 318.972 1
460.059 321.104 9
342.947 324.055 10
127.14 320.622 30
526.888 327.512 8
84.2092 325.507 15
136.987 326.91 11
294.718 325.815 6
37.8695 328.044 8
486.717 327.851 9
128.303 330.601 7
560.191 329.339 9
509.308 334.237 12
33.1716 332.274 6
136.45 333.117 30
524.069 342.234 32
41.3752 335.795 8
472.851 336.002 15
130.681 338.484 6
456.608 337.791 7
487.276 336.992 5
565.75 336.967 4
571.926 334.918 3
138.195 339.267 10
589.884 338.656 1
113.238 342.702 16
478.123 340.944 15
497.062 338.962 12
249.046 348.075 6
450.778 345.407 11
240.047 347.584 18
575.194 349.856 8
141.117 346.762 2
219.247 349.19 21
155.251 348.75 15
486.453 351.592 23
472.827 355.123 22
521.244 357.705 7
566.47 358.76 23
593.84 356.443 1
365.073 360.28 39
108.164 362.432 18
224.142 359.498 2
34.4906 360.717 6
581.254 362.82 1
164.932 364.801 7
397.193 364.56 9
478.693 365.077 13
452.074 365.813 9
247.576 364.411 3
158.211 367.388 1
126.336 368.493 5
424.902 369.496 2
586.909 370.822 1
459.276 372.115 2
556.329 372.47 6
471.124 375.818 8
224.221 375.682 2
573.075 378.549 5
323.184 379.13 7
446.09 378.629 29
386.942 379.94 4
485.858 380.828 11
373.11 380.784 4
233.869 382.82 2
473.775 384.667 12
578.378 381.94 1
102.861 379.652 12
551.021 384.584 1
284.841 388.637 25
327.367 385.191 6
227.954 387.606 4
443.128 394.781 22
464.671 391.151 3
491.933 391.661 20
98.7509 395.038 4
502.397 391.45 1
478.349 393.828 6
512.929 394.955 21
521.604 396.412 9
556.151 394.565 3
264.055 395.18 1
450.01 394.439 2
81.359 398.502 6
89.8172 398.329 5
472.153 402.643 8
480.829 400.289 5
264.883 406.711 5
373.72 404.711 6
468.493 408.7 2
53.6304 413.292 4
551.494 411.789 4
582.912 413.287 1
15.123 414.217 1
48.0029 419.232 1
313.751 420.055 7
564.964 422.9 6
30.721 424.122 1
590.957 423.436 1
499.692 425.895 1
298.255 427.769 9
471.229 430.971 4
443.963 433.856 3
471.945 433.059 6
588.018 432.307 1
259.646 434.832 1
567.129 434.428 1
386.641 435.079 1
555.393 437.947 6
262.634 440.746 8
293.898 437.002 6
537.736 438.817 2
573.115 441.104 1
469.125 442.818 7
564.582 443.846 7
559.406 447.444 18
548.927 446.911 10
582.566 445.21 2
443.901 449.832 4
532.413 451.31 4
565.996 454.154 6
226.373 453.598 2
543.817 454.096 10
577.005 458.791 1
511.763 462.47 4
443.03 462.573 16
566.903 464.585 1
588.216 465.858 1
535.344 471.489 13
564.92 472.731 1
573.577 472.742 1
541.53 477.128 21
226.159 478.146 1
556.427 478.262 6
530.625 478.808 2
593.165 486.414 1
475.379 487.38 2
440.915 488.842 5
542.127 489.038 2
554.269 488.895 10
576.831 490.232 2
517.827 492.215 1
473.261 496.171 5
577.834 495.288 1
380.56 495.728 5
426.622 498.373 13
565.156 499.478 5
513.158 500.853 2
587.124 501.141 2
436.813 504.444 36
382.764 503.867 18
217.403 507.691 1
398.108 508.546 1
565.515 513.923 5
426.598 513.225 1
515.729 517.734 2
538.523 519.147 6
591.936 519.826 1
526.916 525.418 5
386.879 525.651 3
394.668 523.677 8
467.516 528.325 27
511.016 528.744 7
509.315 531.062 2
474.109 535.577 13
586.283 534.517 1
471.885 535.733 5
511.894 538.632 5
476.801 541.092 8
551.089 543.958 4
502.313 546.325 8
526.438 548.258 5
518.133 548.572 2
397.251 550.532 1
552.455 550.471 3
209.203 560.05 2
453.591 561.067 1
516.909 569.879 3
455.372 572.574 3
474.921 580.594 3
387.492 580.051 1
477.927 586.99 1
387.022 587.968 1
483.406 593.213 1
429.527 11.533 1
163.615 15.2576 3
565.788 19.9276 1
189.108 20.7078 2
428.323 21.0547 1
35.8174 24.5513 3
387.736 36.4076 1
490.219 47.9923 12
593.254 49.8414 1
179.855 61.9928 15
354.629 67.4789 20
236.537 79.8146 27
280.036 82.7703 1
250.283 137.722 7
501.229 150.919 10
329.447 219.619 28
443.219 219.408 24
89.6892 224.445 7
322.473 234.993 26
42.8585 236.718 17
106.095 238.405 13
533.587 241.382 3
532.152 250.114 7
459.139 251.72 15
346.1 257.945 22
553.602 276.1 5
559.648 285.579 7
338.344 303.156 19
137.456 314.362 26
498.572 335.771 13
240.471 364.349 31
257.525 389.517 3
347.721 399.292 48
593.062 412.952 1
435.179 25.4111 1
478.937 31.3868 1
577.611 40.8362 1
397.394 46.5135 14
148.038 49.4556 1
129.747 53.3953 12
160.602 63.2994 2
278.543 72.5186 1
291.488 83.1231 4
385.173 88.6277 16
583.399 108.029 1
490.595 118.955 11
344.928 125.22 18
210.994 134.764 16
124.7 152.971 9
423.633 154.094 1
514.564 158.816 4
475.231 163.507 2
496.642 162.093 45
119.682 169.115 16
101.792 174.744 18
500.657 187.225 10
441.983 194.337 7
438.896 202.015 33
488.191 209.793 5
526.691 219.34 1
296.176 230.756 2
260.337 230.642 3
517.796 236.45 8
136.159 248.172 16
324.017 269.074 3
563.369 270.805 4
67.0857 286.688 1
135.202 285.7 8
320.503 287.079 14
102.486 296.591 3
281.185 295.491 11
60.8816 294.439 5
516.176 295.316 8
31.0343 300.547 1
330.121 304.605 1
120.086 308.661 13
281.041 309.8 17
129.152 322.283 7
441.993 321.356 5
518.734 327.531 1
337.378 331.963 12
579.375 333.856 1
292.396 339.899 3
307.514 342.912 3
146.458 350.408 13
575.051 352.911 4
104.89 352.826 4
514.513 363.412 8
440.768 369.344 25
438.277 386.209 20
278.994 396.688 12
580.673 398.088 1
239.383 406.346 7
437.184 410.133 8
588.465 450.354 1
548.632 10.0169 1
298.409 11.5271 1
345.007 10.9814 1
506.284 11.3928 1
295.342 21.908 2
540.853 21.8752 1
84.8425 23.0845 2
193.094 24.4697 1
495.052 23.2489 1
456.092 26.2772 1
254.713 27.9374 1
553.852 29.0965 1
97.0907 35.2165 1
243.797 34.4324 6
446.671 33.6182 4
219.878 36.6295 1
277.452 35.3694 4
393.018 39.5719 3
419.02 37.7929 3
504.972 40.8252 3
473.517 46.4077 5
407.973 47.5436 1
265.07 48.966 2
383.618 51.8007 4
449.574 49.5773 2
323.758 54.0647 4
59.8575 55.3925 1
120.771 56.6291 4
141.847 58.4474 1
157.426 59.3668 7
463.262 58.9415 2
276.144 65.4722 6
522.554 67.1915 1
169.892 73.4807 16
232.932 69.0112 3
425.955 72.9013 2
312.615 75.6045 2
392.865 74.6692 6
479.047 75.9815 3
42.009 80.8166 5
345.647 82.0045 7
275.918 81.9585 4
261.881 85.0276 4
223.788 90.924 30
177.957 92.986 3
296.37 93.5838 20
205.097 96.5423 1
375.572 96.6778 3
559.472 97.9708 5
535.831 101.004 13
583.19 100.521 1
463.232 112.942 15
363.84 116.887 4
314.282 115.383 7
526.748 115.318 5
549.083 118.303 3
567.756 118.696 1
357.065 124.818 6
420.629 123.113 13
502.413 120.751 3
234.945 123.475 5
579.565 121.615 1
451.28 126.793 12
218.294 129.107 3
514.096 135.809 6
573.39 133.483 1
433.665 136.511 1
252.582 140.928 2
474.318 140.792 3
344.401 148.086 8
224.821 151.178 9
109.69 151.814 2
384.355 156.052 12
258.564 154.888 26
93.0268 157.045 1
235.367 159.955 4
146.594 162.471 4
274.357 164.169 8
423.465 164.884 5
408.842 169.112 5
74.5046 169.719 6
245.738 168.237 4
494.431 174.454 5
114.183 179.341 11
514.401 184.422 3
289.156 183.391 4
156.665 185.578 2
138.478 191.299 1
266.539 191.915 2
34.1635 196.488 1
62.0023 196.738 2
109.582 197.023 20
316.275 203.825 29
79.8223 204.512 4
159.474 205.663 15
276.694 215.211 11
466.021 212.312 1
63.072 217.533 1
21.2149 221.214 1
138.507 221.652 16
446.018 222.718 16
470.649 223.668 1
489.195 224.213 28
116.118 225.977 9
530.775 228.211 6
165.37 235.276 16
146.945 237.858 2
322.879 242.55 15
447.724 240.849 26
472.362 243.462 3
258.448 250.582 21
487.885 246.303 15
357.648 254.701 3
511.547 255.093 5
156.683 263.795 12
524.998 262.904 1
74.4448 265.171 11
116.502 262.878 2
243.162 264.98 2
334.433 268.762 3
436.892 268.03 3
258.33 271.425 17
560.594 268.801 1
578.589 270.29 1
168.975 272.942 1
188.549 276.713 5
101.774 277.747 1
458.054 280.211 4
475.188 281.931 4
155.689 285.291 13
331.305 282.96 35
524.256 282.84 2
577.947 286.712 1
503.194 291.316 3
289.354 298.522 8
134.538 304.479 7
94.9806 305.468 3
582.576 306.258 1
451.57 315.15 9
357.548 311.821 5
47.8539 317.107 5
292.72 315.367 8
530.766 322.348 11
108.722 322.964 8
85.8492 328.697 6
326.842 330.589 2
346.886 327.876 1
149.174 337.925 3
497.759 338.93 2
43.7358 341.047 2
113.517 345.621 1
314.511 345.92 14
337.691 346.567 2
254.259 351.606 7
159.735 350.82 9
217.609 349.856 1
125.353 351.576 31
490.076 355.845 27
366.094 366.211 13
569.511 360.672 1
110.111 360.279 7
253.421 362.746 2
169.126 368.202 5
376.941 366.485 2
486.871 370.338 25
335.189 375.504 2
450.476 375.036 9
459.219 382.203 5
488.795 381.315 2
495.759 396.334 6
296.742 396.285 4
445.458 395.79 2
556.844 401.493 16
86.6402 402.114 1
361.922 405.972 1
564.875 411.142 5
61.427 413.763 5
27.9655 416.233 1
568.561 426.457 1
275.814 435.911 6
230.194 438.04 1
572.035 444.852 1
14.7216 447.18 1
548.35 449.872 2
230.465 450.08 1
569.742 462.67 1
472.933 469.211 2
546.167 480.088 6
444.564 487.974 1
225.506 492.832 1
431.939 507.283 15
471.144 509.447 4
471.486 513.1 1
390.515 525.592 3
516.288 530.631 2
212.895 549.497 1
389.293 584.815 1
222.971 38.3119 1
430.011 77.072 3
562.836 103.473 1
539.241 136.308 2
483.077 202.014 2
85.5587 228.541 8
87.3805 247.576 4
109.014 248.498 40
263.638 271.411 3
79.1673 283.099 6
14.4581 290.552 1
494.169 314.197 9
237.624 409.43 3
461.659 530.231 3
481.247 61.3526 5
510.962 108.093 5
210.481 119.812 8
454.187 139.058 1
98.292 144.775 2
127.859 147.441 5
484.386 163.348 4
511.198 163.33 4
444.679 188.42 1
531.402 204.393 2
150.085 211.393 2
69.0805 230.072 1
436.741 237.496 4
70.7205 248.836 1
326.748 251.032 1
140.06 257.919 1
141.161 280.623 5
63.609 289.946 11
441.007 305.767 3
29.213 321.839 2
310.885 336.282 13
560.013 380.071 7
433.223 382.347 10
311.054 434.461 3
560.484 466.377 1
414.204 508.412 7
302.298 21.9494 1
565.477 42.7662 1
227.875 39.1635 1
104.089 45.7122 2
281.118 43.3163 1
451.113 43.1738 11
275.294 61.4323 2
533.241 60.2156 1
149.678 69.6133 1
392.385 69.3199 3
180.723 77.9579 3
441.793 77.6385 20
477.166 81.2846 1
321.368 82.3383 1
223.809 97.0862 2
265.222 94.8734 10
193.02 102.248 7
466.483 115.911 1
368.467 125.726 2
228.139 134.197 1
319.011 138.229 6
544.606 143.279 1
476.729 152.481 1
357.015 155.209 10
388.422 159.219 1
421.658 177.138 1
78.758 180.99 1
295.066 187.618 1
166.717 191.147 4
460.591 200.81 3
326.07 204.662 3
333.059 214.041 2
287.11 216.319 12
453.093 230.053 1
539.637 231.838 1
89.7847 244.879 1
268.63 250.835 5
163.4 265.315 3
531.461 281.44 1
86.0893 284.563 2
339.963 284.607 5
144.11 310.115 4
539.188 324.669 1
105.636 326.352 3
73.7599 339.34 1
331.83 343.681 26
503.621 349.638 11
221.595 351.697 2
111.986 365.511 1
183.454 377.577 1
454.688 379.942 1
526.712 406.963 4
83.0936 417.181 1
336.826 422.355 1
482.368 424.955 3
232.321 499.95 1
390.602 509.161 1
435.509 511.964 3
531.846 531.288 1
462.071 534.556 1
567.557 51.9763 1
42.0531 55.9963 2
468.148 379.611 1
184.186 380.623 2
532.401 410.76 2
125.959 141.824 2
508.386 161.635 1
54.2634 177.775 1
434.197 206.386 3
253.756 221.109 5
149.815 235.153 1
66.7713 250.189 1
430.145 250.2 2
231.122 269.285 13
509.392 275.266 1
273.011 298.431 1
437.573 313.51 1
318.713 325.237 9
508.717 325.666 2
280.097 350.068 1
438.885 347.371 1
87.6209 388.025 9
94.3606 66.5248 1
438.014 85.3119 1
232.55 95.9959 1
492.357 98.012 1
392.612 132.323 7
94.2441 188.362 4
512.224 204.394 2
295.535 241.149 1
183.031 263.077 1
474.528 275.642 1
106.9 284.193 1
360.576 292.98 1
168.22 318.512 1
480.256 317.724 1
98.7593 343.733 5
526.713 364.133 1
186.034 392.369 1
98.706 430.751 1
259.017 460.073 1
423.524 537.357 2
511.98 449.409 1
100.279 382.273 7
436.133 120.86 1
120.1 224.019 3
312.6 269.096 1
405.306 307.741 2
121.613 458.65 1
251.714 191.42 5
255.101 32.8206 1
254.592 46.6795 3
489.769 69.3611 6
513.909 111.56 1
471.645 119.102 4
436.628 127.395 5
418.023 152.628 7
286.455 174.148 1
457.489 184.958 7
111.436 191.268 4
441.054 190.375 8
275.683 199.096 3
536.75 199.614 1
129.706 210.498 1
306.473 219.41 2
310.808 220.078 2
317.386 231.078 5
158.575 237.876 19
40.5432 259.704 4
450.731 262.677 3
375.665 262.5 3
322.981 283.767 1
540.148 294.741 2
255.721 308.295 5
72.5075 309.386 4
34.8879 318.901 11
337.251 330.073 9
298.808 345.344 1
358.917 361.941 4
464.573 363.689 15
233.814 366.981 3
366.412 377.422 12
544.866 399.901 9
286.292 421.831 2
560.923 450.352 1
559.848 506.267 10
243.556 43.8949 4
138.6 51.9741 9
229.202 53.9448 5
116.086 59.823 7
473.339 59.9492 3
266.131 73.424 6
523.956 80.4624 1
341.977 92.6811 7
532.465 99.6023 4
462.538 109.74 4
336.741 113.552 5
349.45 134.315 16
271.754 137.544 1
493.782 137.38 2
358.991 146.022 20
387.249 141.407 10
259.443 144.3 7
271.227 152.288 1
368.172 153.239 8
267.888 166.316 1
107.031 168.572 1
327.697 172.51 8
126.62 175.835 18
400.812 200.965 5
540.72 207.089 6
86.4828 209.523 1
505.934 209.996 9
489.666 221.226 4
248.651 231.118 15
310.822 241.076 5
443.07 243.78 3
241.894 248.911 6
312.072 253.125 1
333.526 257.044 1
78.7514 260.779 10
414.376 273.606 2
150.747 285.199 13
328.225 284.157 1
163.73 297.418 32
267.199 316.284 5
43.3286 327.867 4
372.018 363.962 3
104.069 376.873 19
447.73 384.074 6
238.601 391.029 4
508.136 390.932 2
489.766 391.801 1
248.398 406.471 7
379.234 411.322 4
564.565 409.427 1
487.555 411.984 2
226.358 435.766 5
469.07 462.328 3
528.142 462.466 3
573.174 505.572 1
467.344 506.747 5
576.024 524.278 1
209.334 546.838 2
527.919 146.238 1
494.308 199.952 10
491.193 290.533 7
43.2541 316.068 5
487.283 332.744 3
465.555 365.855 9
258.441 424.087 5
488.016 63.4393 2
556.119 86.8663 3
342.356 124.468 1
421.316 152.158 1
95.8465 192.635 4
96.2622 200.762 13
158.934 242.878 1
115.944 298.395 7
281.204 300.616 3
315.304 383.906 1
302.718 422.992 7
559.878 512.769 4
509.524 516.824 10
141.678 61.536 2
312.535 78.7381 1
505.642 85.4695 3
261.086 90.3946 1
187.951 94.8398 12
207.707 115.199 10
420.499 125.461 1
221.327 133.579 3
535.48 140.84 4
474.365 144.706 1
350.764 149.636 5
358.998 150.028 4
134.918 158.154 8
89.0156 156.788 6
243.186 172.599 2
71.2918 175.958 2
296.84 184.998 4
516.039 188.038 1
64.9692 221.269 4
353.703 219.545 2
102.509 226.675 6
351.256 240.084 5
116.111 266.009 1
524.872 267.443 6
101.068 282.219 2
267.704 273.491 3
514.411 302.767 4
349.39 332.309 4
496.956 341.893 1
523.072 343.558 8
43.3088 345.192 1
140.491 390.132 2
513.626 398.138 2
271.182 404.092 2
81.2822 407.726 4
230.281 442.045 2
446.389 457.204 5
540.322 479.925 1
224.361 497.446 1
544.218 526.416 1
391.649 123.446 6
479.79 199.479 8
85.128 234.221 6
282.465 260.933 2
256.71 352.173 1
190.273 371.249 5
533.835 403.073 10
509.934 101.02 5
208.065 123.454 3
260.721 225.901 2
435.017 240.894 3
326.294 255.411 1
130.801 327.248 2
321.44 142.925 2
167.6 196.832 2
288.848 221.929 12
451.035 232.79 11
146.2 313.959 1
105.92 330.012 1
331.117 349.718 5
499.013 355.64 4
182.482 383.271 1
450.407 389.396 6
240.515 435.178 6
336.178 430.236 1
484.011 431.761 2
257.32 209.237 1
432.623 217.897 2
272.664 317.257 4
436.919 321.661 1
278.442 344.546 2
183.801 267.131 1
362.878 302.145 1
494.577 29.06 3
504.828 44.6277 3
553.233 108.597 1
533.325 102.49 5
537.181 109.01 14
526.789 151.438 6
508.297 149.973 1
527.385 234.656 4
438.172 147.808 2
544.417 255.165 13
314.001 31.0695 2
575.456 291.908 1
301.243 29.7255 3
291.762 24.5343 4
340.736 83.9193 11
562.552 308.911 5
458.7 216.101 4
527.366 292.519 5
466.889 230.532 2
467.297 246.862 3
353.361 142.679 6
568.65 365.967 3
504.666 351.022 1
433.07 283.683 1
449.634 320.375 8
544.83 416.645 4
265.375 139.287 13
265.247 145.045 1
450.065 330.213 2
450.323 335.554 8
483.634 371.131 5
277.367 169.835 5
217.628 105.304 25
238.789 141.934 4
559.963 471.981 2
225.611 143.77 2
551.598 473.116 3
534.995 494.43 1
444.033 413.907 4
500.683 477.629 5
155.276 192.107 6
328.414 372.915 3
156.717 205.607 2
468.407 521.576 2
164.589 229.924 4
101.703 174.12 2
125.103 200.153 2
294.262 411.584 5
300.977 429.048 5
150.825 288.999 7
141.616 326.42 15
114.318 315.253 4
120.102 362.507 8
107.373 369.313 4
100.475 368.208 1
92.5879 380.984 1
38.1526 354.915 2
502.877 51.4692 3
518.457 82.9782 10
463.662 29.2623 2
486.402 58.9393 10
442.409 40.7148 4
475.311 85.2752 2
493.619 108.903 4
463.036 87.7864 8
458.974 125.36 6
441.836 120.593 4
534.327 219.837 5
405.939 96.9512 2
472.081 168.727 4
512.678 207.857 3
385.578 83.9072 3
355.733 65.4026 2
455.796 175.51 5
533.013 265.043 2
324.18 67.632 2
573.405 317.539 1
564.334 313.355 1
451.379 204.548 6
288.751 62.8077 5
343.717 114.718 7
516.466 294.394 2
391.924 173.759 4
444.859 229.874 2
242.019 30.4407 1
446.495 238.595 1
233.96 35.017 5
287.725 105.492 6
308.315 126.604 1
337.284 152.843 3
328.874 168.755 3
291.635 137.917 8
545.75 390.376 1
252.593 102.825 7
320.819 173.837 3
227.506 86.5504 12
429.036 292.723 7
507.283 367.48 3
513.163 372.571 1
541.123 410.481 9
535.071 401.3 3
264.342 152.088 6
176.148 67.558 3
246.007 153.19 1
551.985 479.619 3
261.788 202.614 4
273.54 247.491 19
555.382 542.927 9
326.849 325.278 18
474.123 478.95 6
540.275 549.42 4
348.151 366.314 12
260.499 312.26 14
261.31 314.943 7
121.816 185.516 3
341.594 407.215 1
97.6487 170.684 3
113.133 196.201 1
72.4311 165.323 2
103.893 202.822 2
410.394 518.654 2
317.113 427.088 5
400.892 516.049 2
305.892 438.056 2
246.027 379.098 7
157.055 305.034 2
272.548 424.144 6
41.6626 195.528 5
252.953 421.388 3
263.209 431.249 3
118.073 302.022 14
130.804 318.982 3
108.541 311.495 6
38.1627 244.018 3
65.6892 283.534 5
52.5322 280.363 3
53.4859 312.35 5
33.0122 313.247 4
37.2958 359.493 1
533.89 95.8519 2
459.37 251.321 2
491.624 289.662 5
333.069 179.935 2
168.297 64.8932 1
332.84 372.126 4
136.428 218.022 7
147.806 347.734 4
122.758 344.007 13
513.095 51.8908 1
528.242 72.3344 5
549.059 255.681 1
396.999 143.789 5
524.658 287.806 4
370.623 145.866 2
338.602 126.38 4
323.65 119.362 1
317.701 120.272 1
508.918 354.555 4
512.613 357.716 4
487.714 384.643 2
320.528 270.989 4
331.927 287.747 8
280.026 271.677 11
445.497 459.611 1
242.504 270.114 1
99.2966 176.69 3
152.975 286.259 1
111.226 295.249 3
80.6742 291.882 1
101.576 354.615 3
473.504 76.8206 6
522.713 194.402 6
449.261 132.39 14
394.158 118.985 5
515.801 242.283 2
418.613 167.298 1
534.756 317.749 2
461.114 260.426 15
276.906 98.192 6
446.665 266.912 4
491.689 311.403 2
431.563 257.426 2
220.922 55.6017 5
298.88 142.973 4
442.343 289.791 1
448.894 347.908 1
204.887 112.23 6
306.919 212.723 8
175.31 93.2602 3
459.013 387.664 2
235.87 173.231 2
319.253 274.383 1
315.494 296.519 4
433.24 411.518 2
540.013 525.758 1
523.549 528.345 1
289.616 341.745 1
143.427 204.731 9
462.83 531.503 2
329.345 412.346 3
93.5194 207.531 2
134.785 249.634 1
397.866 523.64 2
58.7233 218.379 2
106.904 268.782 1
251.768 427.754 4
123.096 337.286 5
66.6602 413.836 1
526.234 280.085 3
431.482 381.928 3
274.998 311.36 4
339.904 388.758 3
135.977 276.905 7
70.9921 413.049 5
501.552 163.993 5
428.833 212.083 3
460.106 332.206 6
218.69 101.003 4
317.544 203.402 7
474.168 361.274 4
226.283 136.772 2
278.334 262.384 1
154.856 168.1 1
124.78 147.856 1
304.772 336.408 8
164.067 201.256 1
160.094 269.363 1
85.4054 236.243 2
383.889 128.481 3
490.281 234.432 1
365.899 127.644 1
379.132 164.945 3
354.939 160.037 1
424.24 248.945 1
432.605 306.77 8
441.178 355.813 3
252.845 171.609 2
196.363 124.528 3
317.144 253.486 4
212.498 167.489 2
259.876 280.861 9
307.766 363.974 2
275.54 343.722 1
255.875 397.201 2
140.793 313.999 1
274.841 454.589 1
172.296 382.817 2
207.604 472.9 2
421.267 200.887 1
234.061 229.178 1
174.446 195.493 1
305.474 330.025 3
175.501 267.311 1
289.693 248.024 4
252.436 321.312 1
570.882 287.512 1
524.262 170.212 5
519.275 211.317 1
472.973 31.3869 2
463.431 194.647 4
460.855 21.121 1
444.758 224.46 2
442.067 247.082 2
327.574 175.598 1
297.412 50.7296 1
299.437 420.225 5
275.622 238.15 6
268.85 224.799 2
236.891 88.0504 1
228.038 49.4561 2
143.932 153.952 4
127.382 313.228 4
128.075 180.61 4
119.016 146.821 10
116.538 239.933 3
91.5559 199.691 1
86.6056 213.269 10
81.8226 26.2487 1
78.0244 279.287 9
53.7435 333.042 3
563.389 292.79 6
562.844 396.159 1
559.681 504.162 1
557.206 42.6667 2
557.447 342.747 3
555.429 429.213 4
553.105 37.761 2
497.459 211.401 2
493.976 418.298 11
491.53 297.217 1
482.015 340.806 3
479.321 354.481 2
463.004 431.837 8
462.341 475.13 3
460.614 446.41 10
461.213 461.721 9
460.922 240.306 2
459.402 246.31 7
460.244 509.944 6
455.714 134.67 14
454.779 55.3054 2
441.267 525.562 11
436.915 395.788 2
432.508 145.238 1
428.979 115.8 1
424.559 162.083 1
425.369 281.813 3
420.507 25.174 3
420.188 453.12 2
417.753 76.8023 3
408.704 131.76 1
402.779 266.852 3
397.378 41.5564 2
383.917 62.3862 1
382.967 21.6088 1
382.465 529.782 3
380.256 516.294 7
378.362 107.185 4
377.418 73.3339 2
376.186 508.728 3
375.303 502.105 1
373.98 207.101 4
369.643 243.839 1
368.742 38.8407 1
361.86 25.5937 1
360.098 145.965 1
357.464 374.494 2
338.717 403.32 1
336.769 202.939 2
334.442 86.9384 3
328.715 99.3383 1
320.678 60.0972 2
308.315 208.607 4
291.741 425.133 5
289.81 416.74 6
285.32 135.281 1
280.885 206.996 1
265.994 155.94 3
261.892 164.822 1
255.724 191.89 1
255.482 24.2458 3
249.992 70.8033 9
247.529 49.0182 1
239.234 217.572 7
236.264 115.711 7
235.178 249.552 9
235.059 259.85 2
227.141 379.318 5
223.692 460.988 7
219.81 381.153 13
221.432 427.614 2
218.722 477.266 12
212.936 494.336 4
204.086 553.352 4
200.004 567.728 4
195.529 100.196 1
171.64 62.9064 1
158.702 55.2518 1
139.681 218.795 2
134.859 355.705 13
130.672 227.402 1
124.499 341.512 2
122.753 216.039 2
120.405 278.911 6
109.352 59.4464 2
100.194 199.092 2
95.3811 237.127 3
96.288 155.115 4
93.7587 170.72 3
87.4312 375.442 2
75.0938 327.845 1
54.1809 42.9994 3
48.4492 244.569 2
41.0956 297.248 2
511.406 352.776 1
279.178 192.512 1
48.3862 53.0304 4
543.559 203.202 4
532.06 144.514 2
526.58 230.057 1
522.563 70.2821 1
468.362 203.172 1
451.265 198.42 2
448.348 114.807 3
331.888 399.853 6
303.768 341.922 3
256.396 249.125 5
95.3364 146.972 2
79.338 295.02 2
66.0269 182.993 3
58.9548 202.744 5
529.973 267.651 3
508.735 68.2705 2
461.768 256.122 1
459.984 480.782 6
459.09 437.759 2
459.155 461.618 1
456.304 514.712 2
449.562 68.3849 6
445.951 345.006 2
444.845 180.629 1
438.301 529.523 2
435.088 200.5 3
435.28 232.245 3
434.887 372.681 1
432.086 385.153 1
432.065 408.234 4
401.584 135.531 2
395.012 213.581 3
381.695 88.4884 7
351.818 148.869 4
338.57 314.915 2
332.038 407.596 2
317.496 278.923 1
310.041 353.033 8
280.08 196.245 1
279.164 438.872 3
256.645 226.55 5
235.839 404.863 2
215.971 457.845 12
216.132 430.132 1
215.118 476.409 3
207.565 496.152 11
208.01 43.6418 2
203.75 133.209 4
159.412 298.794 2
155.964 78.8217 2
152.207 61.743 4
139.438 274.049 4
106.231 152.839 1
102.573 379.83 2
93.1648 247.995 3
443.918 75.6224 1
342.76 383.166 3
79.7394 170.188 4
492.271 379.137 2
482.193 207.779 1
457.013 116.276 8
454.025 325.24 11
347.529 247.77 7
333.295 290.28 1
301.383 333.453 5
222.37 133.301 4
214.424 99.89 4
162.634 208.569 2
152.219 172.794 6
112.607 142.37 5
444.328 136.623 6
422.26 207.414 1
426.163 304.539 3
423.993 385.412 3
419.482 242.989 1
370.68 159.171 4
366.733 92.411 6
363.541 369.47 6
315.606 246.04 9
292.5 218.949 1
288.063 188.758 2
269.765 331.06 2
258.239 281.979 1
252.103 392.738 1
242.525 226.757 2
236.191 427.877 3
230.5 367.659 1
203.484 161.235 1
205.438 470.584 1
195.481 118.067 3
128.418 275.306 1
433.006 473.636 4
306.461 316.265 6
341.919 294.376 4
497.154 295.75 2
526.63 159.518 5
291.38 394.472 3
267.447 411.813 4
448.054 199.673 4
326.63 289.475 1
338.766 145.268 2
352.709 116.123 1
273.506 185.63 4
22.5765 417.453 1
302.928 94.5741 1
368.839 24.9738 1
265.64 76.6189 2
73.5636 210.921 1
102.702 160.87 2
212.926 34.3961 2
39.9961 84.8089 1
519.613 541.801 4
467.059 574.04 1
548.753 463.191 1
561.512 434.61 3
538.438 448.317 1
498.978 484.815 1
439.031 544.251 5
543.502 437.752 3
462.815 511.759 1
463.122 492.569 6
517.127 437.442 2
547.047 401.779 1
507.859 408.572 3
567.244 340.241 1
560.338 331.482 1
466.876 419.779 2
466.461 415.02 2
464.739 399.174 6
567.462 264.245 1
421.294 364.777 7
460.527 309.132 1
202.438 537.579 11
334.966 395.612 9
535.046 196.118 1
222.449 469.322 7
451.167 221 6
220.743 449.044 1
267.355 389.636 1
571.579 80.0484 4
549.436 100.61 1
514.633 135.234 1
267.057 384.726 1
482.289 156.065 3
248.189 385.637 7
524.877 97.0159 7
494.942 128.612 6
424.816 147.483 1
532.884 35.723 3
451.791 100.749 10
286.618 269.39 2
419.509 132.666 8
287.647 256.178 4
316.796 213.208 5
447.32 77.7433 3
461.405 40.4235 2
252.238 250.732 2
392.895 107.866 1
90.3065 389.465 5
100.5 362.43 2
245.266 201.492 8
257.615 186.553 2
321.823 102.988 1
305.704 117.186 2
367.814 43.818 5
288.323 123.19 3
49.6626 357.075 2
242.653 135.066 1
310.75 52.3002 2
283.411 36.6299 1
123.701 190.954 2
35.9159 220.864 7
190.757 31.9932 2
132.135 52.5269 1
58.151 117.324 2
29.6622 69.1557 1
29.6477 28.302 1
465.4 224.254 2
213.498 72.8004 7
69.0235 219.813 3
527.658 318.584 1
480.794 368.176 1
522.193 259.463 1
447.259 314.159 1
327.361 396.366 1
470.917 201.477 1
266.321 406.345 1
285.768 292.858 3
273.474 212.268 1
271.577 66.3651 1
506.807 516.564 2
459.975 527.442 3
457.683 494.517 1
460.993 475.596 1
430.116 486.141 4
513.65 380.575 4
458.498 433.572 2
374.61 516.08 2
459.893 415.301 1
458.986 403.034 3
433.006 404.955 3
548.091 284.943 4
514.811 312.566 2
435.649 368.486 2
508.598 262.392 4
490.471 278.549 1
435.991 308.382 2
201.352 535.234 1
526.697 196.234 4
495.561 228.486 2
299.045 414.296 2
349.374 350.677 4
491.769 187.648 6
465.618 182.882 3
334.03 316.344 5
235.755 401.571 2
440.586 180.28 5
510.87 104.571 1
284.755 330.391 1
239.468 359.841 2
277.076 299.542 1
417.599 149.117 2
447.551 99.117 3
480.202 60.0947 1
452.527 68.2226 2
240.085 241.039 2
83.4697 387.744 2
259.359 205.694 1
362.866 99.8412 3
338.895 119.965 6
239.561 153.246 3
153.07 230.385 4
58.6094 315.452 1
225.971 147.617 2
285.043 74.3355 2
87.4467 268.487 3
147.292 206.578 3
91.8528 242.617 1
203.055 128.616 1
68.707 244.497 2
210.606 74.751 1
89.6021 186.306 1
121.348 148.427 1
92.4436 142.507 2
71.8179 153.492 1
126.662 54.14 1
507.584 378.296 1
478.32 321.321 1
500.205 157.817 4
152.802 345.138 1
360.767 128.909 5
133.216 307.672 1
155.938 196.264 1
451.567 474.354 1
426.675 299.712 2
427.062 255.316 3
206.132 467.057 1
422.181 236.242 5
247.156 389.593 1
423.126 193.527 3
442.91 129.698 3
183.927 340.934 1
245.099 216.654 1
128.917 271.459 1
193.481 111.123 2
129.204 174.203 1
427.28 469.044 1
301.529 310.451 3
179.142 381.744 1
310.637 243.554 3
294.893 288.687 2
290.717 243.92 1
229.832 274.785 2
544.744 32.6047 1
423.452 138.878 1
154.487 247.416 1
164.328 289.171 4
511.047 382.24 1
376.299 52.0453 1
182.888 72.4418 3
571.577 73.8815 1
396.049 83.5894 1
324.078 88.6684 1
522.989 95.4928 2
445.047 154.659 2
486.914 173.183 2
296.715 176.468 5
144.684 213.72 3
163.02 255.064 4
409.696 267.85 7
350.226 273.898 2
105.122 308.553 1
260.573 310.753 2
115.813 321.908 4
574.988 322.165 1
136.5 344.538 2
119.511 355.412 1
180.837 364.937 1
93.8102 372.119 2
424.915 376.876 2
525.956 397.879 2
358.134 407.067 1
347.98 411.813 1
52.8521 416.583 3
270.324 432.898 8
221.185 493.908 1
555.312 83.5773 2
556.905 103.464 4
344.593 346.023 3
187.111 82.6097 1
455.163 179.069 1
96.7663 196.712 1
108.674 253.027 3
102.578 291.566 3
481.45 297.458 1
277.789 303.104 4
159.779 354.852 2
560.683 375.634 1
506.336 92.6717 3
179.973 98.3943 2
367.211 120.34 1
353.791 131.418 1
218.699 137.824 4
223.217 154.588 3
349.338 155.527 2
136.731 167.283 4
409.489 172.408 1
423.119 172.594 1
243.663 177.433 1
498.993 178.689 1
160.27 195.775 3
516.912 192.199 1
66.5678 192.615 3
66.5146 226.183 1
488.776 250.254 1
358.626 258.27 2
115.487 271.311 1
524.955 276.059 3
260.094 275.254 4
332.945 276.542 3
410.879 273.908 2
190.409 281.426 1
269.696 278.233 4
478.165 288.889 3
137.523 307.959 1
347.739 341.956 2
509.774 341.967 1
495.364 348.075 2
317.854 351.877 1
171.186 377.012 1
138.806 393.177 1
513.093 403.404 4
270.917 407.79 2
533.017 407.185 1
81.112 414.195 1
299.255 411.264 1
223.712 502.318 1
430.832 512.964 4
283.54 265 1
258.534 356.35 1
237.146 416.384 4
325.745 260.219 2
163.478 271.53 1
342.093 290.708 3
150.938 322.788 5
103.281 335.782 3
327.537 360.502 2
500.47 367.888 2
183.486 388.967 1
541.728 110.159 1
391.516 77.9556 2
351.127 69.5242 1
552.838 259.552 3
556.417 267.791 1
478.174 220.641 1
460.729 329.039 1
517.115 386.499 1
543.733 510.778 2
259.398 318.087 1
473.44 518.629 3
470.07 42.1348 2
516.384 76.5911 3
501.458 77.6092 3
544.779 130.722 1
406.399 73.8702 2
433.379 177.612 5
297.642 90.3374 1
450.707 207.337 2
304.73 128.389 8
256.581 148.949 4
511.137 376.108 2
279.75 247.633 4
471.001 386.509 2
557.872 454.174 3
115.957 160.737 4
540.091 495.239 2
101.919 205.986 1
121.387 221.217 1
549.665 554.736 1
78.6776 216.801 2
340.137 410.304 2
38.7472 197.812 1
109.269 262.426 1
408.668 521.109 1
398.433 520.32 2
70.9831 293.124 1
123.256 332.96 5
31.949 317.413 1
37.089 339.162 2
464.537 319.121 2
355.873 384.875 5
122.468 348.806 2
536.012 105.233 1
529.84 212.086 1
496.488 193.232 2
138.131 284.168 1
99.9813 357.279 1
501.139 89.9428 5
506.552 141.483 1
448.586 134.452 2
464.12 150.853 3
521.219 196.493 1
488.28 178.585 1
404.669 173.419 6
380.897 157.056 1
484.042 250.556 2
460.511 267.694 6
510.127 313.522 5
489.654 315.316 2
201.025 117.684 6
440.524 294.823 3
171.652 98.5829 1
299.752 215.402 3
470.025 342.923 3
232.561 176.106 4
318.625 243.139 2
447.049 351.91 1
490.584 400.095 4
459.242 398.094 2
131.175 166.384 1
540.908 483.763 1
84.044 166.027 1
431.505 416.199 2
187.342 280.233 1
76.4196 208.696 1
326.279 418.917 3
91.2783 310.295 2
179.36 373.363 3
271.607 440.968 2
101.512 322.027 1
163.392 373.32 1
123.012 357.787 5
509.421 316.327 1
156.165 164.373 1
336.705 291.609 5
164.696 195.994 2
221.266 277.518 2
412.891 190.496 7
374.573 175.222 2
422.345 255.661 1
248.808 178.398 2
428.997 310.618 2
258.146 293.862 1
138.441 226.892 3
303.19 371.583 2
270.627 349.06 1
164.199 390.195 1
238.418 445.039 1
417.263 202.581 2
304.648 272.884 2
455.687 206.331 1
417.631 133.398 1
459.572 263.278 1
401.124 157.667 5
340.206 245.889 3
270.72 231.199 9
241.884 273.387 3
84.7081 248.18 3
62.7912 308.165 1
54.6031 321.959 1
513.377 98.9256 1
554.644 296.701 1
550.07 311.302 1
466.359 99.4597 2
438.465 41.4968 5
557.23 462.701 5
410.716 72.7057 10
437.828 174.195 1
404.885 130.475 6
406.057 139.195 1
380.671 150.024 1
422.319 282.982 3
462.067 436.843 1
435.333 382.582 3
290.699 162.302 1
302.44 206.669 4
242.758 47.4529 2
259.54 167.485 1
223.884 86.2376 1
220.486 161.316 5
215.916 439.428 7
117.566 188.342 1
127.832 228.691 1
118.781 217.628 1
200.036 557.035 2
70.2683 237.98 2
57.7053 331.87 1
345.266 242.028 4
268.355 46.584 3
409.607 512.635 1
301.977 393.664 7
498.77 54.217 1
478.595 138.596 1
509.052 308.22 1
412.912 168.233 2
431.019 235.992 2
486.593 395.771 1
374.911 86.1368 12
436.622 293.2 2
366.073 77.5893 1
435.402 334.116 1
430.467 373.03 6
429.264 389.103 5
429.156 410.583 2
317.838 132.788 1
295.284 144.646 1
270.298 95.0795 6
298.336 213.351 3
257.759 181.143 1
307.053 356.468 6
220.717 152.896 1
198.821 113.387 5
186.332 97.8542 1
201.676 139.504 2
231.979 259.618 4
275.402 440.745 1
146.154 63.7215 7
151.852 82.0515 2
233.076 408.105 1
143.528 218.499 1
210.486 455.457 1
214.072 469.62 1
100.852 325.617 3
295.186 215.119 1
225.933 353.464 5
160.678 185.651 4
160.111 266.004 1
440.99 139.365 6
410.271 249.182 1
420.411 306.647 2
425.708 349.333 1
360.412 162.557 3
250.447 285.696 1
261.759 340.772 2
182.933 123.14 2
249.737 396.535 4
206.383 374.717 2
198.397 476.848 1
293.782 259.421 4
473.494 91.5656 1
95.9843 180.183 1
556.424 472.842 1
532.14 443.418 4
461.927 431.451 2
462.207 410.427 6
496.177 258.58 3
489.921 147.249 1
478.598 47.4383 1
451.275 52.7221 5
420.661 146.703 1
425.765 117.26 1
401.608 149.62 2
413.985 75.7917 1
398.477 71.3234 3
199.826 549.359 3
311.744 209.626 1
272.342 257.278 8
230.49 359.466 1
291.427 165.91 3
238.358 222.936 3
205.521 124.556 2
208.242 83.0857 1
137.342 166.558 3
74.1528 299.871 1
65.4478 316.169 1
46.3636 273.084 1
496.375 186.409 1
455.054 115.902 2
283.423 277.209 3
272.375 251.647 1
258.388 254.397 1
219.77 41.7317 1
148.072 166.693 1
503.606 517.599 1
434.2 527.303 1
505.137 259.963 1
409.97 509.424 1
441.474 342.91 1
427.091 381.939 5
494.907 81.5307 5
470.079 115.923 5
429.887 229.308 2
431.486 198.917 1
444.681 140.177 3
314.942 265.394 1
361.253 70.1032 2
277.016 325.544 2
333.378 120.677 2
198.147 536.105 1
211.223 475.43 3
231.173 401.117 1
213.459 459.826 2
319.205 78.2045 2
290.446 141.675 1
297.696 62.3917 1
257.884 176.795 2
192.553 347.591 3
245.339 59.4201 7
215.124 153.511 2
156.269 298.686 1
198.317 130.943 3
214.932 52.0226 1
135.174 273.692 2
89.1562 340.128 1
103.21 152.839 1
487.272 81.1833 3
306.722 303.941 1
451.673 258.793 1
167.557 241.711 5
419.737 389.515 1
417.722 301.998 1
414.062 253.411 1
360.165 156.602 4
305.277 309.098 1
200.801 471.859 3
249.533 279.796 1
234.189 221.972 2
183.447 111.499 1
509.234 542.573 1
532.42 513.037 3
528.866 470.83 2
504.216 405.25 4
284.497 419.067 1
278.442 391.469 2
291.482 333.5 3
204.715 353.414 1
203.789 338.414 4
447.86 142.496 1
286.39 252.629 2
463.109 119.128 1
295.481 225.037 1
86.2134 369.285 1
417.832 40.7316 1
98.756 244.737 1
371.244 41.711 1
199.063 86.9146 1
322.95 210.447 1
164.511 255.73 1
460.092 471.656 1
428.555 482.384 2
372.825 512.013 2
459.127 408.798 2
434.995 303.691 1
445.241 259.684 3
302.859 333.721 1
432.379 226.192 1
212.775 381.522 5
237.503 356.114 4
341.933 253.418 4
514.573 123.027 1
437.385 179.194 1
273.928 293.707 5
318.096 259.31 1
519.035 88.2053 1
508.302 97.3152 1
442.641 89.5748 3
94.6784 340.37 5
237.247 231.402 2
257.259 201.986 2
348.951 102.745 1
335.476 115.705 2
150.335 225.77 1
89.074 233.129 2
90.0747 138.931 1
207.067 380.527 3
491.921 362.8 5
326.936 340.723 1
478.045 195.866 1
426.963 395.844 6
462.277 324.148 4
191.717 382.725 1
467.037 153.56 1
419.742 189.53 4
241.738 205.642 2
127.751 267.999 1
137.605 209.067 1
576.418 107.24 1
392.871 143.988 1
109.91 163.128 3
535.734 203.163 2
500.039 242.347 1
526.38 246.092 2
274.431 263.321 1
432.444 265.366 2
20.9256 292.379 2
444.582 366.797 1
345.801 384.7 1
578.062 415.535 1
564.587 97.2813 1
208.753 111.153 1
526.842 134.308 1
546.565 134.453 1
560.106 135.681 1
569.932 135.892 1
456.316 157.078 1
239.952 170.558 1
297.585 180.057 2
134.441 207.12 1
96.5841 219.283 2
283.514 251.411 1
293.562 249.83 3
349.063 278.233 1
574.323 325.4 1
343.914 329.672 1
261.674 335.124 1
455.717 341.627 1
248.335 361.023 1
238.861 395.859 1
101.519 406.32 5
292.088 398.96 4
538.486 522.15 1
552.379 254.758 2
242.438 259.428 2
180.722 369.686 1
347.923 261.876 2
340.014 325.02 2
436.483 485.595 3
257.953 162.648 1
385.768 162.042 2
408.909 181.351 1
517.586 196.38 1
67.8125 233.39 1
496.925 234.432 1
532.983 236.06 1
86.2765 240.988 1
460.329 271.128 4
190.848 284.555 1
273.018 286.709 5
524.271 349.426 1
217.093 358.104 2
316.976 357.421 1
494.569 355.731 2
132.93 400.138 1
495.606 414.043 1
514.595 413.079 3
556.109 413.909 2
81.4886 420.022 1
255.68 435.024 1
472.845 443.058 1
534.74 163.059 1
325.278 247.167 5
534.829 415.451 1
327.711 209.609 3
68.7269 258.177 1
440.289 324.848 1
151.147 328.437 1
547.27 251.592 1
552.401 258.329 1
558.912 265.078 4
145.091 143.379 4
73.8406 156.188 2
518.322 381.784 1
566.311 406.725 1
86.1801 187.926 2
535.442 457.716 1
160.621 285.555 1
331.435 367.114 3
132.371 282.874 1
534.094 508.471 1
308.117 419.896 1
475.411 514.922 2
390.797 53.8088 10
497.998 136.032 1
286.265 108.617 1
469.865 237.119 1
568.097 298.492 2
555.279 317.404 1
564.961 380.398 1
128.152 193.891 1
447.91 372.847 1
249.584 332.971 3
140.466 384.206 1
95.3834 397.954 1
489.238 204.25 2
319.222 290.889 1
252.26 342.03 1
110.778 355.515 3
395.719 138.838 3
233.18 129.637 1
478.619 300.528 2
148.123 157.465 1
472.967 379.623 2
229.513 278.196 1
305.677 415.073 2
433.508 483.496 2
533.935 149.38 1
380.591 129.336 1
520.911 199.831 2
483.943 185.955 1
380.096 160.594 2
404.897 177.986 2
414.629 180.501 5
500.279 234.753 1
482.581 255.898 1
219.191 158.94 3
297.564 220.318 1
318.38 246.631 1
494.373 351.146 1
214.974 362.714 4
177.435 378.756 1
234.938 423.901 2
270.488 444.654 1
97.4043 413.399 1
70.6682 417.863 1
484.263 421.6 1
212.001 365.051 3
428.117 319.172 1
268.41 340.785 1
303.707 380.305 1
308.333 283.195 2
508.313 41.6727 1
325.313 348.53 2
318.698 422.88 2
114.012 188.497 1
89.3921 189.824 1
498.267 76.6389 1
369.891 76.7889 1
284.932 66.7916 2
302.739 101.135 1
500.553 371.555 1
213.311 47.9065 1
236.155 156.492 1
460.568 440.409 1
264.624 232.318 1
113.495 162.282 1
285.577 400.385 2
297.957 442.314 3
217.227 453.528 2
109.646 331.117 3
349.391 229.286 1
214.792 94.7863 6
83.6055 259.266 1
472.889 80.0853 1
470.286 146.347 3
414.144 188.582 1
466.249 262.5 1
425.902 219.529 2
373.651 158.432 2
351.135 152.199 1
425.682 245.856 2
433.235 298.347 3
251.883 163.307 2
183.716 101.842 2
217.543 157.563 1
427.971 415.621 2
164.794 102.087 1
223.441 180.632 3
460.586 488.008 4
271.621 317.976 1
131.07 180.066 1
389.509 501.591 1
236.445 370.439 1
278.253 452.295 1
265.277 446.525 1
158.976 375.113 2
127.654 260.515 1
381.48 139.173 1
322.416 199.053 1
221.628 138.861 2
162.532 157.916 1
165.121 261.878 2
304.21 262.697 2
243.728 300.171 1
378.392 78.8581 1
311.632 90.4957 1
157.001 256.905 3
125.179 361.735 2
61.1617 321.848 1
515.927 73.5763 1
525.215 164.509 3
482.348 107.049 2
437.443 305.592 1
468.179 480.676 1
302.304 65.822 2
393.235 513.504 2
259.221 38.3211 1
301.995 267.895 2
249.897 197.044 1
170.925 363.061 1
140.847 304.708 4
98.3884 303.684 1
458.055 111.322 1
297.51 162.662 4
318.852 311.888 1
486.211 205.506 2
316.762 80.5368 1
348.535 242.603 2
332.298 328.657 2
224.229 127.021 3
156.045 286.028 1
436.973 184.625 2
427.323 209.191 1
386.208 54.2705 1
425.13 257.704 1
431.013 334.025 1
370.504 87.0205 4
311.855 132.248 2
292.208 214.381 4
240.557 63.9905 1
253.154 182.479 3
212.346 154.715 2
195.625 138.331 1
244.104 428.491 4
146.624 81.6847 1
206.78 458.051 1
209.916 469.565 1
431.864 438.184 1
367.982 136.158 2
346.104 291.055 1
342.579 104.862 1
353.194 162.911 2
296.615 252.066 2
492.041 357.701 1
314.329 437.225 1
146.334 339.848 1
527.619 249.853 1
511.879 225.357 3
430.924 110.83 1
329.508 76.3121 1
281.828 61.8089 2
227.942 258.229 1
202.015 104.44 1
93.6907 360.152 1
157.471 75.6271 1
104.759 40.727 4
348.259 143.616 1
321.843 75.9939 4
109.172 143.521 2
428.114 527.919 1
426.159 308.27 1
423.572 228.286 1
426 198.874 1
386.238 122.1 4
253.636 388.045 1
248.16 423.303 1
285.976 140.502 2
224.726 399.402 1
208.829 460.623 1
191.997 534.545 2
286.42 88.8727 3
245.821 220.525 2
251.081 176.318 2
231.269 248.786 2
191.346 129.647 3
144.012 73.1736 1
371.545 134.668 1
449.43 324.28 1
541.232 195.513 1
250.853 370.844 2
289.739 209.235 1
539.838 434.188 1
525.608 451.532 2
515.093 457.053 3
464.349 346.478 1
382.552 385.075 1
278.559 412.297 5
220.964 457.786 1
450.934 163.037 2
464.919 127.91 2
433.617 123.507 5
302.307 111.293 1
340.874 58.3743 1
100.132 341.232 2
287.925 77.4755 1
141.92 251.365 1
206.877 129.812 2
61.7287 314.2 1
121.349 197.042 1
116.326 164.956 1
176.583 55.7595 2
451.389 248.467 1
340.843 331.307 1
327.224 227.159 1
501.328 512.652 1
407.927 505.403 1
369.576 369.851 4
312.301 415.269 1
426.69 223.382 6
429.198 196.794 1
301.192 327.718 3
447.554 126.387 2
233.043 349.659 6
249.846 220.954 1
215.945 262 1
342.317 97.1203 1
329.389 113.865 1
232.277 233.321 1
251.376 199.748 1
130.919 356.727 1
193.413 377.837 3
261.799 185.293 1
170.087 246.965 2
300.439 294.667 1
228.023 203.964 1
374.066 368.26 1
533.706 223.199 1
110.63 267.178 2
245.615 128.032 1
495.98 535.82 1
557.904 497.256 1
440.973 538.168 1
462.032 455.698 2
374.345 488.533 1
558.709 384.174 1
211.849 498.681 1
462.435 302.302 1
356.179 353.93 1
336.556 318.177 1
203.91 349.556 1
253.155 293.602 1
85.9134 366.224 2
520.475 129.017 4
398.08 169.381 3
244.784 229.58 1
493.951 102.281 1
145.307 269.183 2
301.629 184.595 1
278.065 158.251 1
97.3692 240.706 1
344.044 120.927 1
359.165 100.327 2
231.218 92.2673 3
274.19 67.95 1
251.223 79.2904 1
345.62 338.813 2
328.004 334.144 3
542.748 136.65 1
531.186 136.198 1
270.99 248.524 1
459.409 465.101 1
427.326 477.344 1
475.759 346.245 4
298.851 384.504 1
265.994 356.362 2
512.357 228.771 1
441.668 259.47 1
431.264 221.846 1
196.024 336.882 1
272.98 285.732 1
81.0258 380.889 1
433.47 190.367 1
222.896 260.085 1
369.426 129.617 1
117.281 140.097 2
90.4506 134.721 1
296.014 355.659 2
261.38 353.119 1
299.711 321.464 3
243.823 383.226 3
299.62 298.657 1
567.302 101.536 1
59.9158 174.506 1
582.765 257.605 1
446.895 289.778 1
336.437 324.463 6
265.56 126.417 3
548.966 141.128 3
560.066 139.798 3
40.2539 204.565 2
477.098 259.18 1
409.299 271.175 1
348.181 283.61 1
467.569 287.986 2
37.6619 302.794 3
546.569 317.151 1
267.384 319.459 1
211.887 357.405 1
464.691 358.549 4
572.499 385.621 1
474.736 393.52 1
523.617 405.36 3
100.685 407.274 2
270.42 436.332 1
219.461 503.521 1
492.178 407.484 2
147.444 154.389 3
530.057 168.394 2
564.103 266.398 1
494.413 319.765 3
85.6843 383.773 2
560.788 460.782 1
225.651 170.809 2
386.093 170.874 2
243.273 191.584 1
408.846 189.661 1
517.464 201.363 1
154.991 273.889 1
546.756 278.334 1
274.908 303.747 1
141.738 318.582 1
494.127 363.963 1
216.25 365.021 1
314.978 366.781 1
242.091 374.623 1
446.713 402.612 1
130.232 411.58 1
555.913 419.848 1
328.537 423.5 1
495.376 424.439 1
515.5 424.481 1
199.434 75.6294 1
504.807 381.071 2
309.336 415.773 1
98.3341 385.446 1
500.924 83.9825 1
524.035 108.747 1
514.015 142.476 1
511.922 187.294 1
416.893 170.562 1
515.436 221.215 1
261.161 159.727 2
444.793 257.769 1
553.69 321.385 2
247.217 235.194 2
134.099 212.249 1
114.322 218.174 3
552.688 408.376 3
540.162 413.507 1
395.882 369.374 1
516.483 409.084 2
467.399 396.885 1
435.411 417.203 1
359.977 398.748 2
379.977 404.086 1
550.36 483.96 1
249.839 425.983 2
127.533 395.302 1
92.9786 409.268 1
220.069 497.297 1
374.518 132.052 3
233.377 411.923 1
307.272 410.699 2
511.439 199.942 1
377.647 172.393 1
404.659 188.111 1
528.907 242.583 1
219.367 169.83 1
273.11 228.731 2
248.408 253.101 2
260.659 289.64 1
286.266 360.473 1
306.822 370.331 1
99.2908 335.62 1
211.214 369.512 3
232.433 431.719 1
232.854 132.741 3
356.915 246.44 1
498.45 379.237 1
471.269 438.611 1
125.564 212.157 1
546.407 271.814 1
283.242 111.254 1
171.031 90.6956 3
206.816 143.416 1
229.523 174.377 1
476.811 398.149 3
335.719 416.404 1
100.562 270.408 1
298.898 445.987 1
110.723 328.155 1
485.21 416.063 3
477.52 419.684 4
305.116 185.877 1
105.037 141.108 1
411.935 183.233 1
422.769 277.867 2
249.104 168.115 1
279.394 221.077 1
255.735 285.6 1
268.978 325.224 1
304.841 362.503 1
318.878 433.758 1
236.351 377.213 1
150.732 387.045 1
308.636 262.251 1
305.281 278.626 1
515.776 47.3517 1
487.711 50.6411 1
482.931 322.987 1
361.328 241.509 4
357.721 305 1
86.8117 293.557 3
491.787 79.9779 4
457.611 93.1421 1
440.316 73.8299 1
443.177 93.6832 6
400.717 62.7288 1
428.691 180.53 1
495.072 372.862 4
465.301 484.59 2
155.638 82.0817 1
108.095 334.962 1
179.937 69.6164 1
242.232 208.679 2
235.045 264.796 1
153.186 159.865 1
163.529 182.414 1
418.081 229.919 1
417.772 250.264 2
420.768 270.875 1
280.567 187.451 2
433.862 456.842 3
252.502 281.257 1
227.303 375.873 1
256.927 454.495 1
151.278 380.409 1
253.153 459.605 1
526.504 66.7504 1
265.145 28.0303 1
323.098 424.58 1
126.971 189.945 1
390.487 211.022 1
467.453 541.484 5
437.657 540.044 1
294.794 208.733 7
342.262 379.721 2
211.192 51.0524 1
201.559 44.3718 3
150.919 56.7581 2
212.918 437.668 1
211.534 450.292 2
142.874 306.64 1
194.951 558.383 3
96.7833 320.997 2
95.8448 352.397 3
420.625 215.967 1
415.085 242.371 1
421.223 275.197 1
337.435 72.5599 1
421.285 393.54 1
354.22 364.576 1
236.326 236.67 1
248.539 276.179 1
190.276 123.209 2
256.842 447.535 3
197.365 499.482 1
198.711 373.761 1
505.286 98.4478 2
454.472 85.7362 1
436.128 543.241 1
397.249 130.688 1
373.273 21.4899 1
300.721 160.904 1
260.644 23.1487 1
223.599 33.3432 1
222.129 267.677 1
214.751 159.365 3
199.432 20.5324 2
198.202 103.941 1
196.183 32.3579 1
153.275 75.3498 2
101.824 38.3315 1
309.766 294.99 1
167.681 208.218 1
414.007 232.301 1
413.746 41.2107 1
364.181 153.444 1
346.494 68.7477 1
341.526 399.154 3
309.399 312.175 2
279.501 141.638 2
246.634 270.63 1
236.87 180.195 1
235.519 42.9812 2
224.057 256.835 1
222.044 366.202 1
183.747 132.916 1
299.136 246.448 3
530.911 333.762 2
317.332 439.059 1
292.938 319.843 1
517.779 394.842 1
436.382 524.257 1
506.43 255.914 1
508.419 120.78 1
488.283 128.411 1
349.307 110.088 1
370.424 33.3146 1
215 427.152 1
111.656 380.679 2
202.369 35.6113 1
88.5553 359.381 1
166.271 211.284 1
420.773 529.272 1
418.064 225.515 1
291.58 428.95 1
250.683 268.514 1
224.598 245.572 1
173.898 348.161 2
528.155 440.602 1
522.532 449.515 2
446.043 341.188 2
309.44 431.695 2
233.392 386.155 1
340.54 108.935 3
260.265 131.914 1
109.992 241.713 2
123.697 181.419 1
445.441 96.8148 1
324.556 80.7649 3
488.298 158.759 2
358.037 264.852 1
152.417 340.881 2
419.984 219.062 1
431.214 172.449 1
396.731 134.807 3
226.925 230.468 1
244.055 195.971 1
298.882 224.514 2
348.28 336.004 1
496.91 71.2735 1
268.807 62.8087 2
529.047 455.521 1
461.838 359.472 1
480.147 331.939 4
352.385 349.93 1
310.47 360.676 1
232.015 364.442 1
388.749 215.716 1
107.38 380.629 1
448.678 94.6398 1
154.936 233.461 2
57.7647 289.198 2
239.133 130.605 2
320.862 353.659 2
361.028 271.377 2
467.091 322.428 1
312.585 412.085 2
204.646 382.539 2
428.22 186.197 2
216.402 258.582 1
313.061 224.116 3
305.738 241.186 2
332.567 357.046 2
520.621 349.808 2
518.877 186.621 1
69.7454 179.321 1
463.216 468.322 2
373.719 484.998 1
548.992 381.068 1
463.081 406.803 1
355.542 350.142 1
251.204 367.863 1
232.206 355.902 2
316.243 319.814 3
203.859 343.833 1
252.686 290.328 2
55.1434 286.524 1
316.306 180.159 1
376.329 135.759 1
245.54 145.991 1
251.011 357.322 4
165.735 244.389 1
79.7252 372.625 1
194.358 329.518 1
432.788 184.94 1
222.797 253.167 1
137.016 259.281 1
252.859 204.092 2
91.644 344.979 2
486.243 155.391 2
328.613 133.814 1
549.985 148.138 1
559.936 144.39 1
569.826 144.15 2
135.83 163.167 1
370.966 170.083 1
146.067 188.939 1
41.2119 209.965 1
64.3264 228.776 1
486.035 254.053 1
496.142 266.468 1
37.0437 313.21 1
262.109 347.221 1
292.522 348.333 2
510.138 345.064 1
571.948 393.466 1
511.46 409.6 2
100.92 412.102 1
490.981 411.116 1
379.734 417.323 1
286.56 443.81 1
526.451 415.478 1
132.103 144.365 1
144.708 150.802 2
291.276 306.72 3
248.656 337.296 1
312.795 402.321 1
556.787 146.501 1
378.283 127.021 1
505.602 191.197 1
445.938 204.05 2
479.55 232.266 2
59.7263 225.337 1
486.601 402.939 1
502.812 409.131 3
436.556 423.179 2
93.0851 412.859 1
474.944 428.877 1
232.394 416.93 2
48.3461 429.091 1
308.392 186.93 3
258.106 212.468 4
90.2287 289.648 1
524.477 353.831 1
259.412 300.62 1
272.064 324.328 1
542.113 182.546 1
539.17 234.925 1
349.12 212.575 1
275.726 256.064 3
548.608 501.3 1
285.085 127.119 1
518.498 405.406 1
479.275 407.196 3
381.372 382.281 1
539.968 459.858 1
460.178 468.188 1
300.153 450.972 1
123.938 399.023 1
453.426 188.071 2
319.764 193.378 2
306.569 321.987 1
253.669 298.841 1
338.479 248.537 1
503.821 144.752 1
442.203 105.596 1
482.449 148.939 1
379.663 122.917 1
364.048 158.222 2
429.764 219.191 1
439.019 298.901 1
202.608 148.926 1
432.259 398.629 2
280.985 404.626 3
91.2052 278.395 1
85.71 312.128 1
152.469 376.358 1
307.92 181.291 2
418.378 264.464 1
415.425 290.962 1
422.721 314.268 1
247.141 294.917 1
290.137 375.414 1
479.386 157.501 1
275.224 254.5 1
332.554 334.022 1
92.5987 291.62 1
500.956 137.739 1
436.254 96.6356 2
464.216 131.891 1
429.588 242.873 1
336.159 147.358 2
262.762 102.55 2
456.518 375.943 1
228.896 117.143 1
314.351 239.932 1
431.971 393.888 2
164.713 96.2325 1
202.253 144.042 1
150.303 86.5051 1
204.903 156.603 1
217.279 178.238 1
239.789 212.766 3
456.717 522.245 1
391.83 498.691 1
157.093 371.273 1
252.561 450.141 2
447.837 259.578 1
347.334 294.958 1
157.862 153.206 1
288.265 368.041 2
482.039 87.3327 1
470.307 97.7988 3
459.475 131.434 1
435.454 289.127 3
482.56 394.897 1
430.563 402.447 2
304.551 182.715 1
303.933 352.203 1
165.701 92.3731 1
247.421 432.595 2
325.049 155.098 1
235.301 282.835 1
288.84 265.329 1
117.975 196.774 1
405.022 87.0893 2
279.371 40.5439 2
288.695 138.751 1
209.114 164.116 2
332.016 150.433 1
490.323 214.355 1
317.421 184.2 1
129.478 361.459 2
118.489 155.607 1
431.548 543.051 2
290.065 86.1599 1
264.239 23.7006 1
206.821 159.044 1
184.363 348.408 1
147.862 74.9532 2
372.41 117.868 1
339.507 69.8422 1
355.826 318.128 1
431.482 523.056 1
474.741 112.306 2
390.895 115.095 1
262.373 424.409 1
195.027 535.542 1
211.318 149.694 1
210.229 47.1455 1
433.398 464.016 1
500.056 364.588 1
487.667 235.991 1
289.956 279.343 1
441.796 339.673 1
371.8 376.83 2
441.563 157.442 1
298.048 430.775 2
339.052 104.853 3
169.646 351.617 1
284.94 85.3137 2
269.112 84.4737 1
138.98 358.699 1
199.808 126.085 1
230.707 211.902 1
454.102 243.6 1
440.079 352.175 1
437.266 272.798 1
441.538 175.518 2
230.336 382.95 1
333.465 104.044 1
260.457 196.047 4
274.833 88.8356 1
99.5274 216.443 1
335.108 391.25 1
528.086 341.29 1
515.979 343.985 2
362.751 276.832 2
507.418 501.512 1
301.521 350.335 1
262.725 363.798 1
477.305 131.266 1
238.871 146.903 1
315.9 221.139 1
417.23 209.106 2
199.603 384.993 1
301.743 237.302 1
238.58 202.906 2
92.126 167.405 1
371.287 479.316 1
499.687 318.851 1
352.221 346.1 1
278.133 288.872 3
412.456 141.669 1
63.3902 255.101 1
322.486 299.06 2
115.95 333.091 2
215.444 245.638 1
295.051 296.036 1
549.303 321.598 1
539.231 451.723 1
525.728 446.528 1
548.287 377.444 1
247.903 399.166 1
355.784 346.956 1
232.105 345.006 1
480.031 286.349 1
232.823 336.137 1
345.986 252.356 1
446.185 172.618 1
156.27 220.043 2
276.786 187.542 1
319.976 167.242 1
243.526 138.778 1
57.9117 162.294 1
316.761 151.03 1
118.511 335.521 1
95.0067 325.059 1
267.886 352.345 1
298.609 308.429 1
96.4649 264.945 1
105.797 288.018 1
328.557 317.63 1
240.67 187.018 2
370.743 184.167 1
404.168 182.954 1
41.8393 217.317 1
543.125 273.077 1
349.767 290.975 1
343.93 356.989 2
572.26 405.933 1
101.01 417.867 1
566.636 419.387 2
511.899 420.368 1
514.351 309.362 1
65.437 156.107 1
290.595 303.516 1
320.753 320.093 1
472.576 365.518 1
390.899 169.564 1
423.508 182.262 1
435.395 195.44 1
445.868 208.814 2
60.1632 234.712 1
540.364 332.961 4
489.928 416.034 1
510.787 415.713 1
536.71 170.666 1
426.407 144.067 1
266.608 131.396 1
539.89 363.736 1
310.76 407.246 1
400.683 176.261 3
271.79 301.224 1
522.848 413.502 1
530.667 416.095 2
499.763 416.395 1
537.67 421.897 1
487.843 418.25 1
454.885 182.725 2
375.738 163.332 1
227.3 181.72 1
321.461 416.078 1
349.318 269.618 1
471.529 326.701 1
346.137 270.185 1
379.962 133.742 2
109.871 139.165 1
240.101 448.077 1
323.999 159.514 1
438.068 391.995 1
308.01 297.831 2
355.454 390.057 1
302.215 356.107 1
170.512 291.332 1
147.143 380.465 1
355.734 217.248 1
355.87 287.936 1
241.57 442.845 1
433.138 99.2695 1
424.596 263.239 1
272.032 451.944 1
154.254 373.568 1
343.266 194.185 1
342.589 209.535 1
461.48 281.968 2
425.198 242.227 1
161.266 369.105 1
200.529 370.356 1
463.392 293.643 1
384.734 133.643 1
281.514 255.692 1
433.183 88.8047 1
206.717 369.61 1
357.956 240.658 1
312.147 260.574 1
194.503 135.539 1
195.023 517.225 1
190.998 528.784 1
193.545 538.79 1
191.388 558.663 1
191.581 297.607 1
146.51 305.224 2
422.558 109.704 1
420.46 551.112 1
359.485 103.332 1
348.181 62.4831 1
240.823 69.5223 1
239.039 184.296 1
227.594 365.239 1
190.805 519.089 1
153.412 316.143 1
458.897 48.8259 1
176.16 307.932 1
424.527 361.688 1
178.683 351.407 1
333.338 133.698 1
361.816 260.871 1
164.538 349.3 2
156.41 336.147 1
438.386 475.955 1
435.802 441.259 1
278.888 105.528 1
500.685 339.696 2
250.867 380.941 1
343.154 233.217 1
299.505 405.556 1
489.554 377.802 1
498.375 352.422 1
364.959 279.019 1
374.741 374.988 1
260.055 359.719 1
211.662 386.298 2
320.795 228.595 1
533.706 327.185 1
214.301 390.516 2
471.997 227.665 1
223.718 338.007 1
258.672 192.81 1
151.351 205.282 1
170.99 261.558 1
531.423 346.174 1
357.384 291.711 1
277.275 242.885 1
272.533 366.736 1
315.209 312.725 1
275.08 182.508 1
510.512 220.344 1
511.986 347.852 1
536.933 150.519 1
547.492 373.301 1
537.354 366.45 1
220.998 387.111 1
276.606 360.7 1
250.447 352.186 1
517.029 306.736 1
233.299 331.798 1
