3678 17096
284.893 79.7326 15
247.723 77.7817 26
243.419 95.166 12
600.957 109.26 1
279.187 110.75 20
579.247 111.04 3
592.453 110.157 5
236.012 116.928 21
358.33 121.567 2
340.049 122.751 1
273.176 126.929 16
25.5703 127.284 7
231.8 132.306 21
68.808 131.916 1
271.971 133.051 5
425.911 132.605 10
412.828 132.056 34
611.113 134.246 1
406.293 135.944 5
491.877 138.543 39
508.604 134.281 21
577.479 134.27 13
558.485 134.08 24
561.915 135.437 3
595.464 135.881 4
544.913 135.966 26
575.424 136.539 1
512.126 137.859 1
539.333 137.669 6
79.71 140.845 24
597.248 139.479 2
438.933 136.286 13
406.643 143.147 1
426.633 142.426 8
322.026 143.052 7
349.396 142.607 5
343.141 141.783 24
388.374 145.174 20
484.799 146.105 8
402.534 145.589 5
496.726 146.623 6
510.677 149.449 14
105.702 146.977 5
228.015 147.145 25
22.0119 148.645 5
175.689 149.272 14
430.606 145.459 9
476.129 148.45 8
98.5192 146.366 54
538.207 149.957 6
364.261 151.474 4
166.911 151.242 62
186.34 153.136 7
426.28 154.382 7
461.024 153.179 36
9.66863 155.234 3
140.701 151.867 10
313.793 155.046 2
62.6114 154.796 28
132.493 154.42 49
150.668 156.105 2
209.962 152.814 34
415.242 155.268 35
226.517 155.076 15
371.418 156.308 17
437.752 155.311 51
297.638 157.338 6
397.618 157.659 16
449.653 156.062 19
490.795 158.708 1
30.8499 160.986 2
390.041 164.961 4
348.635 170.072 13
360.393 174.623 27
259.314 180.065 9
422.47 181.414 15
399.843 183.298 13
407.569 182.05 18
218.21 184.784 16
360.314 187.13 35
219.972 185.009 10
163.506 197.037 1
299.804 196.449 33
359.922 199.958 16
488.818 197.226 29
269.038 198.793 40
253.784 204.12 12
311.376 202.294 14
201.65 208.077 12
320.976 203.642 33
278.559 205.548 30
253.088 210.415 2
391.803 209.702 6
587.606 211.484 2
201.379 212.7 4
147.727 214.093 10
178.784 214.316 13
393.069 217.571 22
475.852 211.899 48
135.303 214.749 8
168.321 216.399 3
372.228 216.189 1
34.2194 216.864 4
96.6974 216.378 25
116.704 216.36 15
70.4572 217.966 27
83.6073 217.176 8
40.0706 218.508 9
5.11156 220.754 1
293.778 222.03 4
281.327 221.46 4
77.0369 222.841 1
199.346 223.701 6
289.13 224.387 17
251.813 225.35 6
352.381 228.89 2
194.018 230.022 5
57.1717 231.377 25
200.365 230.494 6
386.075 232.652 5
96.9567 232.665 18
121.386 231.714 6
261.507 233.734 12
291.94 238.193 22
257.068 239.658 7
381.279 240.447 7
414.53 238.675 5
197.754 243.433 5
615.66 242.502 1
311.227 245.353 33
343.92 245.568 9
195.703 246.359 22
333.773 248.003 2
323.348 249.512 26
326.236 250.658 1
234.455 253.421 11
341.147 253.816 8
372.567 254.989 4
150.874 256.937 4
136.742 257.931 20
218.513 259.572 19
199.097 265.039 12
209.106 262.297 34
138.977 270.362 35
253.203 266.416 5
341.365 265.28 20
368.657 268.367 18
321.587 269.223 13
238.045 272.138 7
575.9 272.885 3
139.981 274 4
203.92 276.384 9
309.304 279.001 21
382.054 282.952 1
193.636 285.614 22
213.075 282.536 25
384.679 286.91 2
387.42 293.01 2
389.319 300.125 6
82.0404 300.704 6
316.354 297.552 21
187.476 304.836 6
279.079 304.341 48
28.3088 308.488 2
34.6747 307.297 9
391.993 306.863 18
48.179 307.054 7
293.249 308.663 8
52.515 308.466 7
224.507 310.013 6
184.819 312.5 7
263.393 310.728 5
88.0577 309.333 9
214.288 315.026 3
340.674 312.757 18
250.11 316.097 21
409.125 316.996 23
35.7767 317.705 1
350.461 314.744 21
234.902 323.389 19
385.908 322.285 20
349.068 325.879 3
420.546 323.837 18
180.407 326.2 17
228.036 327.517 7
334.138 326.806 13
248.352 329.642 4
257.666 326.23 30
317.694 330.202 4
371.091 329.875 5
204.596 331.288 7
284.079 333.213 9
417.326 333.952 9
40.508 336.371 2
199.135 335.857 30
482.966 337.296 5
72.9054 337.904 3
172.29 339.247 11
157.808 340.476 5
79.2514 341.443 6
67.1534 343.865 20
63.819 347.262 1
391.335 345.984 37
78.705 347.812 14
357.439 353.113 8
272.484 353.812 17
61.2278 356.146 1
370.986 353.312 47
238.917 356.652 8
46.3228 355.816 27
79.4931 357.531 8
590.43 357.942 9
572.895 360.34 11
558.884 361.307 19
548.847 363.128 14
152.801 367.058 27
517.719 370.588 14
426.248 372.2 1
89.6173 372.803 5
51.3204 372.308 10
489.408 377.353 15
566.323 376.543 14
526.162 378.02 1
533.327 379.53 9
543.858 378.152 6
551.357 378.095 4
372.831 378.518 1
483.959 378.786 10
75.7689 379.926 26
393.523 381.217 11
450.076 379.895 20
152.74 380.913 32
438.511 380.448 24
70.3331 385.37 5
140.942 385.801 1
395.842 385.669 2
355.798 387.225 6
26.0023 388.342 8
56.387 391.273 19
36.0198 394.641 2
141.358 397.745 16
94.5486 397.208 13
394.762 398.428 16
17.2044 399.929 2
28.1954 401.467 1
404.876 409.092 1
393.674 409.609 25
128.93 415.393 9
60.8254 421.953 2
283.617 424.055 29
550.444 426.689 7
30.6485 428.319 6
145.83 430.308 13
88.4109 430.456 7
553.723 430.976 4
150.617 438.936 13
549.51 437.87 8
536.539 444.783 16
517.572 446.904 9
501.267 450.841 22
18.7933 447.775 2
100.659 447.058 24
10.1628 449.448 1
549.371 448.99 3
79.9419 450.364 1
428.855 448.556 15
102.979 451.921 2
505.086 451.499 2
294.996 449.499 22
422.295 453.261 5
533.599 455.104 3
547.109 454.501 1
153.794 457.321 3
530.078 458.92 6
243.026 460.472 10
206.129 459.808 19
543.756 460.758 3
528.472 464.356 4
42.2017 466.204 2
35.2012 466.971 2
154.123 468.712 33
195.214 469.493 7
538.043 470.778 1
524.174 470.722 7
399.025 471.983 26
128.099 474.05 2
159.962 476.475 23
370.275 477.614 4
533.632 478.484 1
357.92 478.988 11
336.71 480.607 4
344.716 479.699 4
100.29 483.025 2
327.36 481.761 4
165.625 484.351 5
289.291 483.06 10
529.521 483.877 6
269.567 485.249 8
193.81 484.098 33
513.264 485.64 13
234.805 486.31 6
77.5594 490.981 1
73.1324 492.508 2
507.952 492.682 6
65.0557 495.121 2
522.066 495.326 1
48.6243 499.531 5
43.0031 502.109 2
499.216 504.329 13
35.6514 504.152 5
25.009 508.594 3
493.055 513.505 1
509.641 513.847 1
6.60876 515.031 1
488.268 519.031 8
505.806 518.883 1
484.882 523.586 1
502.336 523.666 1
471.819 539.332 3
488.26 542.505 2
467.042 545.507 2
418.603 547.81 5
461.847 551.234 4
408.515 555.194 7
458.181 556.907 1
473.665 562.037 5
452.71 562.824 4
398.808 563.888 5
416.985 567.821 1
395.302 569.236 2
448.728 568.833 2
412.583 572.253 2
443.324 574.48 3
408.288 577.045 1
457.011 584.971 1
434.428 586.261 2
377.56 586.897 1
396.155 590.599 1
372.118 592.536 1
428.937 593.709 1
450.792 593.886 1
413.425 11.7865 2
307.66 13.3448 1
273.254 76.86 24
284.906 76.4226 1
531.772 83.7542 22
476.718 85.5528 23
454.557 83.953 3
495.124 83.6659 1
396.887 90.9751 6
289.507 96.4919 16
246.868 103.693 12
478.332 112.562 9
486.632 114.134 14
285.434 116.3 26
580.599 116.547 7
449.23 118.152 4
242.649 122.114 10
39.754 121.743 7
559.538 124.295 2
447.409 126.083 26
551.275 129.893 7
344.924 127.915 3
139.065 128.277 9
430.016 126.813 5
420.244 128.85 2
18.7913 130.374 1
278.806 131.202 25
291.925 131.323 17
457.718 132.333 25
469.292 132.018 9
607.062 131.956 1
398.378 136.267 9
71.0377 137.951 16
419.556 137.991 6
614.351 137.808 1
237.829 139.183 8
290.956 139.363 26
430.531 139.123 23
568.438 140.523 19
581.831 139.963 7
46.7276 144.251 10
411.067 142.158 18
505.239 141.143 10
31.1092 140.528 2
379.057 149.217 28
550.342 141.053 13
556.756 140.728 2
75.5343 142.168 1
360.177 142.171 6
499.576 141.692 2
515.014 143.923 20
471.643 143.503 9
531.171 144.741 28
543.396 146.117 9
601.406 142.786 2
26.8848 145.542 4
68.2939 144.932 8
193.393 145.792 10
89.19 147.86 8
283.579 146.045 10
34.6216 147.66 14
406.05 149.633 5
323.139 152.649 21
346.316 152.347 25
493.029 151.528 15
390.556 151.655 6
458.287 151.321 5
53.0342 154.604 16
115.609 152.174 2
284.078 152.485 1
482.907 152.081 10
526.248 152.617 3
92.6419 154.231 16
105.149 154.435 7
234.1 152.791 14
358.044 153.02 4
559.366 152.26 2
541.812 154.734 7
78.3896 157.159 12
304.317 157.601 20
68.0928 159.898 11
167.534 160.468 14
271.357 156.503 2
467.964 159.509 10
15.3028 157.489 1
197.276 159.335 21
284.44 156.782 19
420.847 157.804 1
35.4025 161.992 6
148.112 162.215 32
210.773 162.689 10
403.453 161.968 25
432.227 161.121 14
135.619 161.996 13
363.876 160.777 8
61.8483 161.716 4
121.18 163.549 8
415.102 162.418 4
455.124 164.814 22
481.11 163.296 19
219.758 168.544 18
439.536 165.383 13
230.733 168.065 8
338.075 175.817 23
225.814 179.884 8
482.899 184.649 14
10.7748 186.201 1
414.442 187.682 23
377.362 191.944 13
209.279 194.638 48
220.329 191.894 1
368.445 191.961 16
483.492 193.089 18
263.877 194.269 18
469.815 192.867 37
423.907 201.617 5
161.417 202.837 14
259.779 207.216 18
301.689 205.69 13
477.014 203.732 46
289.948 205.319 22
492.888 205.239 28
576.578 208.14 10
512.643 209.036 7
269.569 210.042 20
456.256 210.476 15
524.505 208.572 1
596.709 210.289 2
429.432 213.409 18
443.55 211.905 11
484.105 215.314 10
325.32 215.48 31
470.971 213.919 1
395.961 215.061 4
271.778 217.239 2
482.992 218.196 3
439.653 218.169 6
194.283 218.725 2
473.819 219.358 1
140.677 221.115 7
153.466 222.858 41
174.053 223.868 18
182.249 221.88 20
312.978 221.255 6
450.794 222.346 12
107.866 226.44 29
121.653 223.794 17
34.3618 224.258 15
96.1016 224.754 11
443.252 224.534 3
464.542 226.219 22
54.9083 224.903 9
72.1858 224.698 11
81.0104 227.091 43
10.64 224.811 1
189.14 225.152 1
330.201 225.913 4
296.08 226.292 8
478.201 228.195 5
257.175 227.497 5
115.159 227.43 3
35.0881 230.899 4
136.216 233.206 15
144.736 231.361 8
177.61 231.438 9
302.2 234.262 26
89.8554 234.879 15
187.454 233.918 3
153.396 234.659 16
83.9674 235.674 11
414.292 236.548 11
71.6173 236.243 16
112.981 236.42 5
125.054 238.106 20
5.62138 236.543 1
52.3567 237.991 9
153.76 241.512 18
265.035 242.052 9
301.382 241.913 14
604.212 244.318 1
70.1415 246.198 1
85.5629 246.531 3
182.158 249.009 12
219.232 249.564 7
302.264 250.667 27
381.237 251.652 14
170.348 249.125 21
419.898 248.426 4
610.744 249.447 1
18.1077 251.469 1
396.691 252.121 3
8.63919 253.04 1
121.672 254.874 8
242.839 254.017 7
314.32 254.01 18
197.319 255.087 12
68.6768 256.669 27
144.206 256.539 2
174.314 256.457 3
349.02 256.708 8
154.864 266.939 6
215.508 268.413 20
582.958 267.66 5
204.26 271.199 7
92.5177 272.749 1
322.763 275.831 19
373.089 276.091 17
145.503 275.026 10
250.909 278.05 20
315.763 276.679 14
87.0434 278.731 5
152.871 277.536 1
236.321 279.8 12
387.695 281.404 37
202.007 287.242 28
152.466 286.544 4
218.463 287.664 15
236.893 291.165 4
249.045 290.977 1
256.41 287.711 3
365.939 297.226 24
373.961 291.887 4
63.1184 292.386 6
272.77 293.483 5
280.208 294.782 13
304.197 295.149 3
380.957 299.089 14
4.85325 299.223 2
49.4921 298.758 2
285.377 299.699 8
345.922 300.055 5
169.899 302.027 2
229.642 304.319 3
86.7116 306.797 22
156.947 306.13 6
246.191 309.027 13
344.046 310.587 1
406.934 309.232 3
413.489 310.686 3
218.69 311.993 18
271.673 312.817 7
288.025 314.304 32
385.797 312.74 9
475.483 312.339 4
46.0594 315.871 16
431.094 314.091 2
65.8186 316.072 24
194.074 316.178 37
162.194 318.315 1
53.5918 320.072 2
300.463 320.62 9
39.9629 325.866 11
224.422 318.791 20
249.538 322.145 4
342.534 325.352 38
396.28 325.256 14
64.6414 326.397 14
206.788 322.428 4
429.574 325.745 1
52.5358 328.565 2
237.577 329.968 15
177.411 332.407 10
410.861 335.676 10
363.617 334.846 10
381.986 333.992 16
420.292 334.222 36
257.892 335.143 15
354.978 336.821 21
505.762 335.74 8
391.424 337.068 33
372.502 339.143 10
488.108 339.511 5
56.8583 340.413 5
261.173 341.191 3
274.435 341.947 2
424.584 342.101 11
365.982 344.092 5
163.971 349.15 26
152.833 347.924 27
378.742 346.302 12
412.712 346.263 11
491.922 347.122 4
427.44 348.479 1
69.7578 349.771 5
92.7716 351.449 20
247.234 354.997 29
72.5208 356.933 7
279.952 355.487 6
366.117 353.321 5
89.5827 361.502 39
149.132 357.251 6
338.997 359.73 8
383.815 358.24 36
614.018 359.724 1
61.9798 360.933 20
252.425 360.859 6
228.791 363.659 6
215.914 365.144 6
538.951 365.327 28
66.823 366.428 7
148.417 366.592 28
192.373 366.88 4
562.751 366.49 1
387.803 369.344 43
546.203 369.981 3
57.5462 371.191 8
174.615 369.562 6
528.439 368.997 5
430.256 374.474 9
365.599 375.951 40
371.363 373.862 3
400.383 378.667 24
392.038 374.012 4
91.3387 380.276 14
147.034 377.958 5
575.479 378.967 12
381.239 379.36 17
421.747 380.351 2
432.593 382.141 22
370.412 383.575 8
492.892 386.33 16
498.587 383.673 2
472.778 385.947 8
79.6996 386.396 10
158.116 385.643 22
451.459 389.748 7
408.438 388.237 23
46.3935 389.64 3
63.3892 392.721 17
369.036 392.828 44
388.383 392.378 1
93.8485 395.424 7
436.18 395.351 27
26.4935 395.191 6
155.744 395.228 18
163.554 396.984 8
102.76 399.85 21
51.1743 401.981 3
21.2873 403.136 3
157.717 405.133 33
167.986 402.574 28
288.219 409.439 34
29.0987 406.619 5
227.012 409.994 13
43.7731 411.644 7
106.599 410.174 10
354.697 411.087 3
412.985 411.128 7
519.157 411.403 6
255.879 413.837 45
245.654 414.434 10
21.5795 414.67 1
537.365 416.642 3
99.3138 418.036 3
76.5693 419.627 18
267.974 418.617 11
141.703 422.096 20
112.526 424.935 25
221.065 424.178 2
95.5719 425.591 4
559.616 427.749 5
408.511 427.387 10
35.495 430.75 7
75.4173 432.463 2
264.85 433.406 12
282.587 433.727 3
251.306 433.423 8
5.74874 436.317 2
17.2055 436.105 1
93.2617 438.451 5
237.174 440.458 4
103.414 438.5 1
556.648 444.87 19
76.2126 444.727 16
49.6493 445.566 1
65.9915 449.055 5
378.775 445.744 1
512.825 450.437 15
111.284 447.066 19
312.642 451.057 49
475.993 448.38 5
453.032 449.815 9
23.2255 451.246 2
522.957 450.898 6
114.401 453.334 13
125.593 451.99 1
15.7464 452.866 1
300.925 454.629 5
510.225 455.677 9
73.6518 458.234 11
268.525 456.814 28
251.062 457.569 15
97.5564 458.217 3
425.476 461.646 4
551.575 457.658 6
540.497 460.7 4
510.374 461.489 6
160.066 462.518 15
215.526 465.535 39
224.732 463.917 12
201.949 469.349 27
230.58 471.437 10
531.77 470.956 6
144.46 471.88 8
542.414 473.034 4
527.787 473.948 3
169.332 477.053 14
393.329 482.034 5
444.122 481.616 7
415.758 482.64 11
430.59 482.773 22
383.174 482.066 4
420.68 483.138 5
158.264 487.873 4
371.177 485.171 9
349.039 488.642 17
360.853 486.64 6
319.004 488.342 5
113.08 489.504 3
282.7 492.977 19
256.81 494.272 9
192.81 493.227 1
204.763 494.627 5
211.312 493.592 5
225.302 492.754 1
233.866 495.301 7
526.546 499.407 15
61.2576 500.31 1
33.6766 516.163 7
11.2547 517.24 1
494.639 519.322 3
503.541 530.854 15
469.37 550.49 4
424.541 553.634 22
416.447 554.761 6
432.269 559.755 8
423.717 567.18 4
475.533 568.262 6
448.753 575.463 2
416.095 576.198 7
391.668 578.849 2
465.296 581.288 2
403.096 589.367 1
459.398 588.941 1
79.5795 591.367 1
301.144 15.139 1
290.474 17.0635 1
571.524 77.1237 8
455.562 112.026 22
31.8762 121.989 5
380.555 152.17 24
178.637 159.183 21
273.141 165.188 22
540.459 208.628 32
287.391 235.146 12
336.631 253.369 9
300.819 279.111 12
78.7457 333.386 25
78.3188 357.419 5
415.585 404.588 20
14.8472 427.223 1
31.7305 446.806 11
468.027 121.619 20
12.097 130.957 1
511.172 135.007 2
523.081 135.297 23
599.193 136.531 1
324.733 143.449 1
345.091 143.085 1
390.226 145.314 1
100.833 147.544 3
75.675 149.191 17
296.804 147.147 39
554.143 149.652 12
210.49 153.877 1
277.399 152.121 16
29.851 155.341 7
467.515 174.237 2
359.948 175.627 1
425.796 180.245 8
362.088 187.888 1
476.43 189.999 10
201.994 195.895 8
271.77 201.768 2
154.651 212.534 28
185.175 211.768 8
55.9891 217.818 16
99.6876 216.635 3
250.546 219.059 7
306.684 217.901 11
395.574 219.859 1
294.339 240.489 2
249.721 243.182 11
244.664 273.253 27
214.381 282.005 1
367.739 282.529 21
191.928 291.873 5
50.3202 307.749 1
77.6983 312.185 15
339.179 313.15 1
185.545 327.785 13
334.316 326.413 1
497.594 330.024 6
165.484 337.653 10
142.628 355.945 13
373.416 359.073 18
612.223 355.317 1
374.534 366.485 22
518.021 373.109 2
586.255 372.844 3
496.424 377.084 4
479.65 378.647 5
351.546 386.575 2
41.0398 392.803 13
196.013 394.541 4
360.212 393.873 33
429.305 401.79 1
34.3776 408.866 2
98.6141 406.283 11
118.5 416.182 8
424.212 418.529 14
541.871 424.756 9
262.024 424.922 69
302.942 445.306 6
322.834 446.214 15
537.093 448.003 1
214.977 456.557 14
62.6491 459.36 21
243.205 463.09 1
424.384 546.779 6
398.026 566.26 2
384.362 580.293 1
415.695 15.4112 1
304.18 38.8372 1
275.93 78.4627 8
257.07 77.5269 15
476.563 87.0697 5
428.967 87.5237 18
401.161 91.661 13
291.814 99.3891 5
250.173 105.942 2
498.718 107.528 6
459.822 114.156 5
287.127 117.498 1
37.0582 124.622 1
141.102 130.438 2
125.179 131.758 2
284.718 131.782 7
325.369 129.669 15
459.83 135.845 3
25.4924 139.793 1
401.63 139.635 1
430.295 141.961 1
585.564 142.961 2
239.676 145.832 9
413.63 143.152 1
569.046 143.63 1
532.982 145.667 1
493.912 152.72 2
331.05 154.684 14
348.327 154.154 4
482.389 156.315 5
99.0528 158.864 4
111.715 159.649 28
288.009 159.434 4
307.917 159.764 5
18.9667 159.724 1
175.911 162.203 7
147.043 163.387 3
197.955 164.519 10
40.501 163.027 1
401.835 167.067 11
214.289 165.44 3
274.471 166.6 3
435.559 168.416 10
458.025 167.701 3
339.345 180.304 3
231.597 180.28 3
467.483 181.661 20
385.405 192.051 17
266.497 193.922 2
488.658 194.854 8
211.28 197.458 10
390.154 202.77 3
292.511 209.262 4
263.135 213.73 34
224.144 212.702 3
456.901 213.123 1
349.805 218.743 5
425.244 216.695 4
487.478 216.574 1
388.221 221.852 9
130.882 224.474 34
180.31 224.394 5
36.7489 225.79 1
106.717 229.975 20
53.8355 228.302 3
81.5819 228.63 4
452.836 228.884 11
462.5 229.498 5
140.294 235.637 1
272.705 237.133 11
305.57 235.413 10
72.1129 239.012 2
125.246 241.08 3
55.1377 242.335 2
156.355 248.267 4
99.297 252.515 6
334.985 259.45 14
72.0724 255.503 7
379.519 264.332 46
322.404 280.539 4
391.66 285.911 5
225.343 285.997 8
201.134 292.217 15
155.284 291.85 6
66.8531 296.997 1
350.373 295.202 4
293.01 299.738 12
366.159 302.889 7
195.406 312.216 2
248.25 311.646 3
221.004 314.956 4
286.067 316.814 2
384.245 318.238 1
360.638 321.034 16
263.396 321.511 8
408.918 326.324 59
37.244 326.826 1
345.315 328.346 16
234.99 334.513 3
81.9742 335.262 5
94.1125 347.844 2
158.57 351.732 13
250.645 355.766 8
385.691 358.909 2
66.414 359.724 11
102.97 360.839 4
336.447 364.225 1
262.824 362.981 6
295.05 364.018 4
542.043 363.572 2
600.379 364.895 1
89.5305 366.124 15
152.952 363.648 5
32.4569 367.993 1
217.632 369.036 2
577.906 368.112 1
70.8158 371.117 1
416.648 375.758 27
432.908 377.767 1
580.076 380.691 1
87.4182 383.972 8
162.919 383.716 13
551.264 383.409 9
494.779 387.611 5
441.917 394.124 4
65.1176 398.513 11
375.891 394.221 12
92.1637 402.264 9
106.127 400.216 3
415.813 404.358 2
74.066 406.38 8
156.912 411.19 14
295.027 409.153 3
391.905 410.073 1
109.806 414.228 19
238.063 412.262 20
46.2894 413.813 1
132.078 421.379 5
249.855 426.033 3
18.2617 425.544 1
116.299 426.278 2
151.949 427.139 12
37.8577 436.111 3
436.812 439.13 16
559.554 447.321 4
46.5796 448.938 6
309.672 452.447 9
455.832 454.621 8
160.973 453.86 5
259.576 458.983 9
96.8091 465.03 2
422.173 463.54 1
313.796 465.004 2
208.573 471.672 10
266.869 469.453 1
54.805 473.725 4
175.112 484.216 21
428.501 484.56 2
218.355 484.979 2
136.268 488.188 10
352.348 490.36 1
116.218 493.529 2
279.416 494.805 5
301.67 490.852 3
34.914 521.403 1
419.313 557.926 3
483.862 562.825 2
420.173 577.047 1
394.201 583.205 1
466.916 586.274 1
292.661 20.2041 1
280.309 81.389 5
530.731 107.859 5
512.8 150.928 9
436.883 170.403 1
334.367 381.552 3
190.475 387.595 1
268.293 386.829 2
218.146 385.738 3
156.953 415.621 1
264.665 441.208 4
51.7925 452.47 1
491.557 452.259 19
246.397 84.5643 3
277.408 117.372 6
569.849 113.387 1
586.089 131.08 5
601.334 132.071 1
389.268 136.965 7
517.836 134.69 2
354.086 139.853 5
494.464 140.906 1
225.266 150.687 3
136.766 151.708 5
444.235 157.289 2
461.025 154.879 5
278.322 199.648 1
197.736 213.745 4
104.394 215.15 5
188.057 295.911 2
384.475 304.433 9
350.725 312.268 1
72.265 314.355 8
193.102 333.371 10
293.601 352.177 2
41.957 355.262 1
139.16 361.834 1
553.293 367.558 2
355.117 399.94 4
261.622 428.005 2
280.868 427.138 3
424.863 435.284 1
426.27 443.503 8
99.0889 450.698 1
239.11 458.767 1
394.269 473.438 6
157.615 477.836 1
182.385 485.721 5
481.102 525.775 1
298.136 23.5656 2
421.314 48.6807 1
532.511 87.8904 1
578.649 87.3398 1
434.665 92.9156 1
480.851 91.2571 2
409.554 94.5052 1
510.726 112.798 2
540.713 111.919 1
294.607 136.237 2
251.337 141.116 1
433.262 143.512 1
580.481 152.806 1
44.2449 157.901 2
511.65 157.046 1
327.141 161.577 5
489.773 164.952 1
113.023 167.954 1
154.421 169.742 1
191.362 168.461 2
342.969 191.894 7
467.373 194.184 3
214.894 205.487 6
297.508 215.966 3
87.5126 231.395 1
464.87 234.117 2
316.487 235.341 6
279.15 245.87 6
127.13 253.523 6
217.032 251.296 1
77.0852 259.214 3
247.602 265.11 4
388.865 261.114 3
279.327 276.709 2
332.161 288.688 9
230.418 295.542 1
205.782 306.892 4
238.12 319.464 5
368.901 315.6 12
413.474 318.535 3
275.996 327.873 3
92.8605 334.236 11
25.9259 343.489 1
223.336 349.115 7
365.035 348.432 3
163.8 357.055 3
259.422 357.807 2
395.343 368.604 1
36.8823 375.803 1
334.273 375.861 7
589.349 382.997 1
107.542 389.254 1
66.9172 404.413 3
449.129 402.975 3
375.537 412.266 4
305.428 420.357 3
214.811 423.847 6
22.8953 429.384 1
168.63 429.39 3
125.635 433.456 3
445.444 430.942 1
279.055 443.935 2
570.447 450.191 1
52.6618 456.871 2
473.168 457.157 2
213.789 472.891 2
58.3423 482.958 1
199.987 508.391 1
422.103 52.7544 1
273.367 88.7622 1
376.035 169.848 8
195.574 171.29 3
289.087 184.586 2
172.155 432.634 2
388.378 139.717 1
488.149 134.702 4
226.27 148.163 1
145.747 150.466 1
377.19 247.364 3
181.622 329.543 2
371.766 362.735 2
132.049 370.475 1
572.076 366.063 1
349.211 403.266 4
203.311 411.939 1
274.934 423.295 14
423.225 456.56 2
298.185 483.216 2
257.884 484.918 1
453.821 551.156 1
358.11 69.4373 1
274.457 96.8327 1
481.729 115.335 3
401.784 173.747 4
515.92 175.93 1
115.545 186.717 2
188.699 185.484 1
300.806 185.53 1
351.106 220.064 1
229.268 237.919 2
411.585 270.545 1
325.53 313.752 3
176.352 367.537 1
268.74 379.44 1
534.742 409.131 1
466.326 418.764 1
339.165 432.167 1
40.5299 447.485 1
196.17 447.948 2
77.8474 505.145 1
515.504 509.594 2
204.209 452.081 1
129.258 497.052 1
165.838 145.26 1
155.451 327.39 4
450.804 304.973 1
234.923 358.92 2
523.185 438.931 1
365.651 449.701 1
326.566 361.777 1
442.696 117.407 20
569.202 131.889 1
370.272 136.194 8
43.2943 137.669 6
333.885 142.953 2
523.097 146.159 6
292.373 146.92 2
122.777 151.05 13
219.688 151.316 17
263.225 169.523 1
438.386 178.328 3
255.194 190.615 4
500.389 203.271 6
481.362 205.135 1
315.08 213.136 6
362.969 219.552 2
108.604 232.081 2
91.8508 300.449 4
380.506 304.738 16
79.2346 309.623 1
300.875 314.295 24
380.316 323.579 1
311.832 328.507 9
165.244 338.417 1
84.3222 340.611 5
418.111 375.904 2
426.393 416.414 3
275.577 425.524 5
53.9105 435.09 8
428.878 439.936 1
317.821 444.951 5
253.49 450.249 3
318.809 481.554 1
279.21 483.788 1
498.144 528.465 2
255.608 76.3959 1
437.037 124.557 4
38.3034 138.537 3
86.4736 140.055 7
371.16 143.045 4
446.71 147.964 7
161.657 160.774 4
218.935 197.111 13
310.19 210.502 5
490.827 213.155 2
475.62 222.512 1
262.648 222.994 3
450.103 225.804 5
159.522 226.93 4
269.09 234.262 9
60.5036 238.774 1
108.902 239.401 1
112.347 252.056 1
398.468 305.605 13
194.487 306.129 7
90.6432 319.63 7
53.1912 323.057 1
256.324 322.898 5
271.822 352.065 4
97.1137 357.28 8
322.272 357.305 7
330.351 359.206 3
288.662 360.673 3
298.267 360.249 4
308.655 360.355 4
349.466 359.807 4
548.217 360.018 1
361.652 362.613 9
411.394 366.218 8
266.916 371.453 2
160.805 372.586 9
174.683 379.936 1
375.561 390.919 3
73.1736 405 1
237.396 409.405 2
279.336 413.497 22
292.319 421.794 32
393.982 423.528 5
434.117 440.809 10
85.2976 444.412 7
57.7734 446.371 16
157.271 450.499 1
444.308 450.381 3
90.8074 459.514 3
409.319 465.564 3
64.6415 469.605 2
454.41 479.926 4
534.335 488.665 8
70.4037 497.591 3
489.279 549.048 4
481.141 559.954 4
493.93 106.962 7
279.927 346.468 23
289.897 370.22 2
224.887 379.093 3
206.238 379.29 3
183.971 381.299 2
540.401 421.982 1
28.2312 425.363 1
286.23 84.7277 1
361.986 120.874 3
277.229 120.262 1
398.391 179.915 2
267.681 197.176 1
393.098 223.212 2
98.9013 241.734 10
70.844 318.494 3
249.95 342.606 5
237.943 350.862 9
284.634 351.236 6
139.206 379.115 7
430.187 384.268 4
133.065 413.207 1
321.572 443.464 1
228.321 463.653 4
48.7414 461.446 3
509.907 490.033 1
259.794 81.8965 3
571.658 82.9278 2
385.095 128.653 6
448.029 131.22 8
568.888 147.124 2
533.922 152.007 5
548.24 150.585 4
216.372 173.345 5
338.597 181.738 1
229.714 186.225 2
471.241 186.677 1
293.022 210.345 1
221.105 216.243 2
486.091 221.423 1
386.962 223.254 1
475.435 231.813 2
396.98 239.336 5
140.049 239.973 5
122.406 243.062 4
54.8687 246.16 1
187.124 247.919 6
243.566 264.697 5
259.143 276.889 6
320.504 284.678 3
224.391 291.924 7
96.6766 293.409 6
201.632 294.278 1
243.308 316.37 8
224.516 316.842 1
403.383 314.426 5
48.0072 319.599 1
287.412 322.157 5
92.319 324.062 5
85.0541 331.108 1
235.404 337.195 3
69.6704 377.39 3
440.816 398.565 3
374.512 402.251 9
76.4482 409.375 3
53.7645 410.249 3
293.61 414.053 2
136.297 425.072 6
115.16 430.677 5
529.459 452.108 4
126.39 457.109 4
96.0657 468.009 1
313.674 469.978 3
151.948 475.232 7
265.863 475.843 3
144.074 507.686 3
351.014 161.052 5
405.596 171.303 10
428.812 170.523 12
456.312 231.481 6
210.381 257.411 4
337.206 261.276 2
89.2042 333.536 2
338.257 376.431 1
157.28 419.516 5
94.6094 444.999 16
488.943 453.651 1
392.127 138.061 1
115.784 207.126 1
195.067 208.27 4
70.9 213.156 1
315.007 270.716 1
186.054 333.18 2
136.535 370.472 1
136.731 397.716 3
182.117 408.957 2
117.823 410.431 1
261.519 421.033 2
92.2248 413.751 5
318.715 171.852 1
493.882 170.27 1
114.858 175.444 1
153.64 174.349 3
193.619 175.584 1
342.622 197.289 4
215.838 216.796 2
464.529 238.658 4
279.503 249.49 4
362.915 256.851 2
125.936 265.204 1
390.652 267.274 3
283.912 281.391 2
333.016 296.014 4
208.248 309.062 4
102.057 338.847 1
159.382 357.906 8
259.44 363.607 1
396.45 376.097 3
113.273 393.203 1
448.419 411.739 2
214.168 431.58 5
305.956 425.56 3
124.224 436.235 4
170.057 435.186 1
471.018 460.411 1
315.086 181.931 3
285.764 183.954 2
217.35 238.994 11
173.926 438.894 1
182.709 318.811 2
228.585 244.85 1
409.785 290.529 1
452.007 129.429 3
428.993 115.43 2
484.7 199.897 6
367.027 120.518 5
438.774 207.807 11
425.879 207.126 8
329.683 122.394 3
415.587 208.125 4
491.678 331.702 4
494.907 337.418 2
390.64 287.086 1
461.675 379.984 2
513.716 454.837 1
204.493 149.283 6
394.14 339.488 1
338.553 309.611 2
215.531 192.06 3
343.636 330.813 2
158.642 149.275 5
408.831 421.78 3
362.982 385.296 5
215.24 239.126 2
261.531 305.266 2
172.446 228.223 5
280.745 351.111 1
223.767 302.303 3
209.029 296.04 6
52.5188 140.754 4
56.9545 144.233 4
252.348 346.03 1
463.437 575.798 1
196.717 323.651 17
275.207 451.401 2
248.191 427.526 18
51.8937 232.899 3
88.0025 270.642 2
151.232 415.102 5
202.704 479.723 9
107.735 417.663 6
173.5 485.265 18
110.098 436.551 14
41.4721 394.946 2
87.5278 453.426 11
70.8486 441.083 13
88.569 486.446 1
556.141 154.924 1
421.265 119.672 18
473.324 180.324 10
499.949 209.384 6
455.11 239.514 5
397.197 188.788 7
257.156 73.5045 2
335.771 150.79 4
248.642 75.2218 2
348.468 177.549 9
537.097 383.93 3
357.134 208.678 6
501.354 362.878 5
482.842 346.586 1
289.214 155.437 2
422.485 305.366 2
379.105 273.831 3
398.608 330.065 6
404.631 333.805 4
253.967 195.122 6
495.32 447.797 1
437.054 390.392 3
272.49 228.618 1
359.767 315.699 16
385.547 355.004 4
315.999 294.905 3
520.658 505.876 3
158.245 158.741 1
124.503 128.302 1
274.766 303.06 20
314.96 349.844 2
420.097 458.52 2
291.642 334.501 3
318.106 369.314 1
167.512 231.957 4
304.648 378.927 4
192.481 268.626 15
225.685 333.666 8
281.802 411.971 3
188.617 322.887 3
141.325 287.911 17
149.691 299.914 6
303.606 461.106 3
331.979 487.293 7
150.568 312.744 16
199.8 365.788 2
287.405 457.646 1
75.2916 247.88 5
44.7817 229.859 4
158.896 356.842 1
226.736 428.747 12
65.4597 357.662 1
47.3732 364.765 5
75.7466 400.913 4
97.9335 436.132 9
88.7432 440.754 8
73.9769 455.935 1
54.7391 470.124 3
45.6436 511.579 1
568.375 106.662 1
392.947 401.194 2
113.251 156.271 2
190.832 380.655 6
72.8345 347.106 6
44.5363 445.67 2
455.466 156.628 3
486.787 197.413 1
379.959 119.888 2
371.138 188.898 3
542.18 368.755 6
513.54 374.947 2
242.302 128.574 8
364.243 270.13 3
301.438 222.428 1
411.404 327.684 2
305.804 241.879 7
307.765 268.579 13
335.035 307.663 4
356.225 327.411 22
434.025 413.931 4
378.467 382.528 2
225.599 257.882 11
151.432 213.921 2
129.614 216.383 4
263.534 345.627 4
207.395 301.258 5
194.329 316.337 2
81.3125 243.468 3
179.795 395.007 4
149.688 369.962 1
239.112 463.463 4
101.181 357.658 2
109.489 416.307 1
566.068 109.26 3
504.916 104.362 7
544.859 148.151 2
481.662 157.651 1
456.677 136.305 1
454.527 168.014 2
476.379 208.711 1
409.319 145.854 1
369.947 130.411 10
454.564 215.788 2
402.976 166.107 1
349.998 132.162 1
409.541 188.908 3
424.081 217.069 2
384.403 203.799 4
356.082 188.596 1
396.932 233.184 1
546.846 385.539 3
345.808 217.83 1
283.87 160.959 2
535.772 429.075 1
227.468 133.789 3
531.344 449.127 2
374.327 318.836 2
306.521 257.175 2
212.508 167.675 3
356.573 339.973 2
277.979 268.89 12
421.246 424.304 4
414.502 466.697 1
66.2297 124.049 3
191.431 246.964 2
217.951 272.181 4
261.795 352.525 17
231.06 333.322 4
257.815 366.543 3
133.798 270.481 3
266.618 410.937 1
141.128 295.534 10
95.2167 253.974 5
306.497 468.067 3
329.26 493.326 1
70.4702 242.148 2
259.672 440.058 7
51.3187 244.342 1
220.578 414.92 12
260.426 473.129 2
81.1048 323.724 3
136.964 381.886 1
154.629 412.331 1
212.015 468.067 4
61.243 329.84 2
147.324 442.132 2
86.5171 385.829 4
68.1792 373.642 1
88.8982 403.67 4
180.898 499.986 2
123.063 455.239 6
130.659 506.797 1
86.2338 468.869 1
115.413 509.755 2
301.574 380.574 1
87.8457 406.848 3
489.206 142.675 2
465.631 125.373 2
350.362 142.272 2
442.532 438.895 3
191.206 211.129 5
316.534 403.502 1
389.041 475.387 4
179.572 337.412 1
91.1317 336.342 1
181.264 487.259 1
500.37 164.155 1
436.436 146.677 2
463.832 198.84 4
386.084 200.96 1
408.274 233.41 2
317.869 168.041 1
371.285 238.054 7
286.728 174.718 1
330.393 292.462 4
273.992 250.157 1
467.637 460.236 1
213.08 210.562 5
269.194 281.551 2
243.025 267.027 1
416.22 440.511 4
144.646 175.045 1
279.047 331.912 3
181.376 259.359 2
223.726 299.706 1
186.794 282.514 4
256.976 361.088 2
123.126 260.235 3
201.783 385.484 2
241.348 449.193 2
212.111 430.727 1
175.957 433.104 1
148.779 479.478 2
314.155 173.688 3
223.549 251.996 2
341.969 228.465 2
315.444 326.721 1
215.192 328.867 4
546.336 467.386 2
533.458 488.479 2
409.175 453.67 11
403.092 568.519 2
402.189 350.147 4
394.665 295.145 7
381.366 367.422 3
377.392 265.298 6
374.138 196.765 3
369.844 369.279 2
367.77 360.101 5
354.185 324.009 3
328.887 206.706 19
290.979 423.723 1
268.841 176.87 4
259.33 217.511 5
250.018 486.344 3
240.241 132.698 2
215.629 303.993 9
209.711 459.067 1
128.171 216.869 1
116.971 477.602 2
110.428 436.058 2
78.6209 230.813 1
74.8557 410.134 2
589.023 140.338 3
579.098 364.278 3
549.327 369.638 1
532.305 156.06 5
529.003 362.942 3
523.722 383.709 4
516.639 150.22 2
488.489 209.895 2
481.43 343.336 1
462.43 107.434 3
430.169 223.076 6
417.597 398.048 4
407.744 160.408 6
402.705 89.0846 1
401.136 443.43 8
396.945 124.275 1
381.385 397.96 5
379.768 413.675 4
370.278 344.01 1
358.374 207.81 2
350.816 454.262 17
350.675 281.122 7
346.867 213.928 2
345.747 338.222 3
340.245 172.913 1
327.063 127.958 1
327.406 309.915 2
321.137 274.892 1
306.644 296.618 5
294.756 203.154 1
275.828 227.981 4
261.361 368.517 1
246.227 336.116 7
239.914 103.654 6
238.071 424.05 6
235.702 437.986 1
226.542 420.435 6
213.798 408.901 5
202.168 258.017 1
191.757 261.284 1
174.441 491.923 1
163.815 226.186 4
144.274 351.444 1
136.832 481.146 4
104.802 423.252 6
95.3662 246.226 5
81.7769 373.393 4
70.0033 365.637 2
66.2582 285.599 6
51.9044 362.531 1
39.9993 383.204 4
36.6215 453.467 3
33.9555 313.592 1
486.811 139.204 6
388.05 209.674 5
354.528 261.8 3
324.636 217.046 2
323.577 333.956 2
289.459 300.199 1
274.909 205.172 1
259.834 449.173 1
247.809 419.66 1
230.577 321.246 7
223.777 257.281 1
215.305 298.913 4
210.708 394.68 4
171.263 407.764 4
148.737 380.567 2
98.309 310.807 3
52.8063 350.677 2
49.5541 335.322 1
533.616 424.313 2
491.67 506.904 1
479.256 521.721 2
475.525 346.24 6
450.284 167.168 1
394.775 327.101 1
383.853 301.715 2
351.641 393.02 10
347.172 311.165 2
346.605 455 2
343.557 180.791 5
331.101 362.429 2
328.007 324.503 7
317.289 198.42 3
303.617 253.758 1
282.3 241.375 10
282.99 270.021 1
278.336 421.921 4
275.4 108.976 1
270.288 125.871 1
267.22 135.483 4
262.686 458.074 1
262.826 469.91 1
250.431 239.271 1
246.526 217.733 1
242.461 78.9126 3
239.438 96.3959 2
230.521 120.364 1
191.117 272.42 1
183.362 325.845 1
148.124 314.148 1
136.673 236.593 1
137.114 356.942 2
134.306 372.907 1
130.36 257.144 3
359.458 267.232 1
326.713 382.723 3
227.956 341.965 2
215.394 274.565 4
482.446 140.01 5
460.285 121.57 3
384.837 269.716 6
381.09 474.42 2
368.998 182.21 8
359.573 324.039 1
345.829 139.27 3
287.45 143.062 2
232.42 271.034 4
178.454 404.682 3
157.248 151.388 1
459.071 195.713 1
454.816 234.514 1
456.728 398.726 1
411.926 435.562 6
385.449 196.541 2
373.53 230.802 3
356.066 349.413 7
351.902 498.223 1
320.837 264.1 3
314.845 375.885 1
311.724 420.106 7
305.669 195.188 2
272.214 277.517 2
255.264 355.685 6
229.63 85.3362 1
222.468 296.775 3
215.297 142.119 3
218.058 349.024 4
211.432 425.087 1
190.605 277.618 2
176.916 252.783 2
174.676 330.246 2
143.882 171.181 2
143.59 476.226 1
375.847 162.802 7
319.394 163.811 1
357.594 139.725 1
363.884 327.006 2
320.811 402.282 1
298.028 141.324 1
209.418 245.803 7
347.001 227.612 1
317.267 311.701 1
282.06 183.874 1
253.989 380.556 1
305.189 332.43 1
519.156 458.678 4
397.871 573.878 1
516.538 384.057 8
463.465 387.501 2
299.029 490.904 3
291.585 458.068 4
245.845 492.718 1
466.859 215.65 4
275.803 406.06 4
376.679 260.169 2
388.372 239.389 1
408.841 218.042 20
445.581 164.08 9
356.075 233.114 4
326.579 256.997 8
453.079 124.96 2
295.839 274.753 1
145.841 389.47 2
40.0646 471.908 1
31.7597 472.4 1
27.5148 414.131 1
276.758 137.607 2
235.754 146.679 1
103.558 236.516 1
48.1454 225.579 3
498.993 329.195 1
393.597 428.452 3
421.708 347.533 9
381.487 374.482 5
415.008 325.963 1
358.815 370.774 4
243.406 457.005 2
570.147 119.232 1
468.61 208.358 2
538.43 124.339 4
271.528 336.005 2
390.474 209.571 1
236.635 354.125 4
393.395 189.425 5
293.31 268.784 3
263.498 296.261 1
264.705 289.746 1
431.942 120.871 9
239.461 301.005 1
291.853 219.019 1
64.2555 427.579 1
52.8196 435.803 2
313.588 145.583 3
162.05 285.089 2
153.92 200.684 1
60.4159 253.484 2
68.1363 228.18 1
63.7535 231.818 1
454.766 440.292 3
573.696 131.385 2
390.579 485.414 1
322.618 493.09 4
298.61 493.028 2
231.048 496.986 1
395.142 299.275 1
196.631 497.913 5
222.808 458.924 3
245.121 424.523 2
476.993 159.424 1
442.51 184.694 2
275.991 346.091 4
432.181 186.714 4
107.185 440.394 1
302.509 239.469 1
423.392 87.7176 4
206.088 217.217 3
91.52 320.794 1
206.912 195.482 1
45.9706 304.662 1
94.7103 144.898 2
549.477 427.383 1
507.508 370.358 2
394.397 469.063 2
446.219 376.684 1
492.201 327.913 1
474.152 341.004 2
403.391 391.308 7
413.301 373.606 1
291.006 443.251 1
386.852 344.175 1
253.937 443.951 4
236.745 454.943 2
543.842 112.211 2
212.709 388.766 5
514.021 68.6995 2
238.482 339.922 1
318.427 245.396 3
286.21 267.725 3
351.227 185.522 10
300.878 218.377 1
163.014 334.365 1
137.485 352.537 2
255.898 232.527 2
209.461 276.506 4
226.62 251.47 1
359.341 116.277 1
184.45 292.498 4
245.889 207.033 4
192.681 243.95 1
134.716 264.062 1
272.021 119.556 1
222.282 148.625 1
70.2188 300.442 3
114.962 211.737 1
131.221 151.418 1
66.6061 214.839 1
84.6273 133.576 1
262.459 478.544 2
187.783 481.141 2
452.667 71.6897 1
379.371 132.845 13
238.385 269.244 5
211.754 171.208 1
433.83 431.339 3
460.39 391.927 3
436.307 399.046 1
485.364 342.585 1
351.634 373.083 1
291.736 416.898 1
191.533 504.734 1
503.942 153.159 13
473.429 165.994 1
405.297 221.088 3
280.762 323.27 1
150.977 418.695 10
358.477 169.552 2
354.441 166.843 2
204.838 199.83 1
144.472 166.089 2
93.468 139.529 1
486.752 459.57 1
486.729 367.7 1
382.265 464.65 2
434.802 373.012 2
294.068 474.079 2
415.233 342.109 4
341.492 392.435 2
243.403 477.077 1
262.853 409.564 1
181.223 478.157 4
143.8 467.976 1
371.248 227.861 5
424.849 170.361 3
323.227 260.483 5
220.064 346.693 1
131.218 431.824 2
306.081 186.457 1
174.104 323.826 1
123.265 351.58 1
215.811 243.959 2
182.597 201.645 1
199.789 171.753 1
214.366 138.759 3
152.28 141.027 2
130.316 139.841 1
436.404 409.869 4
385.314 266.217 2
359.276 164.212 1
195.97 300.313 6
348.172 223.373 1
311.993 331.829 2
532.907 133.39 3
34.5423 136.033 2
114.969 145.464 9
448.285 175.506 1
66.2032 244.082 3
337.014 243.413 2
300.221 265.561 6
367.022 365.669 1
24.9725 409.666 3
254.221 423.917 2
306.662 442.556 1
224.205 473.661 3
252.285 90.3283 6
506.393 105.88 1
292.981 162.035 4
466.389 164.435 7
416.906 166.961 2
27.9058 168.534 2
492.144 216.537 1
193.288 224.845 3
108.535 242.719 1
86.0276 254.453 3
235.588 297.502 1
211.349 322.165 1
348.647 364.454 1
234.312 367.616 1
64.2539 374.393 4
376.926 394.056 1
250.566 409.202 5
432.505 409.862 1
70.2539 435.218 1
264.742 436.611 2
158.006 455.287 2
69.2166 458.043 6
88.1721 463.489 4
144.683 505.007 2
45.5224 516.086 1
360.058 160.778 1
419.651 169.769 6
353.309 379.488 1
184.748 386.877 3
46.4384 453.91 6
549.068 114.07 3
190.156 141.418 3
327.72 137.04 3
374.348 185.341 14
48.8136 214.168 4
390.086 227.186 1
317.847 304.769 1
154.159 398.122 2
96.7997 408.201 2
552.715 434.416 1
58.7177 459.466 2
448.543 136.581 3
568.661 152.398 1
547.924 156.332 4
111.355 164.992 1
293.121 166.205 3
307.567 163.82 2
148.526 168.121 2
178.252 167.815 1
217.674 173.159 1
337.674 188.322 1
356.937 192.056 1
417.743 192.855 4
210.089 206.769 3
291.365 214.734 9
427.906 221.299 1
312.187 231.905 17
271.176 244.698 2
124.461 251.811 3
158.097 253.005 1
170.266 253.257 2
185.345 252.535 2
92.7945 257.767 4
310.579 263.315 5
258.349 281.362 2
322.813 287.1 1
199.283 304.343 2
365.998 309.67 4
49.2656 323.907 1
285.312 325.12 1
267.066 329.24 7
92.4385 333.269 2
234.841 343.162 2
508.303 345.404 1
367.878 347.253 1
153.355 360.083 2
89.6758 389.317 1
440.587 403.649 3
79.132 414.149 1
296.68 418.002 6
134.476 428.617 1
422.963 428.895 1
114.966 435.392 3
273.78 443.543 4
558.228 450.392 4
96.2451 474.166 1
54.6691 480.855 1
274.334 183.973 5
184.995 411.575 2
279.759 417.835 2
376.168 175.414 1
154.774 185.837 1
191.687 184.174 1
341.499 208.402 3
465.501 251.531 1
393.288 272.395 3
121.878 281.515 1
203.826 315.515 5
160.97 367.191 1
258.176 374.61 1
448.763 419.03 1
120.72 290.613 1
299.006 329.317 5
363.86 178.137 1
324.249 224.167 1
426.834 310.239 2
351.262 285.779 2
207.485 395.073 1
39.0874 387.756 1
433.998 126.191 1
478.365 348.843 3
427.545 318.024 1
254.465 196.048 1
297.689 323.315 3
361.111 367.06 2
166.776 237.93 1
268.223 315.893 1
262.117 318.349 3
390.306 426.774 2
281.63 364.15 3
417.365 461.257 2
412.323 461.212 3
245.739 343.02 3
43.0102 235.82 1
32.9181 234.628 1
198.07 368.943 2
327.529 490.098 1
80.6141 320.261 1
150.99 488.134 2
90.5815 490.609 4
90.308 440.44 2
349.924 244.489 1
244.769 226.687 3
266.276 344.161 1
529.523 152.698 3
453.754 140.043 2
467.33 189.939 1
410.03 192.603 1
460.389 232.776 1
337.753 185.105 3
353.748 193.708 1
383.746 223.323 4
243.727 131.496 1
278.862 165.672 2
340.368 222.627 1
309.081 230.865 1
208.712 171.92 4
490.002 393.456 1
268.603 242.493 1
359.855 309.04 4
106.636 163.99 1
354.32 343.723 2
178.353 227.152 2
528.559 478.546 1
417.81 426.812 3
371.737 402.442 2
198.986 297.64 4
122.249 247.78 2
136.2 300.072 1
296.583 416.694 1
301.147 474.321 1
87.0334 327.812 2
135.314 387.855 1
254.845 479.467 1
153.582 415.198 2
120.825 457.269 2
176.052 505.039 1
80.653 473.744 1
116.918 514.052 1
379.117 172.569 1
446.662 249.799 1
307.487 178.848 2
336.733 209.072 3
394.275 255.243 1
332.5 300.087 2
212.113 221.507 1
259.761 259.652 6
139.609 183.969 1
358.883 357.093 1
216.581 308.142 1
412.389 451.25 1
294.349 383.828 1
251.397 372.024 3
299.463 434.099 2
225.417 246.493 1
536.998 483.042 2
391.446 235.93 2
262.001 329.632 1
202.942 182.566 4
281.801 453.841 2
263.445 450.562 2
235.906 432.553 6
177.129 396.866 2
83.0302 432.214 4
389.236 126.993 6
409.76 214.16 1
378.735 242.13 2
328.941 149.324 1
380.797 313.293 1
415.073 458.831 1
391.861 391.66 2
445.242 570.015 1
359.233 334.43 1
266.073 208.094 1
298.04 342.563 3
248.285 250.455 4
274.954 335.336 2
252.112 352.168 1
260.634 464.468 2
172.115 402.484 2
68.1494 413.97 4
72.2847 428.105 2
407.015 346.718 5
94.4617 438.247 2
349.647 330.074 2
241.614 138.951 1
350.529 480.555 1
326.645 446.659 3
286.541 452.06 5
217.056 488.234 1
472.584 117.129 2
462.947 187.017 11
443.166 132.086 1
451.124 214.9 2
406.955 90.8843 1
414.08 216.864 5
380.786 222.158 8
342.403 182.241 1
357.428 270.374 3
423.747 485.874 1
352.934 340.145 1
272.291 110.959 2
358.79 379.218 1
280.594 161.662 2
287.551 211.049 1
296.707 254.99 9
239.18 78.7141 3
310.335 304.929 4
326.144 366.221 3
271.287 270.668 3
222.813 131.802 5
272.447 305.181 1
299.941 410.152 3
206.508 167.851 4
301.205 467.952 1
258.727 354.802 1
187.317 162.74 3
272.404 422.956 2
224.382 337.288 1
255.544 439.43 1
176.065 224.421 1
104.605 159.992 1
128.802 239.332 2
128.55 273.835 8
133.905 295.476 2
167.531 383.581 1
184.031 481.226 1
177.793 500.198 1
142.518 442.048 1
129.304 425.699 2
127.665 489.575 2
86.7363 403.363 1
441 135.368 1
412.579 221.609 3
354.928 272.586 2
331.533 379.06 1
276.217 241.692 6
220.238 341.83 3
462.236 124.704 1
392.489 364.745 2
379.193 476.986 1
251.118 132.014 1
452.361 198.103 2
425.368 148.24 1
365.583 237.242 1
312.141 166.91 1
405.366 440.692 1
337.286 290.136 1
351.351 351.15 2
316.147 266.626 2
255.112 222.347 1
269.235 252.309 2
297.376 379.919 1
309.956 423.222 1
248.87 287.437 2
169.208 258.759 3
198.185 430.252 1
393.395 171.599 5
304.32 171.752 4
457.66 204.432 1
435.622 206.622 1
399.199 165.218 1
384.299 212.152 1
323.976 389.646 2
327.682 333.084 4
277.613 453.923 1
317.21 220.539 1
185.701 338.87 2
154.901 433.051 8
50.1153 511.402 1
476.828 342.553 3
392.805 394.792 1
266.582 361.748 4
206.695 495.075 1
288.908 217.151 1
259.544 296.637 2
210.919 313.958 1
197.545 344.617 1
189.299 256.339 3
140.706 393.477 2
99.6138 443.244 2
153.832 154.162 1
52.1877 315.038 1
48.652 147.712 1
395.068 180.477 2
358.851 212.908 2
332.736 205.135 1
302.694 269.636 2
338.953 140.559 1
273.27 345.291 1
225.388 485.838 3
322.36 134.467 1
162.822 393.284 4
204.519 260.733 1
528.914 422.091 1
512.313 465.676 1
462.95 391.43 1
364.613 409.331 5
358.431 342.371 5
324.391 322.413 3
345.812 181.079 1
289.763 320.027 3
231.925 458.156 2
313.399 197.626 1
244.752 239.406 1
236.027 268.914 2
240.297 211.523 2
248.417 180.208 2
180.148 294.721 2
133.513 352.715 2
482.729 454.099 4
494.839 371.261 1
388.055 470.266 4
405.994 396.894 3
356.547 494.06 3
348.35 412.078 2
227.718 291.274 1
435.664 376.134 1
407.175 225.206 5
320.199 475.565 1
251.621 481.145 1
341.785 136.213 1
402.526 431.486 1
456.052 195.22 3
349.209 348.642 3
363.349 231.937 2
253.638 405.82 2
294.595 256.754 4
293.022 187.55 1
206.718 427.048 2
258.066 111.807 2
179.014 272.955 1
207.969 140.102 1
189.943 171.974 1
172.44 202.716 2
385.054 168.31 1
359.627 233.746 2
202.271 430.301 1
555.188 449.279 1
539.818 410.241 2
399.564 482.925 2
394.398 356.111 8
112.691 492.424 1
315.048 285.13 3
476.835 437.191 4
420.77 474.858 1
540.722 375.173 1
356.122 367.889 1
282.894 417.311 1
427.757 299.487 1
367.54 340.014 1
307.358 326.323 2
297.095 271.78 1
243.373 298.843 1
518.762 71.979 4
450.894 101.143 2
467.374 75.6165 2
455.554 76.2306 3
148.544 261.692 4
32.0755 316.285 1
34.9451 113.074 1
546.105 114.888 1
270.035 212.933 2
401.941 319.99 2
433.485 189.686 1
75.6194 415.374 3
234.834 265.594 1
341.374 160.247 5
508.072 466.295 2
526.409 446.866 1
549.082 421.391 6
532.73 419.791 2
470.487 432.047 1
422.626 393.706 3
490.111 325.683 1
418.749 342.177 2
287.708 441.114 1
383.914 341.787 4
234.937 448.858 2
190.347 454.642 1
140.617 429.423 4
563.713 107.257 2
314.962 261.832 1
109.724 407.899 2
188.02 329.746 1
312.59 239.964 1
411.268 150.29 2
159.083 330.399 3
135.266 347.57 1
315.315 194.497 1
190.944 241.126 1
243.412 200.727 1
253.78 167.075 1
192.861 205.63 1
149.267 206.131 3
220.811 145.227 1
112.348 204.768 2
91.1273 209.597 1
162.519 146.755 1
63.1948 210.44 1
129.053 148.361 1
497.202 460.072 5
343.151 292.285 1
357.722 133.231 3
498.209 394.287 1
433.488 417.107 1
315.139 366.97 1
153.617 422.317 2
476.303 167.882 1
276.413 274.968 1
193.952 299.684 1
263.591 182.512 3
164.304 219.8 1
108.551 167.148 1
478.844 361.938 1
433.507 367.222 1
336.356 387.653 1
259.818 404.892 3
355.082 249.56 5
217.439 343.817 2
367.189 221.788 1
292.138 250.871 8
169.457 314.693 3
301.391 179.949 2
176.407 265.202 2
178.006 189.61 2
494.297 192.816 2
36.0774 213.341 1
108.315 213.548 1
89.1148 295.787 1
29.8934 303.304 1
59.8815 348.868 1
429.269 397.421 1
246.009 108.157 1
283.035 120.29 1
31.452 128.296 1
38.3946 128.76 1
445.475 144.415 1
334.179 180.662 2
24.1172 234.809 2
144.634 237.815 1
217.103 292.193 3
506.002 339.62 5
401.093 387.673 9
226.885 416.021 1
407.187 436.462 2
123.685 477.197 1
193.041 500.115 1
344.222 159.08 4
71.1887 249.538 1
93.4467 292.927 4
290.507 376.988 1
49.8446 208.094 2
59.5438 209.164 2
310.842 270.512 3
355.241 304.071 5
53.2682 385.627 4
140.393 402.413 3
95.5652 412.517 2
240.13 154.922 1
568.36 159.546 1
379.773 165.845 2
531.943 163.202 1
111.578 171.541 1
485.734 169.888 1
148.413 174.711 1
199.167 175.056 2
218.42 176.3 2
271.884 182.752 1
336.502 196.578 2
382.225 206.612 1
270.686 248.725 1
72.7893 262.231 1
160.417 261.21 1
167.196 262.883 3
267.689 330.645 2
274.751 361.181 5
248.336 367.639 5
415.043 395.036 4
48.9789 421.25 1
294.823 427.384 1
559.789 454.226 1
371.03 176.334 3
548.178 408.509 1
152.426 326.259 1
480.138 368.739 3
502.407 372.767 1
134.751 391.607 3
464.593 266.021 1
395.682 283.251 1
109.961 311.724 1
205.803 338.083 2
482.055 178.759 1
349.675 252.983 2
180.389 391.912 2
501.979 147.971 1
449.442 140.498 1
392.809 232.572 1
354.907 287.527 2
356.873 299.537 3
238.505 259.721 3
392.611 404.414 2
78.4291 255.897 1
149.522 306.71 2
386.481 429.43 2
464.322 480.2 2
174.747 375.608 1
46.8098 408.9 1
412.448 172.394 2
354.044 239.315 7
305.884 231.35 2
286.992 242.561 2
550 431.861 3
274.305 195.84 1
326.563 246.507 3
390.8 277.083 3
285.63 255.086 7
228.399 254.184 1
108.122 208.85 1
209.293 258.224 1
311.649 311.386 1
297.182 344.245 1
94.5812 341.634 4
103.588 350.243 1
540.615 162.937 1
444.047 170.321 3
450.976 231.728 2
379.052 198.907 2
424.575 225.429 1
460.37 240.243 2
299.772 167.164 5
353.381 197.684 1
336.01 193.009 1
338.099 226.117 1
360.442 238.073 1
205.91 176.574 2
174.274 170.518 1
210.007 208.49 2
284.202 246.882 2
296.353 302.261 1
218.963 322.603 3
68.8473 260.943 1
266.543 357.942 1
228.835 346.719 8
418.427 435.62 1
136.608 305.362 3
244.374 449.188 1
80.0775 481.948 1
323.86 170.179 1
275.939 177.531 2
364.3 241.809 3
186.847 258.956 1
177.689 319.534 2
126.459 403.881 1
330.752 220.77 2
368.134 246.831 1
292.277 331.151 2
457.366 175.515 1
294.677 78.6547 2
327.13 221.032 1
377.111 325.282 3
288.724 296.705 1
432.253 545.346 2
427.9 545.523 1
95.9817 298.333 1
474.711 154.97 1
426.526 164.29 4
342.491 215.471 1
268.029 145.07 1
503.628 464.015 2
304.49 225.927 2
379.167 377.154 1
320.587 313.236 1
232.459 231.945 1
262.124 268.404 4
294.394 322.482 6
264.029 317.096 2
225.053 283.342 2
170.242 237.076 1
241.987 344.111 4
230.93 331.223 1
136.193 221.79 1
298.591 463.56 1
144.511 300.557 2
209.94 465.109 1
82.683 398.52 1
52.3979 413.39 2
79.2511 465.927 1
548.214 108.289 1
191.789 378.832 1
88.5577 398.136 4
282.05 337.628 4
288.975 348.041 6
146.564 210.257 2
328.417 441.635 2
230.021 355.557 5
106.695 353.566 1
461.012 191.4 1
373.492 161.66 2
337.673 159.681 2
321.728 160.082 1
525.485 455.385 2
447.111 397.27 1
328.279 262.225 2
349.616 344.528 1
415.608 429.58 2
416.714 444.814 1
227.131 268.847 1
137.799 168.564 1
322.802 416.649 1
300.754 416.742 2
130.672 300.883 1
245.757 445.897 1
170.062 424.939 1
129.791 387.564 1
140.801 446.415 1
120.401 430.135 1
344.026 279.361 5
262.959 250.46 1
356.349 142.613 1
403.588 330.638 2
403.73 245.886 4
330.592 215.806 2
351.098 356.858 1
236.991 239.391 4
242.244 372.631 4
324.289 309.573 2
192.451 396.44 2
98.866 306.929 1
88.347 342.881 3
552.648 126.186 1
536.405 155.432 2
466.281 386.269 1
415.14 213.394 2
387.27 124.834 1
330.115 138.562 1
280.88 77.5114 3
275.001 265.712 1
214.65 178.01 3
230.463 281.105 2
232.531 426.543 2
210.296 484.825 1
148.08 220.359 1
167.162 372.194 1
175.801 402.479 2
132.628 276.926 2
89.7125 396.937 1
464.358 113 2
516.289 522.74 1
408.736 220.226 1
388.805 358.196 1
383.941 475.963 1
332.344 446.968 4
221.471 488.082 1
142.656 214.906 1
457.713 185.78 1
417.1 89.911 2
478.233 453.148 1
470.816 521.892 1
377.844 224.43 2
343.987 186.063 1
348.933 272.583 7
349.187 338.331 5
309.44 196.227 2
270.585 81.8032 2
258.405 146.463 1
233.148 78.3458 3
271.291 271.95 2
303.691 410.854 4
268.279 306.1 6
218.821 133.549 3
292.843 468.914 2
223.59 270.807 3
271.601 496.187 2
249.165 441.406 3
141.253 164.653 2
172.941 327.366 2
178.385 382.466 1
125.578 366.426 1
124.783 427.005 1
344.14 281.634 3
309.375 380.44 1
389.164 271.493 4
398.493 361.989 2
301.293 143.39 1
345.57 201.779 2
306.051 167.776 1
341.595 351.503 2
331.676 423.477 1
265.225 255.852 1
271.873 382.203 1
245.064 365.06 6
361.882 208.099 1
304.478 454.194 1
273.404 464.243 1
269.022 341.207 1
217.931 336.903 4
168.109 397.24 1
398.148 373.308 1
334.671 121.792 1
233.719 422.071 1
254.353 296.514 1
236.664 346.381 3
220.918 428.925 2
233.428 352.57 2
240.072 321.82 3
196.221 460.781 1
74.6077 358.052 2
511.406 370.399 1
324.765 462.325 1
232.113 283.984 1
403.59 228.534 1
361.316 405.588 1
464.491 519.034 1
441.75 548.651 1
470.291 114.486 1
345.632 393.827 4
337.479 154.909 1
298.384 291.923 2
268.351 422.805 1
225.104 455.923 1
213.198 349.777 2
257.922 130.688 2
243.669 181.698 1
201.877 165.765 1
176.144 293.703 1
127.648 352.167 1
410.987 224.51 1
305.397 476.183 1
335.62 343.539 6
350.378 195.125 2
282.623 189.232 1
473.353 161.537 1
150.718 394.205 7
278.72 231.379 2
104.995 404.758 1
104.803 375.513 2
548.928 417.239 1
416.887 473.086 1
416.92 371.99 1
353.117 366.459 1
537.189 119.806 1
331.797 321.02 1
499.595 73.672 2
254.85 184.899 1
73.9041 300.464 2
62.0004 219.099 1
347.746 283.045 2
246.382 338.394 1
130.507 457.705 1
361.501 133.579 2
360.878 371.28 3
204.144 501.267 1
425.678 139.685 1
112.885 471.357 1
194.635 348.908 1
143.998 241.603 1
389.153 466.449 1
268.708 402.142 2
358.995 254.849 1
309.905 191.119 1
351.485 109.155 1
130.665 343.633 1
247.497 162.717 1
185.722 239.908 1
265.694 112.253 1
145.633 227.019 5
158.635 145.171 1
125.787 147.232 2
475.857 126.771 1
347.724 135.258 2
202.937 171 3
436.407 415.893 1
300.486 422.862 4
392.855 163.231 2
316.614 380.289 1
339.01 341.747 4
346.736 237.065 1
248.196 282.615 2
288.973 178.027 1
473.991 390.042 1
398.031 320.646 3
306.56 291.243 5
590.629 143.702 2
74.0748 228.6 1
49.5834 228.441 1
428.41 393.716 1
162.572 492.957 4
144.337 458.316 1
580.407 220.563 2
86.9323 425.159 1
49.1762 435.798 1
212.323 308.629 1
406.172 177.259 1
43.3123 332.901 1
78.363 297.657 1
423.692 125.941 1
55.3275 288.868 1
421.041 75.9787 1
263.687 67.0914 1
579.001 217.438 2
88.989 449.03 1
267.433 215.348 1
221.541 222.461 1
326.851 497.291 1
102.667 470.939 1
237.503 314.694 1
496.533 159.512 3
63.6667 310.825 1
74.5695 165.603 2
392.889 463.123 1
421.378 440.037 3
245.856 474.308 1
189.063 476.277 1
150.524 459.538 1
345.029 347.486 3
346.776 291.184 1
435.239 201.68 4
302.856 260.656 2
134.92 339.072 1
153.945 323.206 1
487.147 129.37 1
363.962 171.101 2
273.414 189.941 3
241.371 186.55 3
192.809 202.308 1
254.776 156.388 1
213.607 175.337 1
221.206 141.056 1
201.952 141.907 1
87.7803 198.098 1
161.479 142.985 1
128.943 144.783 1
97.1557 139.757 1
359.076 260.758 1
484.548 127.185 1
436.269 405.796 2
361.985 306.934 2
462.246 237.558 1
434.885 349.504 2
287.628 250.964 4
252.001 269.936 1
167.154 294.476 1
308.692 138.267 1
186.246 141.693 2
313.339 138.723 4
57.6277 211.802 1
29.5417 299.752 1
421.72 318.654 2
143.026 405.262 1
201.1 453.615 1
48.2469 156.68 1
93.7059 163.935 2
170.258 167.81 2
444.346 167.041 1
430.698 218.854 1
444.319 226.046 1
39.2723 228.424 1
214.635 226.129 1
25.1835 231.971 1
137.251 250.114 1
53.8449 250.792 1
154.326 251.368 1
103.203 257.974 1
90.3681 329.463 1
71.7795 342.268 1
434.064 402.294 1
237.06 419.149 1
378.715 160.422 1
293.843 169.542 1
291.573 247.209 2
66.9577 307.132 2
39.7331 379.042 2
208.536 146.303 1
336.699 352.858 2
119.365 405.465 1
249.505 416.66 1
264.01 416.602 2
149.446 183.261 1
210.212 228.407 2
424.131 242.344 3
452.931 247.468 2
468.749 249.876 1
354.783 267.581 1
199.631 310.312 1
52.8209 339.188 1
248.528 374.879 1
273.774 375.977 1
294.434 388.453 1
65.3469 410.265 1
371.593 414.073 2
438.797 417.833 1
101.258 302.591 1
183.23 206.889 1
494.406 324.498 1
412.91 322.21 1
199.624 314.763 1
420.294 403.579 1
165.531 332.332 2
36.966 299.484 1
40.0385 399.191 1
562.433 147.814 5
467.552 139.64 1
413.674 168.954 3
333.082 158.141 1
443.219 219.086 1
167.14 165.849 1
132.858 168.126 1
43.5024 150.33 1
375.987 285.554 2
362.283 302.757 1
163.186 249.663 1
139.78 248.153 2
88.8517 256.395 1
49.4723 247.974 1
58.9529 381.294 1
99.1323 280.512 1
484.521 135.786 1
212.459 148.416 1
322.793 195.075 1
237.249 403.264 5
449.107 243.755 2
200.641 184.743 2
208.32 220.63 3
324.756 301.47 1
417.775 359.431 5
105.35 278.476 1
422.071 252.184 2
105.686 289.865 1
180.831 313.142 1
194.285 138.503 2
248.586 230.371 2
337.655 305.633 1
54.8365 303.252 1
452.951 137.025 1
397.847 225.703 2
534.19 386.147 2
360.1 289.985 2
324.999 328.065 1
86.8682 160.677 1
503.514 468.179 1
365.506 402.454 5
377.125 434.603 1
142.899 305.997 1
61.0228 378.534 1
120.161 479.5 1
76.7596 470.77 1
357.019 235.288 1
315.213 207.811 1
395.803 274.429 1
331.415 244.108 1
506.16 375.866 1
275.6 416.357 1
107.003 348.354 1
497.73 167.261 2
441.183 242.118 2
371.596 208.131 1
292.66 177.507 1
391.832 244.056 3
196.504 184.262 1
169.241 176.609 1
254.26 257.016 7
131.617 179.542 1
444.408 406.019 2
348.164 351.866 2
291.497 430.59 2
399.266 207.762 2
515.253 104.476 1
468.647 235.397 2
373.127 148.684 1
370.356 204.955 2
339.966 217.464 1
446.34 391.273 1
331.677 255.915 1
295.99 212.088 1
375.668 380.304 1
400.237 416.23 1
293.56 281.544 1
278.511 318.552 3
275.814 367.732 1
86.1606 157.746 1
135.184 290.462 1
139.922 302.595 2
162.034 416.422 2
67.6718 416.964 1
382.303 182.413 10
286.234 201.064 4
310.549 228.181 2
334.074 438.098 1
223.53 358.911 1
375.397 198.844 1
339.233 203.493 1
446.467 460.196 1
213.105 346 1
170.829 391.162 2
295.083 172.67 1
257.677 255.428 4
341.533 397.499 1
321.625 305.432 2
342.759 361.579 1
433.456 180.704 3
393.236 145.005 1
388.38 245.352 2
211.478 329.089 2
520.403 142.487 2
463.428 144.334 1
447.41 198.941 1
497.21 365.619 1
493.715 504.632 1
275.096 148.92 1
343.111 365.271 1
328.137 415.488 1
271.101 266.442 2
294.91 462.872 1
254.312 466.247 1
196.991 379.481 1
179.504 402.135 1
125 485.081 1
457.947 387.788 3
385.64 261.088 1
291.545 118.018 2
251.569 135.467 1
342.355 444.514 1
226.023 275.357 3
230.054 487.081 2
179.402 470.317 1
451.772 188.362 1
447.088 232.561 4
346.04 341 4
225.514 81.1412 1
335.736 494.157 2
224.732 197.953 5
231.267 444.484 1
209.953 419.32 1
181.416 420.436 1
325.97 318.148 2
282.707 379.369 1
231.493 287.36 2
405.949 193.772 1
329.864 449.422 1
276.055 260.179 1
221.335 335.275 3
102.489 308.369 1
527.983 418.121 1
526.005 362.124 1
422.262 212.884 1
418.975 394.262 1
337.802 150.503 1
332.543 267.197 1
280.245 266.423 1
211.412 181.24 1
185.864 472.424 2
170.142 344.744 1
151.393 403.774 3
473.15 112.716 2
353.012 487.218 1
260.352 135.313 1
131.406 268.572 1
347.819 121.006 3
180.315 405.083 2
161.314 430.112 1
331.909 395.731 1
311.565 258.918 1
263.038 108.318 2
262.845 496.107 1
254.435 139.509 1
221.236 79.0858 1
209.175 133.202 1
209.27 414.176 1
380.035 406.822 1
351.65 191.218 2
227.252 387.745 1
480.922 570.555 1
397.487 341.667 1
409.245 195.599 3
289.467 434.288 2
104.068 314.373 1
523.081 407.742 3
375.549 369.908 1
452.301 76.9199 1
435.759 102.752 1
310.489 292.922 1
267.669 218.643 2
411.11 393.017 2
394.688 128.309 1
357.137 407.912 1
408.556 229.621 1
399.037 242.859 1
171.019 454.862 1
164.302 439.221 1
383.686 468.112 1
335.836 473.315 1
208.886 350.901 3
260.697 116.885 1
226.363 77.3431 2
173.385 242.491 1
351.06 165.992 1
313.385 442.648 1
219.18 458.98 1
546.149 414.833 2
532.514 413.142 1
404.227 393.789 1
414.087 368.78 1
381.97 386.796 3
195.617 455.641 2
251.76 331.9 1
352.717 180.395 1
194.235 389.217 1
247.029 199.83 1
84.3521 351.356 1
82.2972 127.484 1
341.605 285.056 3
414.753 487.215 1
362.205 411.818 1
477.171 172.919 10
201.936 379.952 1
342.941 163.629 2
345.266 390.84 1
250.665 473.367 2
263.58 404.912 1
178.639 323.152 1
373.774 324.532 1
320.086 332.426 1
335.269 237.821 1
375.442 375.858 1
317.562 288.522 2
98.3458 386.56 1
252.973 96.2129 1
424.42 438.63 1
276.74 401.006 1
317.359 242.399 1
438.129 114.519 2
64.3726 377.687 1
399.834 129.849 2
248.153 195.735 1
254.735 173.621 1
72.5549 296.735 3
236.677 99.5796 1
77.5205 209.897 1
68.0734 211.643 1
61.3267 148.972 4
365.85 167.785 1
409.361 130.093 1
435.499 421.775 2
398.255 311.13 1
369.853 304.552 5
188.344 426.968 1
107.662 471.739 1
476.336 171.299 1
96.9289 164.683 1
428.219 368.982 1
347.895 385.514 1
426.349 199.66 2
224.108 343.651 2
270.295 296.82 1
179.45 316.835 3
174.398 278.974 1
267.025 140.823 1
183.955 190.548 1
308.746 411.878 1
213.866 416.19 1
102.267 431.379 1
399.623 466.122 2
427.822 389.786 1
302.917 430.718 1
208.183 447.826 1
198.586 450.683 1
479.42 320.931 1
147.754 432.782 1
226.657 401.082 3
86.625 416.804 2
54.2034 381.829 1
44.3907 338.319 2
492.892 187.469 2
303.64 209.672 1
507.84 130.061 1
132.62 201.265 1
97.7286 208.009 2
278.048 143.182 1
71.6276 208.512 1
55.2497 208.218 1
36.5865 208.453 1
138.688 146.411 1
41.483 133.004 1
395.453 196.196 3
511.111 394.051 1
67.6093 334.517 2
206.338 230.329 1
236.446 165.997 1
273.446 401.638 2
347.524 355.883 1
74.8951 392.938 1
86.594 357.332 1
178.99 309.368 1
203.24 267.302 1
183.684 267.468 1
191.38 188.497 1
344.731 352.547 1
177.565 142.922 3
142.093 145.265 1
450.483 150.397 2
49.4537 204.765 2
28.4547 293.61 1
167.224 328.824 1
240.11 401.854 3
23.5482 405.995 1
540.524 437.811 1
36.5421 156.539 1
515.455 158.254 2
69.8922 165.44 2
543.911 163.359 3
549.417 162.735 1
418.448 224.808 1
40.0854 232.819 1
444.188 234.473 1
395.528 244.06 2
155.338 259.006 2
85.3211 267.503 1
102.999 267.991 2
110.385 265.489 1
25.6444 280 1
48.843 166.554 2
368.016 172.596 3
96.6667 287.568 3
279.456 446.953 1
370.412 257.079 2
42.6918 347.876 1
517.492 365.531 1
498.839 368.471 1
210.306 235.625 2
73.949 365.814 1
460.391 146.453 1
64.0876 146.928 1
58.852 205.357 1
247.737 405.678 1
55.2609 427.144 1
68.8548 451.203 1
440.438 198.094 1
268.977 173.318 3
331.53 190.793 1
398.582 230.377 1
180.614 255.3 1
160.49 256.678 2
312.604 289.154 1
76.4463 262.331 1
94.2506 266.602 1
214.199 298.743 2
230.176 439.914 1
276.194 437.858 1
43.2031 418.061 1
370.109 213.416 1
100.212 272.87 1
40.9463 280.857 2
521.535 363.817 1
492.416 369.039 1
475.673 366.542 1
288.483 327.078 2
101.384 299.158 1
87.0265 376.86 1
58.0088 300.581 1
60.5846 429.462 1
535.585 160.101 3
407.005 197.922 1
438.576 228.066 1
333.837 186.601 2
163.051 170.563 1
353.175 290.294 1
63.8844 166.896 1
149.608 252.942 1
95.5779 260.613 1
400.877 409.241 1
84.481 264.185 1
369.695 406.916 3
107.203 265.758 1
399.436 315.791 1
468.755 368.504 1
484.973 372.912 1
206.182 250.039 2
323.647 350.648 1
95.4841 330.854 1
439.139 255.08 1
246.641 299.755 1
259.954 383.511 2
304.954 191.975 1
326.891 242.599 1
339.824 301.318 1
85.9597 324.211 1
300.407 162.745 1
335.111 221.466 1
505.869 482.901 1
84.4403 162.894 1
197.999 278.356 1
116.459 248.335 1
139.778 308.069 1
160.314 399.718 1
432.406 230.628 1
419.01 254.454 2
242.529 294.095 1
173.998 269.421 1
181.636 299.163 1
278.937 381.328 2
239.859 371.612 2
470.588 150.671 1
235.478 162.488 1
230.221 483.345 1
84.4701 321.078 1
358.301 274.807 1
362.628 286.782 1
327.413 258.621 1
417.042 423.702 2
189.306 165.067 1
257.564 273.447 1
229.644 263.095 2
308.302 375.285 1
245.784 319.361 1
330.499 212.602 2
241.818 366.317 1
433.392 178.413 1
402.062 155.229 2
457.355 145.028 2
445.106 137.942 1
460.279 181.446 3
361.593 216.704 2
303.679 364.275 1
168.765 224.866 1
187.822 272.3 1
282.9 467.965 1
221.678 432.034 2
239.511 474.956 1
352.208 270.841 1
290.78 199.884 2
336.446 281.073 3
339.658 347.471 1
370.949 120.31 1
407.011 299.362 1
345.706 387.85 1
230.816 275.331 2
465.248 202.524 1
458.676 181.228 1
422.968 163.916 1
467.511 449.571 1
309.222 404.828 2
226.134 117.407 2
286.08 463.972 2
226.201 265.308 1
241.69 436.166 1
182.762 368.591 1
173.496 412.207 1
128.809 293.69 1
127.117 422.275 1
117.674 487.698 1
401.395 353.344 1
250.746 120.924 1
242.816 217.446 1
296.975 456.642 1
257.562 309.552 1
251.976 499.51 1
307.228 318.668 1
410.105 304.703 2
318.124 389.973 1
290.571 353.492 1
160.203 425.145 1
448.258 547.471 1
421.691 161.123 1
391.006 326.967 1
326.507 266.999 1
321.241 327.254 1
319.735 461.102 1
273.793 491.315 2
236.624 76.5272 1
224.63 355.254 1
220.341 409.264 1
222.541 421.072 1
207.42 181.26 2
188.986 158.215 1
175.863 344.724 1
146.827 403.755 1
380.111 126.959 4
269.158 492.069 1
412.19 228.54 2
397.982 201.947 1
402.507 344.143 1
399.097 357.243 1
389.211 181.254 2
237.558 392.923 1
214.599 289.857 1
318.436 396.645 1
287.975 195.525 2
443.024 76.5755 1
426.929 103.334 1
299.164 212.209 1
239.472 207.56 1
232.753 94.2547 1
298.977 439.216 1
211.394 292.833 1
373.697 468.985 1
346.359 243.115 1
287.151 191.63 1
229.613 314.351 1
257.616 116.304 1
333.095 340.537 1
260.864 446.283 1
161.168 436.901 2
96.5747 389.504 1
471.051 210.37 1
500.562 132.707 1
492.829 70.1607 1
362.642 345.1 1
391.885 176.907 1
128.209 384.164 1
303.421 434.79 1
337.606 163.816 1
276.474 254.293 2
376.029 459.99 1
333.524 389.562 1
254.988 472.538 1
320.99 290.722 4
332.458 134.361 1
436.637 191.188 1
418.705 188.755 1
115.76 470.093 1
106.039 324.928 1
530.038 411.233 1
191.351 451.412 1
245.493 326.724 2
238.408 191.023 1
425.208 195.308 1
425.679 364.942 1
243.825 406.614 1
233.285 214.295 1
401.928 362.912 1
553.461 158.347 3
450.528 193.848 1
163.995 412.936 2
109.271 384.008 1
77.3197 169.287 1
440.205 144.673 1
372.267 311.049 3
298.764 287.117 1
260.648 393.179 1
364.957 209.361 1
172.097 307.747 1
183.997 256.689 1
168.294 274.652 1
60.5595 479.712 1
479.865 233.288 2
564.161 153.781 1
474.837 316.114 1
279.225 409.436 2
246.735 186.856 2
202.521 144.885 1
480.041 242.623 2
383.962 274.532 2
501.073 348.227 1
109.66 379.315 1
173.835 297.019 1
331.757 335.058 1
65.597 483.324 1
58.3631 411.816 1
303.623 287.82 2
46.9088 327.855 1
592.487 152.402 1
517.82 156.055 1
81.9078 170.438 1
87.8079 166.98 1
29.6516 177.696 1
169.177 326.016 1
45.441 344.67 1
417.932 198.212 3
129.865 230.428 1
251.349 191.098 1
97.2482 201.169 1
468.211 241.549 1
531.972 345.125 1
497.374 346.915 1
166.525 323.352 1
201.472 180.11 1
220.112 233.095 1
40.0239 236.739 2
419.896 238.219 1
431.58 239.386 1
443.951 246.706 1
102.38 280.667 1
245.035 371.505 1
288.873 386.054 2
95.0447 308.639 1
66.3344 138.71 1
367.105 228.313 1
447.716 240.636 1
167.978 270.797 1
61.9539 404.582 1
96.6025 301.67 1
179.362 139.865 2
100.299 456.73 1
446.27 237.526 1
458.306 243.532 2
424.054 237.199 1
433.583 244.592 1
249.086 260.11 1
269.544 367.528 1
357.525 415.653 1
319.394 229.249 2
328.486 172.333 1
430.546 242.348 1
266.839 364.886 1
83.4878 312.118 1
185.047 301.591 1
130.054 314.486 1
115.89 372.913 1
330.768 168.284 1
357.284 294.589 2
256.431 250.324 1
207.281 318.814 1
256.99 262.284 1
333.668 165.232 1
354.821 279.396 1
435.102 249.276 1
380.737 229.816 1
395.006 312.64 1
362.11 252.39 1
351.544 265.962 1
404.989 205.608 3
442.938 377.101 1
309.013 223.531 1
215.479 340.984 1
355.806 419.826 1
393.284 316.258 1
396.481 352.495 3
337.957 437.56 1
453.814 370.57 1
345.489 273.44 1
415.337 179.655 2
278.494 192.731 1
210.185 305.709 1
185.642 467.162 1
454.807 182.653 2
228.463 196.91 3
270.235 468.859 1
224.427 440.385 1
179.048 368.947 1
305.222 141.799 1
254.503 118.341 1
297.546 115.566 2
344.905 446.745 1
328.07 389.138 1
304.19 416.284 1
462.219 202.91 1
426.152 98.9458 1
423.601 482.093 1
445.156 542.779 1
371.975 126.424 1
311.951 128.93 1
338.515 394.126 3
304.296 404.462 1
219.988 117.797 1
281.573 463.9 1
229.817 196.116 2
200.181 401.291 2
419.231 213.48 1
414.868 304.746 1
341.183 449.706 1
437.644 546.143 1
422.591 114.961 1
316.581 461.691 1
263.573 492.045 1
213.316 130.405 1
208.509 354.709 1
176.789 196.607 1
176.042 248.665 1
378.442 462.856 1
419.602 313.476 1
170.451 347.814 1
416.819 105.017 1
308.05 321.597 3
233.173 193.847 1
186.219 394.28 1
379.946 468.453 1
279.349 258.882 1
486.063 164.129 1
421.837 187.934 2
317.576 419.832 1
466.819 169.119 1
303.57 438.276 1
356.379 158.257 1
292.063 261.269 2
356.588 161.568 1
430.116 197.708 1
315.902 336.16 1
448.704 477.46 1
183.068 235.236 1
370.05 380.412 1
241.691 431.049 2
374.023 308.19 2
105.902 169.632 1
298.245 259.881 1
200.588 270.369 1
392.597 290.937 1
166.182 419.32 1
221.388 396.821 1
498.727 214.796 1
365.869 275.794 1
367.82 324.146 1
481.61 239.781 1
554.659 164.098 2
337.281 337.497 1
48.2956 331.071 1
81.5926 176.457 1
59.5345 173.576 1
64.0891 238.126 1
46.3449 191.457 1
