1542 4821
237.379 8.86599 1
210.408 18.2795 1
338.154 17.9037 2
198.861 24.6319 4
177.102 35.9635 3
166.48 41.9012 10
283.55 50.5575 13
479.338 51.2712 2
125.747 54.6251 3
486.389 52.8816 7
442.85 53.4842 10
551.766 56.4636 1
134.036 61.1744 27
554.953 68.7498 4
122.04 70.5791 7
258.995 70.3063 1
244.551 82.1677 1
103.738 83.1564 2
223.948 97.4405 16
222.175 101.4 3
53.4622 118.1 5
202.23 119.953 9
393.866 121.826 7
193.931 128.143 2
183.503 135.122 15
397.319 139.512 8
171.705 144.815 22
491.265 146.897 8
393.764 151.06 24
132.535 150.511 23
167.281 152.564 8
326.593 156.758 47
500.26 165.597 3
375.74 173.402 44
357.286 178.694 24
312.703 177.021 37
326.139 179.267 4
335.993 177.901 4
354.537 178.234 4
6.8619 185.549 1
7.21195 194.056 1
534.161 193.812 12
524.356 239.762 12
525.934 258.446 3
525.734 267.084 3
523.286 285.25 11
527.664 336.548 6
123.832 433.967 21
120.673 464.669 16
370.472 462.159 14
374.087 473.172 7
16.2966 474 1
22.3889 472.763 5
361.932 474.671 3
54.5904 474.094 21
58.8005 476.225 9
371.961 475.329 22
69.4704 477.626 25
74.9871 477.647 7
83.0669 477.643 4
91.0409 479.548 10
26.0832 495.715 1
91.6721 496.768 2
135.75 509.874 15
139.52 514.38 1
108.637 517.889 13
116.596 522.576 5
146.811 527.227 2
119.532 536.591 18
113.794 542.423 2
103.013 545.35 23
93.2008 548.844 8
71.821 560.135 6
57.7452 562.76 14
40.5237 565.836 4
32.3437 569.889 5
14.0772 582.21 3
8.59104 582.946 1
209.464 7.15345 1
180.765 8.89126 1
163.512 11.0405 1
39.8181 18.0722 1
120.728 19.9693 1
519.13 22.1467 1
534.891 22.0089 1
562.464 22.7484 1
468.283 24.2618 1
207.742 25.7769 4
438.723 26.4639 1
117.603 31.4432 13
281.944 31.317 3
396.335 32.7774 3
386.519 35.4473 3
127.386 36.479 2
283.136 44.1053 3
86.4069 44.2459 1
478.648 44.4493 9
489.201 44.8743 4
366.334 44.9234 2
534.455 46.7372 8
86.6235 50.8686 4
355.181 53.1747 3
449.209 53.1114 1
404.503 54.3149 9
415.846 53.87 13
255.725 56.4666 2
535.16 55.8482 4
482.083 58.3559 26
393.463 62.5608 26
346.109 63.1725 4
63.5559 58.9807 8
537.019 66.6832 8
380.171 67.9397 2
561.196 67.8625 1
544.843 73.5262 1
557.303 75.2743 1
231.722 77.7816 5
557.371 83.5219 1
219.084 109.517 44
368.318 108.658 13
383.478 108.47 6
210.001 116.353 26
186.685 118.482 1
292.16 120.76 1
499.445 124.145 17
332.145 125.102 9
160.924 126.201 1
287.711 126.407 1
323.787 133.591 3
363.78 133.564 43
29.9563 141.114 1
277.948 140.985 1
323.948 140.75 1
408.443 147.13 13
328.512 151.672 23
402.827 153.327 49
132.359 158.701 4
313.293 158.06 3
407.632 161.393 12
501.461 161.41 3
403.083 164.605 7
318.081 169.537 10
327.866 168.843 2
543.819 171.382 9
308.515 177.197 16
409.967 180.274 4
379.846 182.023 3
562.071 187.756 1
10.8368 188.647 1
77.3183 193.765 4
557.563 198.705 1
525.407 202.611 15
538.299 201.881 10
448.091 202.14 2
360.822 204.402 2
339.12 205.274 1
531.188 209.35 4
401.938 235.312 2
55.2721 283.186 5
9.1777 289.122 1
529.799 323.009 13
553.722 329.55 1
509.614 331.01 3
537.279 333.069 4
490.831 333.37 1
20.3893 334.827 1
457.838 337.31 5
387.316 344.38 4
14.8325 348.456 2
26.656 349.078 1
161.772 356.745 25
148.084 355.942 5
159.45 356.328 9
362.671 357.334 1
166.263 362.784 4
149.714 369.194 22
500.48 398.474 11
390.022 408.432 3
300.02 419.591 2
388.964 419.748 2
131.061 427.406 19
486.115 421.635 11
119.15 427.703 2
561.831 450.912 1
541.027 454.11 2
392.815 459.541 24
510.917 458.875 7
497.529 459.525 1
474.983 462.047 4
101.09 464.081 3
445.812 464.112 2
434.647 465.068 2
375.528 469.689 33
371.933 471.082 11
417.208 467.954 2
382.391 476.703 8
12.3218 478.076 1
19.8464 478.921 1
31.3067 480.758 7
51.1587 481.183 3
61.5026 483.135 12
78.9188 484.281 5
85.9061 483.351 3
44.4882 487.621 5
71.6694 492.868 11
96.9969 494.288 8
93.8207 503.563 45
37.721 502.713 1
123.347 509.178 26
33.4469 508.65 2
232.359 519.566 6
138.751 520.167 26
147.721 520.863 1
96.9568 522.006 10
66.688 524.307 1
111.349 527.191 9
138.63 527.062 1
24.3205 529.468 1
16.0617 531.189 1
52.2478 544.231 2
73.4282 543.771 10
121.165 545.158 9
81.7508 553.097 18
114.025 550.23 14
105.223 551.587 9
96.7203 557.189 11
32.8409 561.129 1
83.5849 562.148 6
20.0008 566.277 2
18.8898 577.146 1
5.69986 578.152 1
10.0429 588.002 1
300.982 32.8586 11
257.96 36.5441 3
157.939 133.625 9
501.521 172.596 25
46.2686 295.551 4
543.299 336.034 6
414.555 389.09 1
253.219 403.216 8
489.014 460.168 5
457.736 462.951 3
220.949 14.4054 1
286.458 24.2684 1
192.915 27.0275 5
152.741 51.0003 7
495.956 59.6599 11
528.961 63.3801 8
420.906 84.5576 1
86.9494 94.1216 11
224.509 99.8304 1
63.8182 110.437 9
491.741 134.331 6
173.488 147.86 2
492.409 152.196 3
394.495 152.648 1
502.496 152.072 14
157.349 163.664 10
393.767 162.984 1
497.369 163.656 1
536.708 193.636 1
151.191 371.687 1
140.467 383.211 9
125.505 436.818 1
538.906 447.032 3
497.519 451.001 14
377.483 459.746 19
120.349 469.807 6
89.4597 511.319 19
84.4246 552.754 3
24.1732 569.557 1
23.2141 12.1949 1
170.434 14.4056 1
209.63 28.1811 1
14.42 36.5243 1
298.179 35.3306 1
130.614 41.9271 2
439.569 50.4912 11
355.715 58.3991 2
254.043 61.4594 1
393.998 63.3544 2
506.138 64.1514 1
274.142 65.9136 6
540.683 67.552 1
217.415 70.8141 4
488.469 70.4371 2
232.636 79.8627 4
546.939 78.8509 1
327.894 86.5089 5
417.591 92.5326 15
422.307 103.756 4
370.264 110.349 4
214.909 115.165 6
67.7101 118.967 1
499.421 132.646 10
162.22 131.495 2
366.075 133.745 2
11.7363 148.198 1
172.495 159.421 6
338.154 164.825 3
412.116 162.996 13
546.435 174.613 2
311.183 174.283 2
409.531 187.006 6
506.447 184.099 1
129.814 187.674 1
520.629 203.728 4
543.014 203.108 1
416.025 239.571 5
542.241 245.231 3
58.4354 283.775 2
50.0556 295.511 2
156.705 296.126 15
513.305 322.725 2
113.912 327.947 5
518.04 334.778 8
100.927 347.709 3
462.653 356.518 23
46.1899 362.338 1
78.6887 384.666 3
16.7321 386.107 2
414.971 392.791 1
85.4223 400.582 2
499.569 400.999 7
540.575 408.44 5
134.201 423.72 9
490.089 423.452 4
112.862 435.496 6
134.23 442.767 4
394.183 456.24 4
544.012 457.636 1
424.806 470.166 7
373.946 472.422 5
21.508 482.542 1
382.039 483.362 1
54.3816 487.775 1
88.5864 488.133 24
97.8428 502.97 9
210.2 506.217 6
130.479 528.595 3
116.076 550.941 1
24.2793 580.556 1
386.587 154.598 6
413.732 258.798 22
260.362 265.888 13
31.6511 407.081 2
396.638 410.452 21
445.692 419.914 3
96.6455 478.537 5
115.348 74.4999 9
58.0329 113.91 5
312.552 150.826 3
164.322 156.021 1
488.056 159.381 2
107.761 184.219 1
25.6893 190.352 1
37.0311 296.262 1
458.783 327.381 6
409.907 378.22 12
119.128 419.485 11
380.467 454.947 2
432.718 458.203 5
116.107 539.816 1
62.8672 560.88 3
61.0388 25.7849 1
225.348 30.0057 1
300.485 43.1118 1
398.509 68.176 1
515.061 75.2704 1
250.756 86.3875 4
332.997 92.3404 1
221.977 112.501 1
427.778 118.909 2
176.365 122.082 1
373.638 136.608 3
426.689 147.115 1
523.82 147.71 1
271.428 181.158 2
523.112 182.917 1
396.255 189.798 2
340.114 193.91 1
56.7672 206.531 1
516.402 211.66 1
482.336 248.756 1
419.211 268.231 5
259.896 272.365 5
63.4063 290.969 1
159.654 302.777 4
258.538 336.203 1
205.172 343.661 5
112.617 345.694 1
464.546 366.441 7
166.695 381.929 1
90.261 382.258 2
403.894 408.558 1
33.3461 412.403 1
449.268 423.368 12
139.673 427.017 2
403.968 455.38 3
435.179 481.077 1
399.261 489.237 1
60.4213 497.562 1
78.1345 497.919 4
108.5 507.211 3
108.674 563.313 1
517.349 80.018 1
322.164 337.973 2
154.192 48.6271 1
59.6879 111.844 1
161.417 159.285 6
39.2844 183.635 1
184.882 271.18 1
39.043 285.777 1
251.755 314.338 1
111.303 426.713 1
426.023 462.536 2
79.1787 37.5597 1
522.525 42.1574 1
226.634 47.9956 1
381.021 48.4168 1
246.991 107.35 1
389.28 143.377 3
288.857 179.642 1
451.286 190.092 1
167.539 196.702 1
384.89 199.725 2
73.5646 222.979 1
307.237 244.268 1
485.841 250.698 1
282.109 286.38 1
159.375 322.464 1
126.506 354.425 1
212.41 355.331 1
337.164 348.855 2
424.376 409.334 1
134.524 484.136 1
442.327 502.321 1
352.276 97.5183 1
346.382 368.877 1
185.112 419.043 2
167.259 492.672 1
149.926 190.443 1
189.172 29.5189 3
503.798 172.643 1
28.3512 473.595 5
128.328 503.232 6
102.082 513.853 10
63.4424 560.767 2
452.296 45.0152 3
250.954 60.4769 5
221.1 85.7864 1
399.013 129.975 26
333.869 161.619 4
319.685 183.844 4
154.456 294.628 1
535.869 315.468 1
80.7984 399.913 9
538.109 404.245 1
220.706 412.314 2
130.281 440.458 4
275.072 467.536 1
29.3237 555.337 1
254.527 263.006 9
74.1077 385.227 4
114.882 433.059 1
170.984 149.635 1
392.46 159.931 5
159.777 160.333 1
493.604 158.652 13
124.289 441.409 1
506.586 67.4689 1
269.668 71.6501 1
487.759 74.8269 1
236.814 83.0713 1
205.113 93.9452 2
422.624 108.342 1
500.213 133.412 2
194.173 136.209 15
512.308 141.03 1
170.597 164.811 2
262.257 181.085 8
406.131 188.603 9
505.467 188.311 1
328.992 190.172 3
57.6208 286.958 1
248.25 332.72 1
45.4206 365.93 1
160.5 377.184 5
467.741 394.518 2
84.4102 403.547 2
422.321 418.802 2
131.589 452.293 1
51.0677 492.865 4
303.729 496.485 2
132.405 532.644 3
171.335 121.386 6
416.879 263.94 1
258.489 269.51 1
191.363 265.567 1
117.309 420.474 1
380.179 449.96 1
426.36 131.423 1
156.378 188.852 1
423.584 191.191 6
340.049 197.169 2
421.455 227.218 1
183.897 260.068 2
264.874 276.44 1
424.785 279.598 3
165.218 304.297 1
115.984 345.329 1
210.999 345.936 2
166.898 385.274 1
102.567 414.151 2
402.521 413.564 1
281.139 180.387 2
293.995 238.661 2
182.346 274.543 1
510.872 166.822 2
125.788 28.3895 3
115.594 24.2279 1
386.097 463.951 2
368.961 476.024 1
30.3167 505.302 1
54.075 561.705 1
493.891 49.124 5
498.839 101.566 14
439.473 62.5214 1
498.033 180.293 1
415.868 98.5709 3
538.195 239.213 1
524.044 237.136 1
461.366 180.539 1
362.33 150.228 3
523.507 331.996 2
533.946 342.047 6
526.263 342.996 9
407.789 234.616 2
415.342 252.145 1
479.994 334.775 1
531.766 395.361 11
360.813 239.443 4
465.463 352.76 5
211.033 112.195 2
464.471 386.911 3
106.849 30.998 4
276.618 204.689 4
446.35 382.321 14
259.52 200.312 1
65.0653 57.0074 2
151.015 173.074 17
370.729 482.426 8
164.058 354.171 1
84.0892 348.217 2
198.244 480.991 3
209.471 501.832 5
55.588 349.111 2
55.946 355.995 1
32.1318 404.057 1
122.181 518.835 3
53.4638 569.123 1
117.784 533.972 5
452.247 329.742 11
44.9392 475.428 7
477.882 73.6938 1
496.62 104.008 3
416.121 106.847 2
493.738 188.193 5
398.791 130.755 9
476.334 243.031 2
507.576 322.715 6
362.837 192.661 4
320.054 189.183 2
474.192 340.722 2
356.703 240.771 4
341.812 237.759 1
462.31 393.72 3
378.459 310.647 7
389.421 330.037 4
438.225 383.649 8
194.107 138.151 1
341.89 283.099 3
252.14 199.975 1
401.414 357.566 9
490.451 465.503 2
166.62 147.806 4
63.673 60.1297 1
152.426 174.802 2
186.659 252.172 3
370.231 487.221 6
162.036 373.19 2
73.0702 362.916 5
134.377 443.482 1
99.8473 474.841 1
114.723 535.111 3
88.9689 516.993 1
391.13 185.069 7
434.644 288.452 6
284.146 221.749 4
401.674 403.156 3
225.954 335.593 2
462.185 373.512 1
457.362 458.703 1
103.559 509.689 1
425.176 219.729 1
386.626 191.002 4
324.724 162.521 2
420.498 271.563 5
329.986 197.366 3
177.31 116.781 1
282.178 230.964 2
238.017 193.794 1
430.225 393.12 4
409.824 404.426 2
147.886 187.003 2
178.405 258.773 9
162.878 386.187 4
279.107 190.586 1
285.534 250.186 1
502.342 58.1147 1
261.493 75.0603 4
253.52 81.6076 3
249.797 84.8586 1
244.361 89.4888 1
207.598 123.654 1
131.353 506.968 2
535.812 171.776 3
471.25 51.6151 3
457.846 25.1123 1
441.169 336.103 3
436.563 279.879 5
432.17 46.4195 7
430.161 52.4123 1
419.223 97.7183 1
405.386 244.53 1
401.979 141.69 9
400.671 95.8729 1
395.237 333.735 7
395.163 149.147 1
383.594 458.867 4
382.308 421.174 2
380.004 247.865 2
381.548 310.444 1
377.309 204.264 1
374.504 168.647 4
334.022 183.884 2
318.935 155.621 1
304.746 32.3255 1
261.212 45.8508 9
255.728 168.466 1
256.247 403.36 1
252.016 42.3583 3
251.458 185.438 1
210.616 24.1479 2
198.97 113.242 15
190.321 244.334 1
155.136 120.529 11
153.966 57.2017 2
137.035 68.1241 1
132.339 523.77 4
126.235 412.219 4
123.613 420.605 2
119.06 43.7194 7
118.696 529.088 2
77.5515 357.268 9
60.981 545.448 3
41.1594 572.631 3
220.949 108.776 1
145.323 375.901 6
393.563 460.481 1
237.257 96.8048 3
188.672 142.139 7
161.241 43.5185 4
158.877 134.471 2
151.455 163.527 2
112.004 74.1924 1
487.172 184.044 5
483.772 135.385 2
483.421 150.529 2
473.365 69.5232 1
434.295 283.262 2
374.849 424.362 2
362.854 295.561 3
353.965 476.534 1
318.976 273.037 1
307.775 156.614 5
289.66 224.156 3
275.227 51.9147 1
261.289 264.839 1
257.209 48.2404 1
249.829 197.128 1
197.586 114.28 2
151.046 122.06 4
138.492 379.777 3
124.886 511.748 1
119.004 411.446 6
118.264 446.003 3
116.093 462.924 4
114.822 178.003 1
110.133 553.626 1
91.396 400.619 1
165.092 374.836 1
393.549 412.338 4
401.446 459.919 1
266.941 76.1376 1
190.893 143.974 2
102.953 74.2712 1
98.5597 509.409 1
444.639 424.89 1
435.099 390.822 2
421.967 482.802 1
394.706 376.221 1
369.727 443.301 2
333.797 194.739 1
289.79 156.497 2
243.654 301.038 3
235.225 191.865 2
210.312 339.962 4
153.998 151.754 1
147.209 184.046 1
388.742 377.813 1
270.385 195.988 1
285.033 244.106 2
69.62 566.826 4
502.345 62.9935 4
492.034 67.1613 4
363.086 144.589 4
293.423 34.5075 7
384.544 448.626 2
362.925 470.3 1
283.678 409.879 1
115.165 504.164 3
92.1059 464.171 5
32.3226 498.277 3
470.903 56.683 1
423.915 92.45 10
316.333 148.332 3
324.715 124.913 2
397.98 49.4474 1
385.85 56.6595 1
89.4417 341.31 3
68.5861 349.186 3
286.106 119.629 2
356.242 45.2025 1
340.498 57.8378 1
329.263 68.3271 1
48.8288 279.217 1
202.436 116.467 1
209.031 106.558 3
257.806 29.7672 3
462.503 329.649 1
304.159 162.539 1
411.33 239.467 4
122.007 522.63 3
117.979 167.174 5
493.255 448.998 2
376.261 449.253 9
354.873 467.281 1
456.654 326.415 1
515.309 239.182 1
430.263 314.744 1
388.595 257.718 5
499.321 145.016 1
484.985 130.133 1
86.6169 509.925 1
120.453 435.772 1
464.819 58.0497 2
404.109 81.0815 2
351.143 128.694 1
309.344 146.549 1
87.3062 335.775 2
117.396 298.935 5
324.071 66.4215 1
218.452 93.9301 2
208.429 78.5611 4
111.193 177.592 2
151.648 119.036 1
112.32 153.067 4
132.397 56.6561 2
81.1502 90.9423 2
57.2353 107.291 1
456.479 450.54 2
426.246 452.163 4
490.71 187.999 1
188.958 256.54 9
438.918 421.624 1
419.257 187.61 2
335.369 190.143 2
259.47 188.315 7
240.861 88.4347 1
144.543 180.894 3
423.236 450.522 1
438.92 388.326 4
368.508 432.166 1
396.352 369.388 1
129.567 373.231 2
295.335 140.823 2
235.421 180.139 1
107.006 298.017 1
246.724 151.45 1
149.904 146.699 1
395.45 299.717 1
265.946 178.037 2
349.441 365.927 2
91.8816 491.082 2
440.084 65.877 2
409.024 95.1561 8
382.794 137.232 11
257.991 179.847 2
120.898 187.467 1
416.77 255.998 1
163.607 368.412 5
128.261 445.352 1
398.86 473.375 1
125.021 523.436 2
171.144 117.207 1
397.478 404.326 1
49.7066 488.44 1
492.166 126.094 5
523.539 288.778 2
123.726 445.435 2
376.428 455.835 5
113.051 515.914 1
207.218 96.23 1
301.354 121.64 1
414.583 120.653 3
498.581 138.916 4
512.652 144.599 2
415.929 157.254 1
389.956 165.443 1
166.049 173.249 1
405.244 189.447 1
509.753 187.664 1
521.373 209.236 2
51.0853 299.79 1
106.568 343.775 2
84.6746 408.077 1
488.918 426.34 1
110.449 441.941 1
131.646 455.489 1
52.3682 496.293 1
82.2857 496.372 2
416.561 127.82 1
221.774 339.596 3
487.467 193.344 5
114.707 424.719 1
379.01 444.964 1
158.821 196.163 1
430.349 286.914 1
165.834 311.64 1
112.386 355.249 1
346.063 358.388 2
169.799 386.626 1
401.875 424.167 1
97.8089 486.853 1
410.653 101.096 3
495.73 182.975 1
325.207 81.002 1
393.659 167.454 1
354.572 238.164 2
348.135 235.285 3
462.798 353.212 1
169.661 158.425 1
408.005 392.545 1
232.898 328.034 1
75.5545 485.838 1
101.067 523.988 3
133.154 417.539 1
131.864 440.125 2
511.409 132.096 1
474.119 79.7373 1
484.379 160.045 1
412.418 112.502 1
398.445 134.784 1
195.566 95.4734 1
503.981 323.891 2
316.522 192.063 1
163.233 151.402 7
149.023 178.802 1
419.211 477.343 1
110.434 332.347 2
78.443 406.499 1
181.472 257.95 1
108.189 337.318 1
241.306 314.403 8
418.598 463.775 2
378.548 197.176 2
430.347 231.485 1
272.792 237.24 1
145.315 193.525 1
419.108 400.069 2
170.756 264.664 1
149.273 312.472 1
194.482 354.54 1
521.473 200.384 1
473.105 64.6641 1
519.958 238.955 2
487.958 146.917 1
489.937 180.079 3
423.393 354.894 3
376.064 247.849 1
284.125 57.1926 3
341.29 279.497 2
287.183 205.323 1
359.087 476.548 2
185.537 245.052 2
121.377 158.533 2
125.794 181.729 1
123.373 410.374 3
114.641 529.542 1
57.9035 545.991 1
142.698 377.222 1
367.833 177.398 2
345.115 144.489 1
467.413 72.5699 1
477.699 149.223 6
478.092 186.269 1
395.783 132.375 1
380.457 155.475 2
436.627 384.854 1
404.091 377.382 2
385.252 330.694 1
272.365 53.9313 1
272.404 68.0879 1
298.373 164.708 1
318.285 232.938 2
336.737 284.209 2
394.746 476.118 2
254.141 50.004 1
310.013 273.437 1
281.713 211.818 2
253.32 158.684 1
235.953 290.965 4
145.415 125.441 4
177.94 251.164 1
107.924 180.222 2
113.064 415.197 3
114.563 448.304 3
109.071 537.81 2
383.809 184.501 1
278.494 224.571 1
216.802 335.944 3
153.657 298.248 1
408.32 461.796 2
212.577 121.129 1
383.562 142.222 2
369.707 194.508 1
341.044 351.936 1
363.451 446.608 1
277.031 230.96 1
226.668 194.657 2
232.475 303.161 2
464.853 142.162 3
348.496 21.2646 1
522.876 343.276 1
518.329 306.262 1
519.977 275.192 1
486.025 170.033 1
498.554 106.594 1
404.714 356.396 2
378.965 421.543 1
427.453 268.565 1
359.072 471.897 1
468.223 58.2268 1
401.993 243.594 1
366.783 297.01 1
405.519 168.143 8
208.838 429.459 1
272.541 36.0996 3
89.4333 549.463 1
240.911 81.8625 1
232.495 88.8097 1
89.8101 465.842 2
65.0558 476.875 1
147.476 174.58 1
150.341 62.3692 1
423.793 315.499 1
476.271 132.537 2
347.128 469.862 1
422.871 207.294 2
459.286 59.48 2
374.989 312.239 1
357.743 295.248 3
370.101 173.569 1
363.558 62.1634 2
300.307 151.809 1
130.812 517.645 2
110.053 533.305 2
152.256 358.729 1
111.574 460.873 1
135.357 379.19 2
112.029 409.629 1
189.865 112.483 4
146.601 120.93 1
414.153 314.937 1
390.972 292.764 3
109 409.613 2
391.073 191.307 2
346.401 193.806 2
245.979 272.477 2
266.071 191.994 2
237.969 91.8429 1
361.568 433.608 1
226.131 184.433 1
361.937 375.506 4
300.967 237.8 2
541.202 422.88 1
536.459 257.94 2
97.5898 497.039 1
361.129 496.606 1
388.608 397.102 1
530.92 251.251 2
477.98 171.473 3
196.931 260.566 5
356.542 132.633 1
230.832 68.7964 2
213.461 79.4777 3
460.579 453.142 1
321.581 174.214 2
128.561 459.168 3
510.034 146.286 1
425.555 105.727 1
375.975 437.644 1
406.059 371.89 1
452.851 322.654 7
427.727 310.584 2
384.356 321.257 2
482.85 124.434 1
351.836 173.318 1
349.71 123.735 1
308.073 140.873 1
245.988 185.833 1
104.648 178.08 1
194.625 108.053 1
150.005 111.233 1
398.16 457.246 3
253.283 302.391 3
143.818 183.849 1
190.809 132.61 2
364.16 415.822 1
392.759 360.87 1
422.119 274.841 2
237.344 297.369 2
126.085 371.594 1
174.992 254.679 1
295.649 131.319 2
387.585 290.121 3
539.948 416.964 2
36.5891 474.352 1
219.039 74.1117 1
186.553 99.6073 1
406.606 137.406 2
508.205 138.256 3
403.279 183.983 5
530.357 223.187 2
535.876 249.779 6
20.8148 337.965 1
41.9391 364.611 1
495.459 420.009 1
127.194 452.242 1
428.258 472.438 1
398.969 477.622 1
124.088 477.564 1
36.4042 490.033 1
408.506 122.582 1
27.2678 312.682 1
300.63 496.268 2
523.382 291.889 1
466.457 371.821 1
398.267 463.279 3
414.165 131.095 1
512.917 148.376 1
512.514 177.988 1
152.997 187.338 2
521.686 215.13 1
50.1955 305.745 1
92.9569 366.67 2
395.719 414.557 2
135.25 429.854 1
50.6092 459.264 3
422.548 233.775 1
509.639 159.17 1
487.838 451.668 1
532.162 82.8418 1
323.883 83.6966 2
307.761 168.529 1
315.421 187.906 1
529.595 318.331 2
534.048 349.857 1
194.312 256.913 2
438.878 416.597 1
156.546 374.418 3
453.138 420.333 2
133.696 413.892 2
512.083 128.444 1
406.901 383.631 1
481.359 184.204 1
288.744 134.392 1
316.211 195.862 4
154.566 385.443 1
77.4477 411.279 1
451.027 228.967 1
424.43 392.084 1
289.109 192.702 2
265.669 241.413 2
502.278 50.7122 1
411.944 145.806 1
411.743 157.185 1
419.4 51.4707 1
226.29 330.438 1
429.79 79.7565 1
346.276 141.267 1
171.921 132.752 1
458.172 82.5875 1
473.511 160.153 1
471.68 189.79 2
377.105 188.501 2
308.334 193.682 3
427.859 389.089 2
372.498 435.945 1
380.08 485.874 2
111.686 419.484 2
419.192 395.822 1
176.653 112.566 1
168.417 256.323 1
236.605 320.428 1
226.791 191.545 1
343.17 359.787 1
433.455 87.1943 2
415.759 148.989 1
285.718 56.3772 1
136.186 434.544 1
484.556 146.818 2
484.708 179.438 2
395.959 99.2494 1
397.132 181.176 4
353.282 139.707 4
193.377 34.1989 1
89.5664 397.245 2
86.689 494.799 3
177.098 156.9 1
443.217 69.6987 1
387.935 132.93 4
433.426 386.271 1
372.121 154.843 3
411.961 472.481 1
369.249 421.656 1
290.92 166.526 1
343.532 484.528 1
171.76 250.284 1
156.453 358.526 1
372.436 188.975 1
274.75 223.418 1
214.514 338.25 1
242.089 93.5412 1
272.567 231.318 1
255.776 275.69 1
277.158 32.411 1
484.569 45.9379 1
355.375 471.034 1
396.327 241.214 4
278.379 49.3954 2
259.506 63.8514 1
246.497 74.2432 1
202.903 107.782 1
80.3911 501.308 2
124.495 175.246 4
84.3399 341.701 1
266.148 196.547 2
142.708 174.223 2
399.205 376.667 1
359.492 209.781 1
363.358 175.577 1
346.747 238.814 2
130.193 378.363 1
185.697 105.408 3
156.765 145.852 2
143.018 121.037 1
404.761 312.351 1
352.301 193.394 2
318.777 94.3954 1
274.36 192.017 1
234.688 92.272 1
280.86 275.698 1
358.189 464.775 1
382.61 399.081 1
433.671 315.701 1
111.11 503.387 1
353.674 131.588 1
401.018 44.6988 1
380.682 54.8851 1
320.564 123.92 1
228.438 84.7666 1
264.862 49.0686 1
425.682 187.295 2
434.567 107.284 1
262.703 190.273 4
403.901 366.04 3
371.37 384.337 2
384.219 257.286 2
471.433 120.779 1
267.512 307.953 1
108.477 456.959 1
113.832 294.358 1
258.09 305.716 4
264.338 185.351 2
353.552 407.408 1
347.361 362.328 1
230.572 290.974 1
382.918 442.553 1
388.332 392.977 1
531.661 229.885 2
75.9744 389.731 1
250.465 251.138 1
193.159 117.7 1
200.068 74.7907 1
373.984 427.861 1
452.226 314.49 1
114.224 454 1
133.946 374.348 1
157.814 342.057 1
401.261 184.885 3
84.7209 327.872 1
481.469 116.369 1
371.259 163.894 2
307.505 130.947 1
275.969 236.408 1
298.39 188.002 2
383.65 281.185 1
218.875 279.182 2
540.009 442.24 1
116.436 517.182 1
543.495 85.8936 1
407.104 126.365 2
197.414 132.786 1
536.639 207.763 1
54.9974 289.296 1
46.3272 301.213 2
50.1899 494.016 2
37.137 496.03 1
72.6529 495.538 1
268.154 180.944 1
332.071 201.505 1
521.155 228.771 1
46.9708 318.849 1
191.22 287.762 1
522.8 300.182 1
409.377 113.461 2
395.749 183.749 1
309.941 165.535 2
261.169 171.623 3
394.814 481.389 1
135.548 407.769 2
368.275 492.951 1
284.401 508.807 1
487.391 174.448 1
529.267 311.504 1
105.172 337.437 1
119.123 456.069 2
98.6752 355.679 1
139.452 414.273 1
81.0031 415.879 1
451.252 319.366 1
511.896 156.318 1
412.592 139.921 1
96.5646 473.809 6
405.364 109.211 1
337.862 243.42 1
187.464 152.438 1
460.285 369.357 1
377.423 192.366 2
150.601 305.119 1
156.319 382.322 1
416.392 143.657 1
483.288 186.718 1
405.477 105.405 1
278.349 53.4267 2
268.782 68.1918 1
451.513 340.815 1
148.481 125.219 1
220.661 333.259 1
112.829 538.374 1
101.907 530.778 1
84.1243 514.144 1
449.426 456.936 1
388.729 138.081 1
367.295 191.796 2
368.337 437.988 1
377.187 488.573 1
189.897 352.758 1
417.656 154.516 2
348.136 144.284 2
445.951 47.2161 1
478.21 181.321 1
382.93 151.05 2
435.925 337.401 1
396.407 470.946 1
351.931 479.213 1
194.562 123.458 1
281.763 173.608 1
363.44 423.985 1
363.017 460.746 1
272.374 221.114 1
253.33 267.977 1
228.985 294.763 1
368.51 144.611 1
132.046 180.748 1
74.5417 565.248 2
481.049 178.88 1
426.832 98.3493 1
429.052 355.534 3
391.793 93.7081 1
379.66 108.915 1
367.985 64.5413 1
351.377 472.413 1
256.764 44.5628 2
250.826 30.5087 1
250.907 68.2789 2
178.319 243.828 1
143.325 51.1616 2
118.68 432.548 1
114.958 70.4754 1
406.885 458.767 2
231.576 195.379 1
335.422 97.9361 1
435.734 99.6691 2
133.577 536.075 1
128.719 545.852 2
111.322 520.141 1
479.158 166.104 1
481.247 147.509 1
461.1 55.1615 1
239.788 70.7654 1
113.62 407.022 2
178.262 92.4914 1
138.779 190.722 1
332.316 281.183 1
332.494 169.293 2
251.294 307.363 1
506.404 70.6272 1
261.858 194.847 1
352.987 461.219 1
107.998 501.937 1
117.423 408.116 1
206.791 89.5513 1
198.335 99.657 2
440.387 110.359 1
430.038 185.586 1
176.098 164.966 1
396.267 362.998 1
377.374 253.858 1
359.676 163.419 1
215.575 247.272 1
358.233 372.689 1
144.521 533.493 2
379.602 438.236 2
410.284 372.5 1
491.13 152.829 2
281.984 251.627 1
370.579 139.148 1
160.71 274.585 1
354.198 117.004 1
414.563 189.198 5
345.005 100.587 1
424.891 182.832 4
368.135 414.645 1
364.991 378.154 1
439.94 294.432 1
398.732 302.096 1
367.654 158.78 1
370.34 451.999 1
126.508 496.924 1
260.26 310.986 1
203.168 316.538 1
491.026 122.325 2
343.644 171.695 2
258.693 308.194 1
511.094 171.561 1
150.506 183.313 1
371.368 419.261 1
377.263 377.546 1
155.742 337.231 1
51.2484 469.831 1
502.111 190.144 1
524.78 211.823 1
536.173 216.419 1
529.512 305.766 4
520.626 320.578 1
390.11 416.755 1
126.169 466.72 1
352.635 256.679 1
46.2198 327.299 1
156.982 326.712 1
71.0406 472.407 1
364.466 128.24 1
112.869 509.108 3
267.141 159.96 2
312.736 192.146 2
120.015 443.504 1
99.7124 344.329 1
178.853 128.134 1
368.219 127.768 1
184.709 155.404 2
106.607 333.969 1
433.115 77.8466 1
458.226 78.1888 1
398.397 110.718 1
375.297 183.572 1
168.082 246.612 1
454.885 74.4803 2
401.227 105.826 1
215.342 101.796 2
115.836 437.93 1
443.331 85.8795 1
421.365 337.716 1
374.151 161.214 1
331.24 185.334 1
265.59 221.338 1
248.601 268.057 2
374.142 144.342 4
288.339 44.9123 3
137.227 532.363 2
428.247 202.72 1
384.662 94.1059 1
373.911 149.953 3
344.25 471.909 1
337.537 183.807 1
242.413 67.1348 1
210.35 97.1664 1
149.458 159.613 1
241.116 60.7019 1
169.209 94.0432 1
155.882 101.616 1
288.916 37.7323 1
289.389 198.846 1
279.853 227.486 1
271.655 198.842 1
133.353 546.133 1
388.091 238.593 1
383.96 88.2218 1
333.863 277.708 3
142.69 365.906 1
145.838 161.882 1
390.295 141.322 1
191.382 74.4188 1
275.143 195.075 1
301.263 272.466 1
441.44 103.713 1
353.95 288.259 1
281.399 315.795 1
326.855 174.88 1
338.315 119.719 1
369.119 245.313 2
329.557 115.615 1
198.706 255.069 1
148.025 117.996 1
181.272 167.806 2
420.576 259.52 1
371.562 301.932 1
121.209 291.225 2
374.136 380.555 1
253.581 299.185 1
377.01 384.733 1
384.624 128.171 1
430.035 272.016 1
355.05 367.526 1
398.322 272.753 1
227.476 285.953 1
381.849 284.063 1
377.588 427.47 1
376.903 389.859 2
457.264 317.728 1
157.34 349.385 2
388.757 128.565 1
420.254 179.555 1
392.922 341.021 1
442.371 297.465 1
224.138 283.186 1
143.873 322.845 1
124.615 488.675 2
55.9745 494.737 1
502.471 143.102 1
398.237 353.363 1
153.857 319.924 1
190.724 270.775 1
501.429 194.017 1
524.089 224.424 2
521.126 323.902 1
523.224 245.953 1
195.372 285.949 1
143.95 394.177 1
182.869 123.44 1
182.238 160.663 1
155.008 377.582 2
190.351 330.383 1
185.915 351.166 1
205.017 339.757 1
356.171 354.996 1
337.494 483.781 1
370.443 101.164 1
365.995 183.621 1
356.301 351.234 1
338.042 476.663 1
247.13 46.4451 1
281.081 151.351 1
364.464 94.8879 1
332.633 471.339 1
295.68 224.579 1
244.113 44.0206 1
349.997 95.4774 1
236.848 44.3264 1
320.193 177.934 1
280.197 199.192 1
227.786 108.395 2
364.71 85.6718 1
326.039 229.289 1
269.455 312.426 2
341.277 175.553 1
357.346 85.3458 2
366.873 77.4732 2
264.506 311.513 1
440.15 187.315 1
348.716 285.341 1
364.674 166.3 1
338.681 168.736 1
333.406 116.483 1
262.877 308.075 1
284.804 177.261 1
433.594 186.954 1
380.627 366.759 1
425.039 264.983 2
398.272 265.929 1
380.24 370.236 1
370.979 377.749 1
387.768 323.905 1
133.281 435.367 1
379.782 373.391 1
451.109 306.912 2
365.407 391.248 1
447.526 301.526 2
530 186.331 1
214.339 284.288 1
