3164 15360
131.97 11.8162 1
9.20501 22.5748 1
53.685 23.1881 2
44.2156 24.4887 3
93.9075 25.5527 5
120.023 39.2591 3
14.0507 39.9147 1
156.509 41.1376 12
44.6765 50.1418 11
181.294 56.5095 1
120.185 54.8357 3
156.557 57.9835 28
158.72 59.257 1
94.4522 56.5408 24
130.793 59.0198 23
181.22 63.1218 20
66.2049 66.3806 2
137.627 67.004 8
54.6228 70.4047 5
50.5646 72.4044 5
133.334 72.3865 7
125.557 76.7415 3
37.2343 78.6568 2
150.566 78.724 13
26.0147 81.1405 8
187.909 83.1254 6
18.1461 85.4019 3
11.1998 91.5873 1
186.955 96.9679 23
76.5788 102.563 1
70.608 103.429 1
131.791 113.421 6
186.325 116.187 21
382.141 127.923 21
412.127 129.855 34
356.484 140.649 42
470.777 144.946 20
445.845 150.336 11
481.705 152.521 1
436.016 160.265 48
475.457 158.706 31
434.24 168.364 17
152.616 167.982 7
160.657 168.761 5
183.619 169.571 1
193.284 169.806 7
53.1769 172.877 5
474.213 171.521 14
220.789 174.586 1
228.764 173.392 12
436.637 174.183 7
535.827 174.951 42
256.891 178.195 16
272.499 179.872 9
107.615 181.768 1
282.762 181.634 15
417.371 181.693 3
57.6296 182.936 1
289.889 181.559 4
303.497 182.64 11
183.867 183.549 9
316.235 185.833 7
88.1328 186.37 9
145.749 189.23 15
324.49 186.243 9
408.262 188.859 14
280.183 192.223 2
232.994 189.266 10
364.846 191.738 21
261.479 195.737 8
396.93 195.527 23
443.942 195.726 2
398.528 196.24 4
288.375 197.601 6
406.541 198.843 1
433.835 198.929 14
459.067 202.237 24
485.13 209.513 2
224.776 208.419 45
389.215 211.785 12
516.815 211.883 30
374.379 212.963 32
576.129 217.65 26
582.018 218.922 13
589.112 219.996 6
354.019 222.27 18
331.519 224.124 13
268.179 225.91 2
411.908 228.311 25
286.409 227.359 3
537.778 228.84 8
675.14 230.756 11
368.211 234.992 4
534.436 235.004 9
707.084 234.18 6
477.137 233.811 32
719.8 235.889 16
342.916 236.765 12
728.304 235.124 14
356.367 241.958 22
415.514 240.342 13
531.482 240.473 4
561.798 242.613 2
330.564 242.342 38
442.921 242.982 29
596.72 243.289 8
651.273 244.378 12
378.002 245.704 10
552.697 246.378 11
571.092 246.77 9
337.111 246.24 28
366.599 246.942 26
319.115 245.801 9
678.54 248.846 5
416.957 250.096 1
588.435 251.073 17
728.122 250.647 1
430.347 251.494 6
659.58 254.153 2
442.914 256.69 12
736.71 256.923 6
372.661 257.743 3
425.015 258.63 48
333.084 256.425 5
694.356 258.82 2
767.112 259.677 8
392.927 255.733 19
436.527 266.805 20
671.476 262.845 1
342.761 264.439 23
444.693 268.12 11
425.819 270.094 9
713.116 270.836 1
771.497 269.954 8
360.914 268.56 19
444.018 273.757 8
781.773 272.045 2
182.228 271.627 23
787.912 272.879 1
493.85 275.94 33
736.351 274.055 2
207.209 275.698 4
410.697 275.479 17
451.587 274.94 17
402.441 278.045 24
411.176 282.51 11
492.421 282.025 25
469.808 284.312 15
436.797 286.045 29
478.142 281.83 26
548.076 287.824 27
229.741 288.34 10
53.159 290.995 10
63.427 294.846 20
118.958 296.957 4
216.812 298.632 4
222.747 294.348 18
40.8833 300.01 3
53.869 303.743 1
291.54 303.698 2
233.297 300.493 23
16.2532 305.732 1
108.81 306.596 12
124.282 306.075 25
518.283 309.25 9
214.09 308.736 16
552.871 311.091 14
417.286 312.986 13
572.451 315.818 8
519.922 317.417 6
240.758 315.834 26
123.413 320.667 18
434.892 323.028 1
117.597 325.386 4
128.249 325.831 5
227.582 326.953 10
782.632 330.005 2
791.098 330.525 1
147.709 333.036 1
542.574 334.255 38
550.467 333.14 7
554.794 334.325 7
624.002 334.164 9
404.911 335.433 7
49.9459 337.194 6
672.875 338.004 6
777.63 340.198 2
319.192 340.024 19
584.06 340.126 26
784.394 341.715 2
199.995 343.167 2
338.865 342.549 5
654.823 343.482 41
662.514 345.544 5
186.29 351.041 1
191.065 348.641 18
212.98 351.761 2
315.375 351.133 5
335.822 358.319 12
210.973 359.194 26
305.65 359.351 10
219.044 361.472 7
391.469 363.2 1
449.731 364.726 3
614.234 365.17 10
624.088 369.466 6
638.272 371.1 30
642.725 372.445 8
651.602 374.379 11
601.75 380.125 6
665.692 387.654 13
588.638 390.799 14
626.992 391.615 12
464.033 395.167 2
576.673 394.306 8
567.241 395.936 22
556.229 398.004 16
666.807 398.969 9
656.983 402.508 1
320.73 405.983 1
170.532 407.044 1
332.223 406.604 3
180.357 408.216 2
67.544 410.808 6
74.3285 409.689 3
487.954 410.329 12
50.7984 412.681 1
429.487 412.185 11
461.996 414.167 1
453.202 415.368 13
41.4825 419.693 1
60.652 419.803 1
651.268 419.415 6
422.109 421.373 4
446.546 422.71 3
564.911 422.708 3
493.891 423.493 7
533.811 424.932 5
438.703 426.534 3
566.462 427.467 2
486.954 429.348 1
507.166 429.208 1
397.181 428.854 6
566.557 431.948 1
453.396 436.951 1
459.72 439.716 1
52.848 440.533 1
792.814 441.11 1
467.868 442.927 1
124.083 6.26649 1
356.514 8.17636 1
369.281 8.101 1
87.196 11.2721 1
384.855 13.9061 1
5.21503 14.5194 1
355.147 15.0053 1
136.94 16.2164 1
19.1943 17.3574 2
98.8047 20.0094 1
18.3252 24.0785 1
58.4524 24.1372 1
354.892 23.7896 1
87.4241 24.9984 1
168.526 24.9468 1
5.75578 27.4318 1
124.406 28.0373 1
137.659 28.271 1
12.8043 28.6312 1
40.1809 29.369 1
52.764 33.8233 10
383.147 31.8585 3
18.6731 32.8603 1
137.381 34.7189 2
5.50991 34.7745 1
58.6089 36.4361 1
89.1509 41.1934 2
138.735 40.8274 1
59.6571 41.8222 2
125.577 41.6247 2
6.00467 43.6462 1
164.465 45.7982 24
154.451 48.0481 1
50.556 48.9677 2
14.1652 51.2738 2
20.5645 50.2122 2
99.8271 50.8959 1
77.2917 51.6963 14
142.302 56.3694 7
8.40904 56.1509 1
32.935 57.313 6
53.8143 56.6003 11
74.2054 61.1303 17
164.798 60.3702 14
67.822 62.5132 8
180.341 63.2335 6
148.41 63.5478 2
92.4652 63.8508 5
100.111 65.3678 4
127.913 66.4429 9
193.279 65.3071 22
83.6038 66.9672 7
16.0804 66.9066 2
179.109 69.2844 4
37.3122 71.8839 12
70.2162 70.5899 3
225.252 70.9006 7
20.7076 72.1685 1
141.808 73.304 1
135.778 78.9305 4
46.7169 80.1265 11
193.446 79.338 2
124.419 87.5232 39
7.53947 85.7537 1
30.4516 86.8788 6
193 86.6921 2
113.223 89.3301 6
149.006 91.2204 4
160.763 90.3729 1
17.4667 91.666 1
128.269 95.7495 15
10.4329 96.8098 1
152.416 98.4226 3
95.9646 102.041 28
85.9104 99.9842 1
192.385 99.8812 1
81.4203 104.7 19
353.173 107.59 14
271.392 110.481 1
329.935 111.398 7
101.609 110.975 1
385.35 110.253 7
79.2204 112.303 8
95.2786 111.829 2
409.221 111.147 5
272.024 115.628 4
320.404 114.475 1
345.252 115.864 2
413.393 115.455 4
605.2 117.738 7
726.75 120.018 4
427.838 119.808 7
420.286 121.221 28
196.191 121.227 30
380.104 120.368 2
392.117 118.27 4
481.87 119.916 1
358.917 121.249 8
678.941 121.245 2
380.602 124.33 8
365.287 131.255 2
613.556 132.047 3
417.396 132.842 8
732.815 135.043 3
194.148 139.932 7
364.953 140.649 1
363.817 148.221 4
306.342 150.859 14
241.367 152.929 2
357.916 155.436 5
300.944 158.131 15
79.0269 160.801 5
89.8069 157.942 7
271.669 157.61 2
488.536 158.07 28
446.544 160.982 17
71.2981 161.576 5
399.921 164.269 25
161.807 161.85 4
312.026 162.44 11
61.6125 162.831 3
54.4443 164.364 5
103.908 165.15 17
44.284 164.668 5
332.401 165.411 8
35.2337 166.851 4
343.993 167.098 8
481.426 166.807 1
127.666 172.696 28
347.444 167.414 2
443.322 169.17 26
21.7687 168.892 1
11.068 170.21 1
264.826 169.871 12
270.773 170.481 7
367.408 170.828 12
143.072 171.771 12
252.876 171.639 1
382.344 173.202 10
385.481 171.877 3
101.968 174.303 18
154.444 175.046 13
173.279 177.502 43
179.191 174.448 5
399.592 177.792 23
413.718 176.357 14
113.726 172.893 19
62.143 178.291 22
124.834 175.878 37
747.856 176.718 8
82.3079 177.209 26
453.613 178.483 16
135.338 180.139 9
427.543 178.2 4
549.189 178.985 3
236.051 182.724 38
22.5244 180.918 2
585.093 180.872 6
593.356 183.409 32
119.231 183.325 13
251.027 184.646 7
262.381 184.544 5
457.552 185.626 4
520.059 184.587 5
434.285 187.319 5
498.829 185.369 1
508.813 184.637 2
527.601 179.295 14
72.5389 185.648 1
490.766 187.327 15
621.817 187.688 15
59.4408 187.247 3
150.571 186.605 6
414.298 188.517 3
536.035 187.242 5
99.187 187.782 13
291.949 190.792 24
7.38544 189.036 1
161.825 190.322 19
560.905 190.87 6
422.22 189.319 41
140.736 191.26 7
201.089 192.385 22
206.954 191.746 39
152.582 192.593 2
413.647 193.442 1
340.119 195.586 13
594.82 196.481 6
146.271 195.372 4
181.208 197.111 21
223.844 196.338 10
601.442 195.844 2
279.415 196.776 5
359.543 198.474 8
433.859 197.336 9
261.384 198.197 5
213.573 200.53 13
205.58 199.947 6
297.756 199.567 2
392.809 201.838 9
772.785 201.686 1
35.3085 203.134 8
245.956 203.742 8
290.044 203.488 32
403.532 203.223 4
224.756 204.507 4
299.034 206.012 3
320.004 210.658 17
264.664 207.987 5
311.427 207.608 8
278.807 209.615 10
427.661 208.725 7
340.124 210.599 14
383.132 210.465 5
458.651 211.177 44
469.199 212.347 7
293.782 211.982 6
746.262 211.347 10
414.579 213.133 11
557.494 211.739 8
481.94 215.187 22
194.89 214.065 9
309.659 215.213 29
387.23 217.183 6
464.28 216.593 2
364.43 218.278 9
253.714 220.451 12
277.911 219.759 45
402.809 221.577 15
530.764 218.973 7
539.055 222.316 7
134.278 216.669 6
477.786 221.759 18
95.8228 221.823 2
289.866 222.78 5
311.101 224.079 29
550.107 226.412 14
425.815 222.642 1
81.8124 223.897 4
338.935 222.182 23
395.441 224.257 10
418.552 222.231 3
574.817 227.307 18
280.607 228.729 11
464.681 225.965 12
590.123 225.925 6
455.216 227.003 10
603.822 228.727 11
622.409 230.455 7
106.215 230.308 2
272.558 229.567 11
421.597 229.709 40
515.029 230.186 23
468.115 230.358 2
359.841 231.852 16
474.215 233.837 6
263.537 233.93 5
321.141 234.86 16
649.796 234.428 2
301.816 234.262 6
508.938 234.741 14
273.505 238.171 3
674.561 236.416 2
430.893 236.426 15
539.884 238.974 5
155.573 240.118 7
370.906 239.37 15
381.507 240.542 6
708.483 242.486 5
347.797 240.967 6
489.362 240.938 19
393.88 242.209 1
587.753 241.683 21
722.391 241.965 3
470.268 246.282 15
527.227 244.703 24
608.561 245.829 13
734.663 243.728 1
743.556 244.313 1
417.719 245.383 2
578.505 244.896 6
434.037 245.271 18
453.789 247.78 25
638.878 247.567 29
759.169 248.204 4
360.632 251.109 14
560.755 248.751 27
393.84 249.079 32
596.4 248.812 2
602.455 253.36 25
448.946 256.082 9
53.0303 250.88 1
376.382 253.008 5
377.583 251.435 4
408.595 251.245 5
175.117 252.881 19
629.081 251.787 1
322.641 254.482 30
339.886 254.759 18
364.463 253.931 8
609.544 254.505 21
262.028 257.935 8
500.744 257.247 12
561.825 256.789 7
637.426 255.827 12
45.4054 255.906 2
402.183 253.642 13
646.929 263.355 26
449.717 258.84 7
706.285 260.686 18
386.858 261.136 13
663.198 259.105 2
165.715 261.865 10
329.249 262.308 5
378.868 264.289 12
412.428 261.985 19
547.328 262.453 8
318.965 264.045 18
737.468 264.261 14
694.604 264.219 11
246.756 265.72 7
403.343 264.756 17
432.393 267.099 35
758.812 264.752 1
663.91 265.723 35
717.031 266.673 6
467.892 266.183 8
371.887 268.997 13
527.699 269.878 19
733.192 265.538 5
335.773 271.971 30
417.677 268.741 2
505.07 270.705 33
528.935 270.382 1
244.084 271.388 11
438.415 274.388 15
462.387 274.084 5
357.269 276.55 29
409.658 274.115 1
709.265 274.972 20
777.386 275.205 1
729.92 276.853 21
44.2728 276.835 3
344.434 277.343 5
366.376 278.04 6
745.53 277.244 15
756.72 277.108 5
147.525 276.993 17
500.401 278.764 1
419.613 282.899 29
161.856 282.431 5
457.29 281.864 34
782.297 282.061 2
225.354 283.737 5
749.287 284.009 2
186.358 284.406 4
397.265 285.447 16
331.396 288.272 18
457.445 288.836 4
490.872 291.847 3
5.09886 290.58 1
220.464 292.461 14
465.531 291.904 10
479.769 292.503 4
567.363 290.943 2
440.849 294.013 24
237.697 293.3 17
253.829 295.435 14
427.7 295.784 5
551.744 295.287 3
430.068 295.303 3
702.549 295.098 21
50.3972 299.16 18
262.852 298.122 9
83.4408 299.056 4
232.551 299.8 5
576.38 298.936 4
596.545 299.89 16
389.484 300.76 1
114.275 301.757 1
564.013 302.254 1
702.1 302.333 7
70.3993 303.193 6
102.425 305.166 4
603.305 306.421 11
581.588 306.363 6
590.867 308.464 34
57.9353 308.226 10
231.889 311.831 27
254.92 314 36
404.147 309.357 16
528.174 312.229 32
11.604 309.422 1
683.621 310.783 4
127.415 312.083 1
725.574 313.021 1
220.615 317.349 26
533.936 315.086 2
119.141 316.17 12
251.201 316.505 16
265.724 316.88 28
428.725 316.382 4
11.9805 320.862 2
294.197 320.426 12
353.907 321.881 11
576.137 322.089 20
486.864 323.506 15
359.748 323.903 9
517.468 323.664 2
375.389 325.427 5
547.958 327.164 6
218.943 328.218 20
262.71 329.23 12
411.461 327.927 17
437.35 328.154 11
628.458 329.502 9
120.88 331.363 26
598.267 329.955 6
118.055 332.813 6
442.825 333.292 4
503.815 334.569 10
190.336 334.873 5
415.204 334.258 1
493.113 341.434 22
149.812 337.111 3
448.606 341.877 13
534.949 339.699 23
547.419 338.411 3
631.21 338.093 15
670.054 339.036 7
436.623 340.055 21
372.945 340.495 7
395.08 340.181 6
407.863 341.606 19
459.303 339.759 6
421.107 341.151 10
470.038 344.394 16
488.083 341.538 9
479.117 344.363 16
651.895 341.805 4
593.683 343.022 1
47.8523 344.376 15
675.203 344.17 3
790.132 343.872 1
315.353 345.091 12
325.084 345.472 6
555.906 347.285 18
28.282 345.778 4
322.113 345.681 1
567.594 349.236 21
587.446 346.815 1
527.065 347.267 5
582.06 348.376 5
339.416 349.635 6
631.5 353.02 22
654.502 351.013 12
166.734 352.097 1
520.089 352.516 6
489.912 354.792 23
323.958 356.401 42
189.942 357.516 19
414.196 355.643 13
472.261 355.639 2
313.794 360.318 19
482.194 357.238 7
498.131 357.269 10
225.055 358.333 14
332.432 357.68 1
236.472 359.322 32
453.048 359.366 9
364.522 360.862 16
373.118 361.399 14
354.05 361.326 7
348.061 363.011 8
518.65 364.732 7
629.667 364.032 54
337.397 363.848 9
248.124 365.337 22
508.554 365.495 4
392.919 367.137 23
461.07 367.513 16
258.691 368.178 23
476.51 368.254 3
486.547 367.234 7
388.472 369.298 14
240.657 372.895 18
286.757 370.665 18
228.795 370.941 10
418.285 372.38 16
627.947 374.26 18
248.206 375.508 13
643.961 380.266 5
261.035 379.733 6
616.411 384.741 16
290.799 385.928 6
672.123 386.402 1
603.498 386.999 21
740.744 386.837 2
456.921 387.85 1
323.994 391.037 11
486.894 394.426 1
593.434 393.547 3
666.303 393.95 1
677.175 394.88 17
450.51 394.524 1
258.333 395.214 4
551.818 395.132 3
582.727 398.64 16
604.06 397.959 11
468.852 397.973 15
238.838 399.926 1
660.916 402.13 3
572.844 401.843 7
414.442 401.944 2
563.582 403.966 24
636.397 401.902 14
312.676 402.635 7
651.011 405.507 7
665.285 405.733 19
555.96 407.811 9
255.088 407.175 1
526.31 408.608 12
508.383 407.42 8
348.821 409.663 8
548.135 410.525 4
644.487 409.907 3
174.708 412.576 16
367.728 412.978 11
493.686 413.209 3
471.384 414.113 8
448.713 414.72 2
555.313 414.42 5
71.9946 415.744 9
378.29 416.046 7
437.81 415.558 3
483.468 415.629 5
230.788 418.383 13
328.328 416.646 4
335.434 417.463 6
501.216 417.745 12
509.32 417.525 8
429.435 419.854 5
75.4885 421.094 3
459.702 421.899 6
238.335 422.039 4
66.102 424.19 8
37.7516 423.825 8
650.772 424.823 5
745.45 425.474 2
57.4585 426.371 1
227.037 426.432 2
8.61872 427.088 1
573.443 425.762 9
233.15 428.394 1
421.76 428.534 1
664.959 428.66 2
493.083 430.35 1
523.708 430.148 1
443.424 430.63 2
653.974 431.258 1
545.618 432.014 1
406.789 432.685 2
514.637 432.695 1
677.201 434.227 1
396.053 434.727 1
6.88525 436.81 1
563.641 437.491 2
549.272 439.299 1
449.985 441.184 1
541.939 441.774 1
51.3174 5.49565 1
51.4161 20.6182 1
90.7797 25.2879 1
131.109 41.9335 7
93.8891 49.3205 7
176.982 93.5347 20
197.081 109.634 27
410.404 127.897 4
201.723 140.137 29
272.368 144.952 36
314.739 151.979 28
41.6448 178.111 9
205.315 178.77 7
399.698 179.976 8
221.829 180.612 14
307.324 190.858 11
328.82 195.139 11
578.741 196.276 21
630.753 205.083 16
498.015 226.168 22
623.833 246.987 29
775.52 250.043 2
412.938 254.604 23
792.781 271.903 2
786.136 338.252 3
339.478 338.896 16
206.199 354.799 5
672.382 380.125 8
539.907 416.432 6
53.1818 419.445 8
81.685 12.4081 1
43.3535 16.7369 1
81.5683 21.3957 1
118.871 25.1857 1
81.9343 41.3834 6
119.383 43.1217 1
40.3113 75.0896 3
154.148 114.973 17
421.727 122.756 2
287.172 148.893 34
120.064 154.494 27
382.074 161.702 15
176.038 164.159 4
401.834 166.23 6
434.234 172.571 1
522.162 177.272 22
536.049 180.145 7
561.656 181.865 52
135.092 186.419 6
335.845 188.066 9
271.326 200.084 10
461.423 203.244 1
330.434 208.596 16
498.625 208.378 11
533.084 211.288 10
600.802 220.881 12
351.238 231.686 19
688.914 230.402 10
533.813 237.177 1
448.822 242.257 1
358.862 242.904 2
176.138 260.27 12
166.75 267.359 13
359.309 268.9 7
43.7691 290.85 4
328.312 309.399 32
518.489 312.937 3
243.426 320.441 1
543.476 335.318 2
567.641 338.73 38
341.715 341.838 1
508.509 359.09 12
622.043 356.218 11
570.436 396.602 2
655.493 398.426 6
56.4056 409.204 10
483.132 431.994 1
361.381 13.8923 2
66.3884 16.3366 1
22.9257 19.0751 1
105.245 24.307 1
378.791 24.4128 1
11.9684 32.7035 1
144.935 32.5543 1
133.018 45.8147 9
27.0462 48.3117 1
91.7493 53.1337 3
146.772 54.6862 2
53.7772 55.9439 1
166.556 62.4627 1
195.103 67.0107 2
85.8841 70.3031 3
230.61 72.53 5
149.147 73.3761 20
46.1468 83.6602 2
163.49 85.9784 3
200.437 85.6395 9
28.8088 91.1941 3
133.99 97.9542 3
96.9742 103.006 4
83.013 105.766 1
336.47 109.88 9
355.587 112.387 10
276.303 117.359 1
371.485 116.654 16
195.643 124.431 10
432.019 122.485 2
163.594 124.388 3
395.532 122.704 12
369.433 134.103 1
616.246 133.933 2
422.151 135.963 1
354.72 139.884 2
204.99 141.347 3
244.744 144.036 8
457.734 151.855 10
362.198 157.607 3
297.51 165.332 14
489.854 163.519 11
95.4788 165.329 20
447.844 167.208 8
350.482 174.242 4
145.742 177.294 8
21.9349 174.929 1
388.997 178.189 4
483.072 175.502 34
100.536 177.012 4
414.485 177.572 1
65.4204 179.781 6
236.155 184.933 3
515.87 189.825 1
18.48 188.841 1
268.976 193.031 12
294.248 191.681 4
454.78 191.163 5
492.55 190.847 3
536.097 191.461 2
164.085 192.218 1
181.995 200.977 3
53.9206 202.701 7
321.157 212.168 1
461.331 212.349 1
199.103 210.789 8
341.44 216.855 4
378.279 221.947 6
314.167 227.773 6
572.283 231.361 4
461.122 229.364 1
363.012 230.846 4
637.902 233.003 14
283.107 236.899 12
295.593 246.47 16
455.373 250.072 2
556.673 252.9 10
603.742 256.534 8
326.685 256.91 1
177.023 257.2 12
347.153 257.544 36
568.013 262.336 1
710.243 261.379 15
644.798 266.42 4
434.814 267.557 3
769.044 270.15 2
176.202 271.446 4
250.831 274.419 7
507.337 275.482 17
337.334 274.343 3
555.411 274.794 3
711.214 276.845 3
151.944 276.08 10
353.55 278.016 12
406.404 278.108 3
732.025 280.92 3
189.618 276.608 9
180.511 282.875 1
423.355 285.688 33
397.972 288.021 2
223.368 292.836 1
446.566 295.983 2
242.352 294.807 8
557.515 295.729 8
51.4392 300.202 6
118.986 306.447 13
61.0169 310.707 3
594.884 307.954 14
15.9852 313.885 1
254.373 316.934 1
529.385 319.921 28
224.707 317.356 4
333.925 320.089 1
487.66 325.601 1
239.314 332.034 3
266.07 331.777 2
632.773 337.098 1
195.763 337.283 39
439.01 343.414 6
496.651 340.469 3
534.642 342.922 2
376.353 341.795 16
398.988 345.339 4
452.203 343.686 3
123.617 345.039 3
560.153 349.982 10
490.375 359.273 7
367.512 363.55 7
355.144 364.122 3
518.412 365.424 1
257.016 369.721 11
297.358 369.713 5
392.415 372.414 3
459.091 369.513 4
482.649 370.004 1
435.935 372.358 21
286.305 373.14 2
421.092 374.87 4
240.241 376.578 3
208.174 377.299 1
650.405 381.589 12
675.093 381.754 2
621.992 383.043 2
605.469 389.364 3
324.085 393.568 2
622.341 396.39 17
583.656 400.827 1
563.389 406.767 1
640.049 405.073 1
349.791 411.59 1
501.911 422.326 2
183.548 423.548 1
431.804 425.995 3
58.5316 432.146 1
450.454 431.187 3
575.385 431.149 1
658.228 434.905 1
521.599 435.47 1
148.567 35.4832 2
401.698 186.025 8
266.761 196.595 10
461.726 195.352 3
649.982 206.04 8
740.925 218.212 4
497.941 221.283 4
772.547 222.926 2
548.61 226.335 5
571.562 235.088 16
440.869 245.544 16
232.105 316.197 14
410.987 343.19 1
320.1 359.9 10
625.766 383.09 8
683.544 387.166 4
377.261 425.096 4
40.2347 21.9674 2
78.5506 20.8138 2
78.9107 46.5158 3
39.1264 50.2507 2
19.1645 81.5288 1
419.633 127.742 1
325.95 155.938 3
238.596 169.516 1
407.05 164.947 3
573.333 184.911 22
597.702 186.741 7
635.445 190.063 4
469.937 199.429 1
699.654 197.878 4
734.674 200.496 4
405.927 229.924 7
339.536 240.15 4
541.703 292.555 8
330.493 306.752 2
511.395 315.107 2
109.798 323.701 3
576.154 339.547 2
658.771 394.352 3
525.873 422.138 1
365.101 23.0693 1
276.246 61.3608 1
239.265 75.2729 1
55.7266 89.5351 1
127.751 91.9374 2
30.5766 97.4545 1
299.863 113.01 2
204.067 115.471 6
375.178 158.498 3
187.934 157.964 5
460.276 165.119 4
498.474 170.359 15
300.587 170.608 8
127.064 177.789 1
45.3284 183.115 1
178.483 187.666 24
396.507 186.018 3
657.555 190.457 7
245.327 191.796 4
370.372 209.354 9
584.943 208.078 2
230.649 216.775 2
510.834 228.237 4
577.099 236.401 5
678.769 251.315 2
527.669 257.148 1
353.204 266.581 6
554.757 260.363 13
656.817 272.954 2
261.713 276.182 4
438.227 279.353 3
517.291 278.081 3
715.739 285.158 1
25.1586 289.29 2
456.36 303.157 2
601.282 318.015 14
533.949 324.979 5
539.395 357.233 2
558.611 357.698 2
195.331 359.389 4
638.2 360.403 1
322.406 366.077 3
491.768 371.796 1
434.854 379.13 1
650.468 389.274 1
608.393 399.839 1
575.759 411.365 1
641.873 411.712 1
424.055 161.804 21
690.924 222.01 4
774.918 232.084 2
718.253 259.518 3
311.76 330.674 2
385.971 379.688 1
74.6835 153.786 5
351.698 235.762 9
281.903 76.0454 1
643.229 105.326 1
707.596 105.005 1
215.468 114.493 3
313.867 124.765 1
565.568 162.669 1
469.782 186.072 8
52.3194 193.458 1
382.773 271.49 2
286.762 280.431 2
286.204 331.36 1
412.554 347.377 1
561.29 375.772 1
329.999 380.869 2
163.851 89.9316 1
463.636 107.58 1
440.65 129.976 1
679.509 146.111 1
42.1884 72.0749 1
174.033 87.0399 1
185.894 129.348 32
110.046 158.7 7
265.944 178.432 6
164.173 182.553 6
437.243 189.391 11
184.65 190.965 2
354.353 214.094 5
273.005 223.706 10
479.235 223.206 1
449.56 238.388 10
318.79 245.853 1
744.51 256.969 2
688.659 257.464 11
757.939 258.521 2
494.703 261.437 1
430.54 287.455 3
578.762 293.408 6
243.471 305.395 16
506.214 359.625 2
460.632 360.381 7
660.305 376.031 2
634.843 394.08 6
650.555 398.307 8
451.162 407.839 7
273.826 50.6726 3
170.319 53.1428 12
127.247 55.8844 5
22.46 65.2364 1
20.3138 75.7495 1
175.901 102.629 2
142.392 109.228 8
171.338 111.931 19
168.251 121.858 3
478.923 175.196 2
441.864 183.649 16
129.325 196.578 3
156.516 202.642 8
329.75 205.71 2
113.392 205.915 13
715.144 206.878 3
726.163 207.656 3
132.316 215.347 8
494.987 215.117 12
378.481 220.345 2
280.627 229.05 1
553.463 239.636 8
515.327 239.73 6
546.185 250.474 7
647.419 249.955 10
671.491 253.427 17
679.745 256.951 13
656.734 258.175 7
724.793 261.908 25
765.943 268.812 5
343.871 272.185 2
450.169 271.48 2
548.671 269.183 7
394.001 275.106 10
42.4839 283.18 8
761.773 284.764 5
543.493 295.317 2
294.634 310.305 6
545.067 314.062 4
563.439 318.428 1
473.264 324.488 4
401.026 327.513 2
121.83 341.369 2
268.623 370.286 5
425.12 373.188 3
268.285 383.535 6
620.47 394.987 1
540.767 407.513 2
522.651 410.71 2
480.846 130.837 16
592.698 198.285 1
614.859 202.938 1
652.097 203.413 5
257.031 211.806 12
689.88 212.598 6
681.359 214.2 2
737.092 212.68 1
769.525 218.987 2
470.501 346.942 9
102.369 152.897 8
137.181 159.263 10
340.855 183.923 3
360.085 191.324 14
622.774 190.03 9
661.57 191.473 7
678.227 193.996 8
503.339 205.296 5
687.179 228.535 1
727.982 234.356 1
178.074 260.504 1
544.242 273.177 1
270.297 288.98 16
300.08 297.237 4
88.1697 73.6052 1
141.131 94.9701 3
196.526 117.219 3
545.204 130.661 8
421.994 139.167 1
364.43 154.336 7
473.392 159.44 9
173.061 179.613 1
99.6436 183.87 2
342.265 200.337 1
372.762 205.044 8
398.146 205.03 9
248.507 214.236 18
321.403 218.086 7
431.735 215.55 2
316.608 229.983 2
460.716 233.432 1
606.489 236.264 8
681.45 245.552 3
711.426 246.119 1
749.969 248.945 2
454.984 256.08 6
551.358 258.658 6
530.259 279.971 25
560.378 277.882 2
463.559 279.518 5
331.857 292.603 2
399.83 292.072 1
443.03 304.125 10
595.265 312.301 2
237.371 335.626 2
259.566 333.994 8
632.706 340.932 1
125.069 348.882 2
534.194 347.137 6
492.459 362.664 5
207.113 381.496 1
299.874 108.137 7
493.48 165.927 10
299.644 169.24 1
174.584 182.903 1
208.774 189.204 1
500.865 197.981 2
502.409 225.034 1
520.846 232.009 23
627.508 242.336 3
641.234 242.544 10
665.184 247.446 9
711.665 258.584 4
256.021 276.711 5
256.58 313.88 1
296.614 322.448 1
503.021 340.378 5
186.11 102.439 1
343.445 188.378 9
347.522 235.787 3
461.38 172.717 4
127.083 181.667 2
173.837 190.19 8
211.822 194.354 2
243.094 195.857 1
295.321 204.705 1
445.119 235.414 6
464.863 252.692 14
633.041 248.688 4
415.922 262.464 2
355.546 263.903 1
555.316 263.24 16
264.602 278.15 2
520.485 277.966 5
708.577 293.559 1
577.497 171.924 2
345.117 227.715 21
612.431 238.994 10
521.39 177.367 1
565.68 339.21 1
547.766 342.91 3
440.77 250.364 5
376.985 193.594 9
345.708 188.544 4
463.886 320.359 3
420.635 287.581 3
394.996 278.647 2
475.167 361.174 5
345.197 247.397 2
430.646 334.674 4
513.799 423.191 6
301.932 220.344 10
88.8652 58.6263 4
441.2 420.416 1
64.1105 55.5332 9
95.3031 105.911 2
63.5802 410.973 3
695.917 203.885 3
677.086 203.411 3
651.838 202.695 1
546.778 123.141 6
619.789 196.657 4
676.708 265.145 1
653.663 265.214 5
558.846 178.993 5
537.006 173.582 2
603.491 259.845 6
477.55 155.363 4
459.314 150.237 3
689.268 383.521 4
453.005 152.901 4
720.472 422.91 2
608.27 319.146 30
573.606 291.961 10
387.31 109.497 3
496.695 232.775 6
537.763 280.686 23
486.524 231.872 4
618.914 377.758 2
554.313 329.764 1
611.168 389.137 2
512.558 309.704 9
351.178 153.963 5
410.379 219.257 12
358.958 168.656 2
427.451 243.861 6
333.035 153.777 10
430.511 253.974 1
268.299 103.181 26
360.325 212.113 2
288.935 145.877 8
420.206 278.425 2
334.565 203.75 6
287.282 158.91 4
440.096 315.15 6
324.81 212.634 1
183.644 76.7293 14
250.31 142.74 4
309.049 200.645 4
415.218 321.732 4
228.183 142.615 2
315.643 238.564 7
437.632 369.344 2
391.741 326.375 1
138.747 75.2335 1
149.634 85.0381 7
308.023 248.986 8
296.549 242.736 3
81.0937 34.8355 5
280.65 233.047 3
358.272 314.585 3
316.317 279.186 3
444.158 406.608 1
309.186 278.89 2
252.477 228.197 3
29.7056 27.8943 4
223.38 220.129 5
199.796 199.164 6
400.899 411.443 3
249.746 263.959 3
310.2 325.835 8
143.784 164.322 2
280.465 318.136 4
285.8 337.323 10
132.623 184.502 2
187.352 259.23 6
333.369 402.631 5
112.671 212.971 1
179.474 279.186 7
229.868 331.852 7
270.943 380.986 5
156.337 275.636 4
147.675 283.762 1
208.164 365.209 13
75.3669 230.825 1
245.354 400.736 5
179.589 360.606 5
117.368 341.036 1
33.1282 276.184 3
172.192 420.009 1
44.3499 305.529 3
48.5889 351.335 1
667.238 208.767 2
488.506 158.055 2
593.744 308.69 1
396.529 115.927 3
452.318 187.636 4
694.11 198.406 3
723.991 235.696 2
675.584 196.243 2
593.422 187.49 3
478.343 179.452 10
415.897 123.93 4
664.27 377.714 3
582.051 342.662 1
379.801 163.765 4
354.886 143.372 2
402.597 195.114 2
514.877 312.944 1
459.365 284.362 1
411.281 241.888 2
408.202 280.748 1
173.473 53.9146 1
520.566 403.003 3
255.143 284.508 23
537.604 70.4997 2
625.684 184.406 1
690.894 269.44 4
626.704 235.792 3
453.407 157.93 1
605.412 321.536 7
522.812 247.922 4
617.034 362.704 5
523.346 276.49 1
299.401 104.987 1
349.037 158.388 11
342.338 176.086 20
420.558 256.908 6
314.195 167.049 1
299.028 164.622 2
326.176 196.586 1
438.532 321.345 2
395.104 290.025 2
181.749 95.2615 7
267.448 192.916 1
137.417 95.9359 2
312.251 320.86 2
295.61 316.149 4
97.4717 117.472 1
280.884 340.861 4
99.4594 180.02 3
225.714 336.645 4
176.033 285.401 1
266.927 389.071 6
237.86 377.68 1
204.534 379.631 1
189.226 377.993 1
103.011 317.572 4
117.48 348.616 1
687.606 217.237 2
465.636 232.903 1
253.463 268.913 3
258.729 305.859 3
691.91 202.073 1
655.72 193.928 4
591.374 189.193 1
491.287 176.761 10
427.991 168.832 8
370.767 164.133 1
500.214 318.859 2
398.625 231.215 10
283.292 152.57 2
174.11 119.075 2
320.435 309.743 9
650.139 279.103 1
460.34 168.38 1
551.849 261.705 3
513.786 233.57 1
516.255 272.284 4
446.459 225.31 7
330.512 120.707 1
395.249 189.018 1
529.931 326.856 24
392.114 217.328 9
451.092 308.387 3
294.173 174.177 5
206.713 112.539 2
349.715 263.231 1
263.421 200.097 1
289.329 265.323 1
270.099 280.182 5
241.657 176.391 1
721.931 273.056 2
614.599 373.704 8
527.275 213.836 1
483.241 227.796 3
479.574 135.648 3
401.267 214.203 2
393.785 267.338 4
380.895 276.127 6
361.752 224.913 6
356.252 33.0418 1
129.995 317.153 1
113.347 90.8538 1
112.97 179.662 4
756.064 271.462 4
707.313 281.421 3
681.863 316.037 1
678.241 386.95 3
656.484 201.015 2
642.561 427.419 2
639.981 386.232 1
635.112 231.625 5
636.431 198.515 1
629.944 405.476 1
621.881 342.32 9
607.085 314.053 2
597.254 180.917 1
586.058 301.177 3
573.004 331.838 9
560.472 295.547 2
558.888 339.165 1
547.466 315.173 1
540.903 264.678 5
528.277 415.786 6
508.247 268.791 1
504.465 424.79 1
493.565 134.589 4
460.28 420.987 1
460.119 246.154 4
431.071 316.83 4
400.465 111.446 3
397.123 242.368 1
381.997 427.327 1
379.326 339.709 1
376.865 199.124 3
373.976 123.129 2
370.441 24.5989 1
353.936 340.648 1
350.3 125.263 4
342.553 108.323 4
332.603 390.91 1
326.711 192.395 1
316.285 403.423 4
312.216 256.199 1
292.211 231.455 6
282.884 330.927 1
266.184 112.918 11
261.538 395.591 1
250.586 197.605 6
235.829 265.959 12
217.997 140.899 2
215.272 295.954 1
194.988 275.399 2
194.716 356.003 2
187.076 411.305 4
184.016 340.376 7
184.976 360.912 3
183.416 174.298 2
182.019 188.685 1
164.833 27.9723 2
154.734 274.881 1
138.582 275.86 5
108.672 337.744 3
94.3373 42.224 5
94.7632 49.1482 2
94.8383 192.921 1
87.2436 173.435 4
62.2292 250.235 2
57.1621 202.292 1
55.5987 50.8756 5
57.1178 407.35 1
54.7047 40.7863 4
54.0789 343.859 3
48.8251 78.6189 1
46.7526 176.973 1
41.9195 35.2452 4
392.162 259.261 6
693.629 250.643 6
576.594 219.05 2
565.573 239.507 2
560.325 407.591 1
513.262 212.76 1
465.239 145.044 1
450.252 191.649 7
313.849 153.314 2
270.755 149.228 3
248.939 280.449 4
226.011 173.752 2
148.012 42.7016 4
148.814 57.8912 3
653.971 385.057 6
620.57 398.499 1
615.935 342.668 4
608.059 392.497 1
598.017 230.182 4
541.473 284.978 6
533.38 175.64 4
527.752 222.767 1
510.197 310.846 1
496.914 219.027 1
489.075 278.909 4
484.936 235.914 1
475.417 228.534 2
454.719 295.944 4
443.378 241.654 3
432.649 160.18 2
430.054 373.647 3
405.524 222.473 1
373.02 224.698 1
339.946 126.409 3
302.135 313.836 1
300.223 248.183 3
286.009 339.598 1
268.988 384.96 1
266.112 106.472 2
266.792 131.976 21
262.594 260.854 1
259.229 300.198 2
243.309 291.713 3
212.524 324.833 4
209.963 311.743 3
194.136 375.765 1
182.699 80.8336 4
182.609 130.064 3
181.183 116.543 6
181.688 345.311 2
172.346 362.711 6
129.478 69.9828 3
117.303 319.788 2
111.14 346.496 4
79.9802 179.704 1
480.456 280.039 1
322.91 397.66 2
258.257 265.846 5
645.93 190.041 12
582.007 186.468 3
494.427 346.812 6
428.254 284.698 1
365.579 162.461 2
318.972 156.284 1
317.28 306.181 1
276.887 151.644 3
258.088 286.096 1
649.627 273.587 1
631.075 244.949 2
599.208 263.237 1
601.579 322.732 1
579.466 207.559 2
542.924 358.137 1
521.789 280.426 4
485.077 308.508 1
447.383 219.005 6
421.192 163.43 1
385.733 182.31 3
345.978 285.47 2
284.719 320.493 1
276.133 227.678 1
254.937 195.653 2
193.07 322.541 1
172.537 98.3629 1
503.055 174.921 12
445.365 282.728 6
290.917 143.22 3
520.367 286.225 2
379.03 273.128 1
623.614 376.027 1
722.982 254.532 3
689.094 249.614 2
550.439 321.302 1
633.783 231.941 3
558.063 232.641 12
474.383 291.414 1
370.097 262.102 6
363.626 259.494 1
212.635 371.124 1
205.892 370.744 2
245.6 277.292 5
43.6241 429.176 1
94.4332 173.779 2
599.65 390.347 3
542.711 410.732 2
530.05 411.764 1
501.008 401.362 2
511.671 355.46 4
519.981 342.038 4
510.781 322.902 6
485.611 335.691 2
501.799 260.23 1
604.535 141.481 1
502.624 216.113 1
359.447 334.687 1
498.084 179.068 2
438.265 232.837 3
387.902 284.944 6
290.064 358.615 11
383.959 265.833 4
506.971 134.509 3
248.488 309.078 2
296.982 231.025 4
401.373 122.635 1
175.641 347.118 3
182.531 335.177 3
238.629 279.789 7
302.154 207.778 2
375.281 114.419 1
198.183 275.315 1
281.193 189.35 4
317.712 140.466 4
42.9497 412.566 1
168.975 249.025 1
263.902 138.498 1
169.826 194.832 13
74.7344 289.737 1
99.0132 223.674 3
218.978 73.2036 1
101.481 188.954 1
38.0732 248.835 3
164.558 99.9404 4
85.3358 152.359 3
32.84 174.393 2
36.854 160.181 3
90.0044 92.0126 5
120.462 51.8246 1
106.715 60.4425 2
24.4107 38.1317 1
646.3 380.797 1
692.412 240 2
624.798 222.29 5
608.87 119.896 3
401.367 319.461 3
271.926 199.931 4
665.594 253.632 5
562.097 237.301 3
490.705 217.866 1
455.008 197.43 1
278.658 373.237 3
445.898 187.904 3
338.939 258.942 1
220.983 319.119 3
42.4652 83.3917 3
586.773 383.492 4
615.778 353.269 1
566.502 392.68 2
506.376 347.575 9
515.835 338.178 12
481.413 232.785 1
298.363 355.382 3
407.213 234.996 2
459.485 141.74 3
316.579 266.411 1
334.009 242.175 1
201.424 362.283 7
326.783 222.452 1
237.848 283.294 1
181.359 341.893 1
210.305 305.782 1
266.755 242.971 5
223.454 288.282 1
54.9029 287.578 1
150.094 54.7458 1
613.358 323.033 6
568.981 335.404 1
500.336 345.878 3
465.394 348.37 4
391.277 183.017 5
364.864 209.009 8
344.903 231.219 1
65.4015 151.396 2
627.797 359.158 1
554.026 353.75 2
529.444 353.728 2
562.201 232.092 1
429.866 274.518 1
488.589 166.43 1
251.639 277.55 1
367.957 154.106 4
198.444 187.667 6
236.386 141.096 1
193.142 115.052 4
117.761 87.3915 1
681.385 219.726 2
564.627 330.827 1
492.502 307.657 4
576.075 206.614 3
474.17 275.355 2
469.364 239.345 2
371.987 309.091 9
462.307 159.569 6
317.717 297.112 2
422.536 158.971 2
389.798 182.984 1
338.195 229.177 1
408.234 119.574 1
196.643 315.105 1
324.251 174.929 3
230.483 162.888 1
259.072 110.982 1
324.335 219.517 1
332.144 154.434 3
171.517 162.983 6
525.07 234.659 5
652.151 253.935 2
412.533 278.977 1
141.112 93.1554 2
365.905 122.198 3
389.019 127.712 3
351.291 138.672 2
484.492 144.302 1
467.512 152.648 7
94.999 176.837 1
529.987 188.944 1
337.686 216.15 1
272.906 241.418 2
505.9 246.747 4
572.478 253.058 5
677.014 269.427 2
171.028 273.216 8
316.752 284.896 5
408.184 290.583 2
703.524 306.581 1
582.351 310.235 2
514.566 328.785 3
502.641 336.25 1
197.735 374.777 2
186.757 149.309 1
95.1477 182.484 3
200.741 210.683 2
547.43 257.531 3
90.8053 150.544 1
322.052 271.548 4
342.677 305.87 7
334.991 115.421 1
357.906 116.499 3
238.096 189.871 3
292.196 199.566 2
321.52 202.61 6
395.297 212.555 7
226.565 215.458 1
197.836 218.35 1
248.684 220.301 2
685.292 219.727 2
364.853 237.712 5
607.592 237.82 1
527.627 253.894 1
752.042 255.067 3
417.508 258.963 1
454.298 258.081 2
643.449 270.193 4
354.446 283.507 1
712.906 282.344 1
731.903 284.567 1
401.533 302.863 3
467.669 302.415 1
236.596 340.931 1
196.232 343.078 2
533.958 352.953 1
380.861 343.651 1
568.911 179.304 1
462.103 179.913 1
127.13 188.447 2
210.676 200.387 1
632.374 256.433 2
683.825 263.672 1
583.498 183.896 3
546.84 235.241 5
406.951 195.291 1
41.9964 63.6381 4
39.3319 276.427 1
721.551 212.49 3
748.705 264.406 2
490.309 121.808 2
558.411 194.027 1
699.991 305.041 1
517.62 187.343 1
515.074 221.553 1
623.723 320.248 8
511.368 243.463 5
425.377 248.384 3
143.663 87.1542 1
309.995 239.379 4
243.587 206.725 1
269.066 240.289 1
381.622 326.368 1
202.529 204.693 1
321.304 335.882 4
41.1905 167.424 1
177.292 362.78 1
46.024 354.731 2
709.813 211.491 3
383.085 115.704 1
168.522 149.345 1
727.559 200.52 1
658.009 192.993 1
641.06 192.381 4
551.624 314.814 2
183.165 120.64 1
182.192 135.642 2
542.833 135.286 1
646.12 212.468 1
743.171 282.323 1
628.19 210.67 1
727.484 283.762 1
659.816 271.615 2
449.787 162.83 1
373.126 111.224 4
516.222 253.136 6
457.166 216.315 1
485.857 247.248 1
474.522 243.053 2
312.617 171.966 3
294.443 169.729 6
344.791 207.848 2
447.536 301.089 2
482.857 331.725 2
394.764 297.573 2
79.6312 76.7197 1
234.314 188.569 1
301.575 252.125 2
348.752 279.683 3
324.372 298.598 2
303.902 291.819 3
363.674 366.911 1
89.0884 170.094 1
315.266 363.471 3
259.723 339.003 1
222.898 340.545 2
100.456 320.7 1
111.151 354.724 1
406.199 160.896 1
461.417 250.854 2
435.394 345.154 1
254.786 271.608 1
327.047 152.22 1
394.759 234.136 3
457.556 174.593 1
542.531 278.557 1
509.577 288.252 1
409.048 271.149 2
349.673 266.815 2
283.216 276.22 1
121.901 187.978 1
638.747 395.595 3
544.063 306.36 4
395.089 262.455 2
253.556 324.837 3
728.702 261.434 1
646.471 347.869 2
496.457 366.431 1
418.978 178.116 2
452.829 289.346 2
405.511 190.463 1
370.834 131.276 1
346.596 124.01 2
389.391 273.199 4
380.398 281.199 2
351.316 225.919 4
352.928 251.624 1
323.315 192.49 2
283.097 158.279 1
325.639 335.856 9
118.972 95.0837 1
194.621 370.475 3
87.1709 64.6744 2
136.395 315.485 1
166.255 418.718 1
241.518 290.147 1
682.941 229.966 3
588.546 186.302 2
549.193 311.955 2
484.032 284.44 2
483.77 409.961 1
347.906 160.002 1
329.291 186.81 6
354.887 268.665 1
259.183 136.484 5
260.428 180.006 1
265.996 287.954 4
71.9904 53.4679 1
674.489 241.334 3
684.59 271.957 1
656.873 267.845 2
631.983 238.335 3
572.584 199.261 5
610.702 362.585 1
615.82 398.129 3
496.217 163.109 1
509.835 224.685 1
466.577 158.644 3
503.485 311.293 5
450.275 296.206 2
369.19 226.821 2
348.058 322.715 1
299.913 192.45 5
323.926 291.732 2
261.997 160.96 1
207.934 86.0742 1
257.773 263.438 1
293.856 394.803 1
259.458 304.626 1
171.753 63.2308 5
147.655 127.683 2
234.127 378.422 1
125.258 72.3613 1
184.039 378.64 3
87.4547 117.702 1
168.59 366.797 1
461.325 161.883 4
577.328 188.299 2
633.797 363.121 1
417.066 166.964 5
262.453 287.029 1
643.52 278.629 1
528.679 203.13 3
527.274 329.612 5
445.831 306.419 2
376.578 186.573 2
345.448 221.15 4
280.038 262.749 1
272.972 321.852 3
218.998 222.387 1
452.181 285.384 8
599.231 237.736 8
563.232 284.834 5
503.958 274.536 1
317.23 309.684 1
315.557 244.082 1
123.825 210.478 1
105.177 159.021 1
592.378 388.461 1
583.049 300.627 3
547.02 277.18 3
543.652 254.699 4
488.436 416.646 1
498.645 215.427 1
447.229 229.27 11
418.426 214.088 5
341.411 133.832 1
304.755 200.744 2
267.908 220.359 1
161.028 411.12 1
107.268 330.613 1
109.623 82.0333 1
99.8264 85.654 1
725.546 244.357 1
655.089 382.115 3
678.157 238.222 1
374.001 200.06 1
56.4711 290.682 1
677.156 384.023 2
616.922 248.068 2
507.124 210.342 2
369.366 223.011 1
277.325 147.714 1
222.091 171.589 1
146.644 113.408 1
615.046 395.695 2
606.247 354.053 7
579.939 388.356 4
558.914 394.47 6
592.421 229.252 2
537.533 283.385 9
528.716 175.855 2
461.467 346.257 3
482.589 274.595 6
453.255 210.105 2
380.373 368.356 1
398.374 221.049 1
389.791 203.665 2
364.917 201.649 5
326.283 288.251 2
291.186 357.312 1
299.04 312.683 2
333.366 126.217 1
304.28 217.526 1
307.262 164.483 3
241.124 363.116 2
245.885 293.789 2
246.031 209.804 1
198.594 364.023 1
207.688 320.291 7
205.196 307.72 2
177.957 343.813 2
166.447 361.878 2
196.185 151.858 3
111.277 317.587 3
174.656 114.316 1
176.824 78.6999 2
120.753 172.334 1
122.582 68.9905 2
500.32 311.305 3
481.087 276.845 4
453.803 347.406 1
393.516 179.748 2
635.508 345.811 1
494.644 172.233 1
464.368 197.143 1
374.777 160.529 1
306.815 300.924 2
322.098 238.255 4
596.405 320.088 1
479.241 306.692 1
400.585 256.516 2
412.758 162.381 6
377.922 182.884 6
337.495 280.8 2
279.008 321.621 1
503.412 168.708 2
35.8863 182.814 2
595.831 380.316 2
759.151 239.419 1
491.809 346.349 1
437.419 361.063 2
409.121 365.493 1
440.721 305.419 1
544.063 213.323 1
380.57 318.429 1
221.205 411.665 1
483.136 207.229 1
394.665 256.766 2
572.972 115.044 2
386.66 235.74 3
295.939 302.448 1
250.971 252.375 1
241.022 255.994 4
400.235 118.675 1
336.796 89.8376 2
212.224 129.696 3
105.884 199.422 1
63.1925 155.475 3
55.741 155.633 2
718.45 199.064 1
698.361 195.922 3
641.574 262.646 1
474.652 296.238 1
614.874 328.569 1
696.955 195.157 1
508.614 307.53 2
583.836 239.624 3
415.646 309.714 1
296.561 352.738 2
403.063 226.474 2
554.915 115.965 6
419.65 187.18 1
178.569 337.139 1
208.93 300.571 1
326.766 208.149 1
244.977 248.155 1
105.714 313.796 1
336.774 118.803 4
264.44 125.498 2
92.124 80.4582 1
65.7185 87.0046 1
661.411 187.79 3
239.76 342.997 2
330.917 176.235 2
149.188 155.222 4
100.887 147.683 1
194.316 185.803 2
486.401 304.064 5
583.111 172.802 1
405.902 252.713 3
313.92 293.856 3
420.094 155.244 1
227.5 169.137 4
610.665 187.079 3
690.391 197.528 2
530.387 208.589 1
670.984 227.153 1
781.445 240.074 1
217.488 304.424 2
92.4563 70.2863 1
152.905 94.519 1
610.951 137.622 1
731.388 140.482 5
180.896 181.278 3
225.516 185.852 3
443.008 205.024 4
371.699 231.023 2
516.548 248.562 1
587.071 263.297 4
638.605 262.041 1
677.2 273.065 1
490.912 296.983 1
703.999 311.713 1
341.613 321.982 1
409.838 334.869 3
121.833 347.485 1
548.521 351.361 6
519.283 358.417 1
498.008 362.127 3
454.1 365.476 1
481.741 365.331 1
268.978 311.194 6
283.311 313.903 3
267.506 120.914 2
359.409 137.027 1
88.0934 149.114 2
67.8276 153.462 1
475.573 251.239 6
314.074 302.042 4
369.827 145.759 3
153.96 150.357 2
447.99 175.124 1
145.798 182.199 1
238.181 194.137 1
248.627 225.627 2
121.808 311.229 2
565.139 168.936 2
322.319 223.571 3
744.099 234.014 1
679.1 226.914 1
609.481 217.49 2
590.733 216.994 1
306.296 179.219 2
57.0991 67.7501 1
604.157 376.438 1
134.448 157.856 1
578.549 391.52 2
525.652 400.216 1
284.025 292.073 5
41.0365 273.071 3
69.7561 405.702 1
622.312 264.008 2
409.251 180.841 2
447.728 207.281 2
587.223 351.274 3
305.304 228.903 1
421.482 299.411 4
345.576 297.273 2
719.877 216.968 1
708.383 254.28 1
666.535 244.015 1
382.795 118.763 3
624.708 239.921 1
356.014 136.357 1
372.776 178.283 5
360.224 176.544 5
732.818 197.195 3
365.736 158.783 1
138.578 156 1
468.714 168.772 3
705.535 290.325 1
412.449 154.291 7
142.994 147.168 3
302.708 260.203 2
396.283 309.719 1
194.055 222.277 1
222.863 346.187 1
537.659 165.77 1
388.277 149.03 3
605.844 219.878 1
643.103 394.094 2
151.332 43.0774 1
136.318 70.5426 1
193.394 261.922 2
215.872 356.866 2
131.103 323.966 1
676.604 189.145 1
644.916 237.223 2
619.808 262.106 1
491.312 154.444 2
547.113 241.633 4
475.518 166.158 1
343.428 124.77 1
344.658 152.183 2
448.986 291.764 1
413.942 323.751 1
272.929 188.966 2
264.276 240.057 1
255.077 261.215 6
287.531 309.602 2
195.529 203.693 1
296.942 342.313 1
302.499 392.493 1
133.013 202.148 1
172.697 280.734 1
659.352 390.881 2
278.518 47.4854 1
133.25 52.7379 1
314.789 318.915 1
276.134 309.08 1
252.493 299.709 1
667.766 373.591 1
646.151 368.96 2
358.301 159.717 1
234.128 168.224 2
144.162 157.559 3
702.586 282.812 1
467.618 164.343 3
455.034 165.844 5
512.592 271.402 1
449.161 219.763 2
526.224 356.034 1
207.144 105.035 3
297.33 252.805 1
243.945 219.083 4
129.053 101.017 2
107.224 326.005 2
98.0559 323.171 2
373.681 153.551 3
401.608 341.531 1
262.06 268.39 1
127.549 143.982 2
233.463 172.64 1
167.624 166.688 1
398.713 275.731 1
344.729 268.879 1
277.012 275.463 1
656.419 262.003 1
369.387 271.369 1
134.999 328.793 1
58.0278 171.102 1
652.122 258.772 1
560.616 345.849 2
546.712 330.439 2
417.091 272.786 1
344.953 31.6783 1
367.79 211.473 3
397.083 411.974 1
347.353 252.468 3
353.542 410.723 1
323.433 403.88 4
258.015 234.514 1
218.403 424.762 1
97.4015 87.5916 2
162.696 418.274 1
104.674 179.822 2
110.007 314.425 2
403.696 176.024 1
302.206 325.751 4
651.52 268.291 2
645.252 386.083 1
603.483 360.914 1
499.268 312.149 1
473.169 279.911 1
424.682 162.833 1
358.378 364.215 1
281.745 222.696 2
250.966 160.982 1
279.344 343.837 1
242.344 214.746 1
228.981 278.401 4
166.325 66.42 1
175.653 131.289 7
225.391 378.892 2
176.296 202.544 1
198.979 326.013 1
120.263 73.1085 1
162.791 68.7477 1
494.566 177.787 1
325.312 241.29 1
534.154 268.593 1
525.275 332.837 2
270.63 264.339 1
279.356 325.899 1
625.253 259.188 2
301.605 200.961 2
256.498 323.038 1
619.448 246.195 2
536.114 311.117 3
538.235 253.375 1
479.405 335.409 1
415.306 420.453 1
375.101 415.581 2
300.726 358.617 1
277.46 329.77 1
264.068 220.655 3
219.994 188.537 3
196.319 146.827 2
105.978 82.925 1
615.483 319.415 2
484.978 293.389 2
471.208 154.308 1
73.2833 179.413 5
600.443 354.877 2
570.74 324.303 2
496.182 307.725 1
321.121 289.513 3
283.756 358.352 1
296.35 218.669 3
240.048 158.122 1
231.424 209.012 4
200.811 319.82 3
161.847 361.554 1
620.936 206.757 1
445.422 346.649 2
234.692 158.629 1
446.654 278.75 1
280.299 149.163 1
467.164 306.457 1
465.456 241.074 2
486.136 344.943 2
326.263 318.634 1
360.52 235.55 1
324.036 259.401 2
593.348 378.221 2
619.054 328.196 3
652.835 228.264 1
684.263 125.143 1
468.95 359.271 4
434.961 406.632 1
406.025 364.277 2
480.028 206.373 1
405.598 239.525 1
420.524 216.968 2
186.133 344.206 1
180.724 330.774 3
254.735 147.061 2
204.713 169.882 1
221.652 144.119 2
552.866 230.762 1
370.184 159.079 3
564.484 334.092 1
534.586 328.376 2
500.155 304.729 1
439.781 230.204 1
289.653 352.556 1
328.06 236.887 3
234.331 280.361 2
201.48 299.796 1
173.757 336.107 1
261.807 123.132 1
263.294 100.062 1
566.287 233.688 1
521.198 200.54 2
245.675 346.803 1
256.109 278.819 1
286.002 137.968 2
319.187 165.099 2
725.235 307.375 2
645.805 328.165 1
597.928 334.958 2
429.475 356.608 1
450.057 281.059 1
379.217 314.381 2
308.612 340.448 1
263.263 370.647 4
635.529 166.88 1
321.332 268.641 2
377.978 237.547 1
188.795 322.593 4
557.047 117.297 2
115.928 291.868 1
282.878 177.179 1
400.141 115.391 1
346.406 102.294 1
282.789 131.507 1
328.567 91.9899 2
156.047 160.505 4
456.511 350.418 3
427.313 352.024 2
281.151 376.872 1
686.715 128.75 4
281.309 290.609 2
392.226 230.607 1
371.965 183.998 3
252.793 166.682 1
600.427 232.821 1
351.433 255.912 4
286.929 194.259 1
159.662 185.207 7
107.79 171.391 4
697.346 190.61 1
512.16 282.794 2
485.92 273.06 2
527.796 229.988 1
441.057 227.347 1
531.78 170.406 2
312.885 263.315 2
176.343 327.484 3
207.553 291.098 1
244.607 243.183 1
395.428 156.856 2
326.14 147.402 6
356.33 258.765 3
111.689 150.555 1
40.1024 157.746 1
740.711 198.98 3
749.321 198.72 2
51.9132 284.166 1
351.941 303.299 1
575.046 335.32 1
606.486 371.559 4
184.662 152.105 2
506.771 163.462 2
750.307 192.211 1
319.524 200.328 2
443.997 210.032 1
130.964 212.401 3
427.304 213.634 1
291.83 240.432 4
750.031 254.248 2
638.753 265.386 1
677.013 276.291 1
778.567 286.115 1
398.402 298.034 1
409 297.922 1
265.829 310.954 3
50.0136 320.591 1
121.769 351.275 1
373.412 106.849 1
122.495 150.56 1
83.8887 186.864 1
238.196 198.671 2
265.909 203.942 1
625.302 252.813 2
412.389 269.377 2
505.955 171.909 3
214.539 162.639 1
135.328 154.301 1
537.881 290.638 2
443.69 275.635 2
330.712 302.823 1
42.2262 269.486 2
55.7039 283.224 1
488.377 129.699 2
186.359 89.242 1
373.454 149.571 2
621.714 268.098 1
473.179 237.201 3
68.8377 175.647 2
401.884 297.553 1
114.329 351.838 1
741.685 258.494 1
139.553 147.914 2
390.259 227.788 1
504.575 236.877 2
319.994 221.649 1
390.124 265.369 2
414.375 266.849 1
323.112 302.983 3
57.8719 285.634 1
715.074 143.741 1
710.801 250.951 2
701.896 246.943 1
618.698 236.478 1
627.19 265.084 1
492.095 251.192 2
354.056 203.433 5
551.456 350.637 1
181.485 87.3936 1
344.077 204.312 1
396.118 293.564 1
79.4274 71.7393 1
89.464 124.253 1
137.943 174.403 1
91.1723 166.802 1
510.144 261.53 2
385.402 158.835 1
178.063 128.624 2
465.292 172.787 3
480.666 200.208 1
503.207 282.001 1
538.122 162.379 1
712 231.556 1
671.414 194.2 1
489.073 145.278 2
340.602 155.947 1
353.187 185.442 2
292.3 208.208 1
716.394 244.902 1
627.163 261.958 1
490.325 138.133 1
610.623 351.544 2
334.384 197.696 4
295.299 162.279 1
372.352 285.555 2
301.2 287.138 1
113.293 62.9683 2
118.575 70.3526 1
86.1527 160.919 1
167.839 282.979 1
303.799 107.212 6
234.574 68.7407 1
207.033 101.007 1
348.253 332.955 2
213.804 185.421 1
484.979 318.154 1
190.096 220.145 1
131.016 219.916 1
281.368 268.217 1
658.117 373.777 1
520.309 420.35 2
277.294 290.287 1
229.638 197.027 1
115.135 157.08 2
139.56 327.32 1
690.387 265.805 1
612.915 340.731 3
557.484 224.258 1
453.853 142.33 1
470.17 224.416 1
376.244 282.776 1
295.607 159.272 1
347.177 319.189 1
302.785 241.671 3
324.351 401.296 1
240.026 206.904 1
298.717 389.041 1
229.445 180.278 2
299.3 393.196 1
199.982 150.466 1
233.714 277.03 1
175.312 110.743 1
233.653 372.95 1
145.052 123.226 1
185.895 277.543 2
125.028 114.555 2
186.659 372.645 1
451.174 143.79 1
236.809 209.679 1
662.1 372.419 2
637.329 350.181 1
354.539 159.657 1
202.786 104.583 1
147.721 158.38 2
594.135 261.229 1
596.273 364.762 1
483.825 193.841 1
453.178 216.272 1
380.741 373.839 1
343.162 281.897 1
346.884 367.46 1
284.892 253.276 2
244.687 163.608 2
273.668 316.897 1
234.543 217.544 1
168.911 97.6506 2
203.915 213.117 1
162.998 114.06 1
221.25 281.629 6
350.183 216.345 4
384.071 342.268 2
215.179 104.557 1
467.845 321.559 1
602.485 238.81 2
473.853 336.641 2
202.749 80.3453 4
161.582 268.958 1
133.557 316.851 1
69.481 56.4331 1
540.512 188.067 1
533.078 264.57 1
505.155 325.076 1
461.83 184.97 2
368.698 198.83 1
337.293 23.1064 1
330.128 335.764 1
281.113 144.984 2
269.68 329.597 2
228.177 265.571 4
223.153 331.81 2
208.372 80.1402 1
156.134 99.1145 1
151.897 122.339 1
122.784 75.1405 1
101.871 100.331 1
99.0401 335.876 1
535.963 408.876 1
464.054 335.73 1
272.358 362.513 1
585.175 354.536 1
552.626 250.922 1
526.103 282.834 2
488.632 310.105 1
479.898 332.386 1
458.962 298.503 3
428.934 343.909 1
339.587 278.311 1
257.104 132.469 1
246.338 158.89 1
183.738 322.729 1
577.063 355.234 1
331.424 364.261 1
504.579 178.459 2
309.185 304.727 2
395.314 421.678 2
224.212 322.186 2
614.034 390.943 1
479.04 403.572 2
423.455 407.258 1
411.114 419.259 1
416.638 110.274 1
339.715 166.182 1
237.296 254.659 1
184.398 256.678 1
122.003 112.798 2
100.916 80.1537 1
374.945 364.96 1
212.219 142.023 1
313.013 305.938 1
592.427 353.909 1
365.797 308.455 1
382.652 178.156 1
334.223 236.062 2
271.243 354.958 1
256.894 127.675 1
254.748 103.303 1
190.341 317.397 1
160.699 111.525 1
538.982 329.237 1
474.354 196.342 1
306.366 270.569 1
377.933 255.921 4
590.238 375.604 1
579.124 215.303 1
403.007 361.092 1
391.648 314.865 2
428.798 193.066 4
305.672 346.831 1
264.662 358.378 1
200.987 361.889 1
169.732 344.632 1
152.493 163.589 2
150.454 112.402 1
389.588 312.203 4
310.026 333.891 2
115.715 152.913 1
96.9842 151.903 1
493.489 301.316 2
506.345 167.156 1
434.574 221.146 1
419.558 160.547 2
327.533 270.625 6
224.008 249.61 1
192.302 294.344 1
253.041 112.598 1
188.206 187.735 1
203.193 158.296 1
170.459 117.834 1
316.804 214.395 1
369.254 281.316 2
209.983 182.808 1
578.899 336.072 1
395.053 317.614 1
407.685 213.765 2
383 234.023 1
179.904 322.957 1
341.133 120.835 1
721.596 225.521 1
439.725 347.884 1
617.08 214.157 1
512.043 278.229 4
399.028 348.419 1
541.988 231.503 3
527.969 233.778 2
313.669 334.06 1
300.161 331.05 1
337.722 299.706 3
697.581 251.833 1
283.296 194.843 1
592.555 174.632 1
527.326 167.607 1
329.46 296.516 1
425.655 155.849 1
198.379 281.416 1
335.155 142.873 1
144.224 150.914 1
465.174 373.455 1
426.753 378.141 1
295.562 373.789 1
613.274 258.384 1
230.762 338.533 1
29.7203 186.97 1
43.2025 89.3282 1
35.051 91.3921 1
430.105 309.72 2
752.123 140.899 2
648.073 161.596 1
510.995 173.038 2
115.7 287.522 1
573.557 119.067 1
256.13 170.743 1
217.227 119.734 1
388.326 222.217 4
565.029 230.542 1
235.83 287.978 2
445.423 177.022 2
623.442 174.853 1
591.719 169.585 2
474.753 180.964 1
727.194 126.023 1
359.153 132.15 1
111.695 147.362 2
40.4811 152.442 1
270.585 139.476 1
772.219 264.348 1
223.543 310.89 2
127.327 332.637 1
560.124 164.943 1
586.423 169.507 2
758.146 183.366 1
358.803 182.539 2
69.1305 148.336 1
728.632 148.222 1
384.542 143.543 2
703.384 288.132 2
404.947 301.981 1
125.748 300.8 1
561.278 161.655 1
506.911 159.922 1
439.436 221.924 5
319.876 228.258 2
713.994 193.366 1
486.502 135.237 1
437.439 236.884 1
58.1903 150.496 1
712.909 149.163 2
407.588 151.049 2
507.41 264.81 1
141.389 141.687 2
128.564 137.513 1
368.267 256.044 1
111.981 326.853 1
561.422 157.265 2
541.134 164.473 2
473.747 213.758 1
726.646 196.217 1
712.033 195.82 1
639.065 271.158 1
490.251 253.991 1
441.301 217.908 1
128.648 140.764 1
104.522 354.846 1
330.687 141.077 2
385.005 229.914 2
220.403 202.238 1
162.446 197.311 1
487.762 141.333 1
645.961 364.947 1
702.714 277.967 1
519.709 250.098 1
513.446 266.546 1
482.755 244.471 4
543.683 352.578 2
387.208 290.335 1
210.605 97.8281 1
296.598 364.295 1
136.906 212.114 1
694.201 228.283 1
525.821 206.593 1
581.669 392.007 1
498.12 329.807 3
294.22 292.057 1
680.23 271.243 1
531.701 67.3256 1
648.166 343.023 1
497.001 249.4 2
433.376 177.375 1
438.638 206.301 1
324.576 169.492 1
293.272 234.792 1
341.4 363.362 2
229.179 277.626 1
136.149 127.515 1
141.467 210.352 1
156.122 67.9073 1
478.933 320.165 1
519.139 330.398 1
429.738 305.552 1
405.139 269.818 1
260.645 230.663 2
273.985 260.837 1
222.926 304.463 1
486.454 296.056 3
684.021 383.333 1
367.807 229.877 1
259.587 315.476 1
579.436 228.642 2
359.855 361.499 1
278.416 281.167 1
269.144 274.014 1
272.977 388.242 1
124.817 125.612 1
181.054 373.295 2
596.74 395.067 2
359.981 172.65 3
143.568 49.7961 2
515.364 179.572 1
541.638 258.671 1
486.941 194.614 1
429.847 300.601 1
333.358 281.161 1
317.987 367.242 1
273.851 256.116 1
443.225 286.605 1
402.226 421.623 1
384.557 194.941 1
342.658 357.824 1
203.26 88.2123 1
146.854 117.738 1
612.71 343.732 2
537.176 315.47 1
531.56 408.418 2
439.217 194.199 1
421.334 327.826 2
392.743 291.987 2
339.225 319.512 1
331.435 22.7111 1
271.143 210.077 1
250.438 294.384 1
196.871 419.813 1
441.047 268.913 1
324.612 276.395 2
289.302 317.9 1
577.871 240.202 1
467.875 205.44 1
398.574 421.913 1
201.991 128.371 5
203.345 68.923 1
512 341.437 1
471.223 334.61 1
388.092 193.66 2
384.155 215.812 1
277.599 361.405 1
255.327 155.944 1
204.251 148.649 1
159.573 77.9038 1
490.292 206.463 1
466.451 192.649 1
304.109 304.959 1
474.586 303.355 1
348.696 199.37 1
260.93 355.306 1
264.313 215.837 2
332.902 172.959 1
664.536 238.953 1
452.011 170.385 2
384.291 254.892 1
261.211 290.951 2
642.096 224.609 1
587.89 296.164 3
501.883 349.627 1
277.663 202.506 1
214.239 278.532 5
258.571 147.83 2
173.173 329.817 1
522.919 204.437 1
451.043 350.011 1
419.849 350.93 1
386.479 347.691 2
172.792 77.0254 1
580.505 180.41 1
513.915 170.831 1
142.732 195.189 1
139.511 83.2887 2
627.184 322.92 1
611.501 346.638 1
412.468 309.411 2
379.805 231.943 1
283.23 353.277 2
209.402 295.355 1
204.431 302.417 1
230.014 260.378 1
162.773 338.75 1
291.133 329.013 1
271.428 346.886 1
253.435 349.422 2
252.086 190.577 1
500.062 162.18 1
218.444 242.257 1
542.307 347.662 1
83.1453 169.88 1
517.317 281.614 1
443.394 309.827 2
224.362 280.324 1
211.261 292.491 2
175.894 317.702 1
155.12 156.693 3
296.593 327.492 1
185.633 264.26 1
738.527 253.864 1
539.59 346.363 1
164.692 186.048 1
301.977 143.68 1
764.11 264.119 1
622.656 327.86 2
215.021 288.545 1
374.898 218.224 2
505.15 130.539 1
118.682 147.248 1
54.3215 148.861 1
540.567 168.416 1
741.076 191.322 1
419.819 198.436 2
410.704 266.165 1
769.686 192.722 1
573.471 174.297 1
739.171 180.07 1
450.1 264.838 2
724.174 189.407 1
734.818 190.442 1
44.2645 262.809 2
654.463 251.743 1
569.783 174.453 1
538.708 170.801 1
498.845 282.72 1
261.852 251.952 1
524.477 171.623 1
336.352 147.154 1
436.299 226.274 2
225.669 192.263 1
286.184 264.915 1
322.958 144.683 1
498.184 156.193 3
523.806 318.89 1
652.143 359.064 1
640.474 347.684 3
432.964 279.983 1
441.943 150.838 2
520.574 267.053 1
316.059 202.743 1
305.974 262.18 1
483.879 314.848 1
486.835 253.667 1
531.564 356.176 1
524.815 350.669 1
436.077 297.229 1
358.533 214.672 1
430.273 340.924 1
368.009 288.76 1
297.912 221.95 1
293.754 256.551 1
167.521 107.383 2
268.319 363.643 1
241.825 357.168 1
199.332 352.323 1
454.417 239.13 1
580.349 314.731 1
372.83 221.342 1
310.16 295.063 1
537.596 67.348 1
498.411 349.188 1
431.332 211.075 1
289.818 235.457 1
290.296 246.66 1
171.826 94.19 1
208.178 209.896 1
191.213 327.823 1
471.072 321.512 1
356.993 305.318 1
412.191 306.155 2
476.258 417.18 1
374.121 229.068 1
598.249 357.724 1
546.893 348.632 1
464.981 114.971 1
486.146 331.755 1
426.031 341.541 1
328.888 402.168 1
291.374 218.276 2
305.142 395.002 1
254.128 381.176 1
382.457 251.527 1
295.607 295.369 1
540.454 317.147 1
525.127 186.701 1
441.449 416.581 1
349.994 141.427 1
323.444 165.017 1
227.685 152.019 1
223.749 372.446 1
219.166 265.803 2
352.2 190.774 1
204.994 121.943 1
585.682 225.663 1
552.891 288.09 1
548.744 189.327 2
477.202 271.882 2
361.386 411.915 1
376.079 171.534 1
300.784 213.835 2
288.899 322.068 1
276.539 267.645 1
188.776 314.723 1
212.08 149.529 1
205.601 262.823 1
567.122 297.429 1
286.447 301.843 1
595.943 353.641 1
601.376 313.227 1
480.234 271.538 2
381.8 311.618 1
229.811 252.402 1
195.567 303.564 1
407.195 348.441 1
247.478 98.4695 1
281.943 294.775 2
607.929 349.543 2
198.324 300.978 1
169.786 90.3778 1
417.09 349.477 1
379.69 308.892 1
305.501 332.883 2
402.282 155.407 1
613.964 243.787 1
196.51 296.773 1
157.131 334.366 1
177.647 122.097 1
325.157 216.159 1
262.428 340.531 1
249.883 345.825 1
524.451 285.645 1
205.512 286.726 1
697.328 289.177 1
714.16 254.041 1
486.933 221.811 1
219.59 271.812 1
202.885 281.659 2
341.252 147.613 1
309.958 142.151 1
110.677 176.186 1
76.0235 182.025 1
410.413 194.129 2
722.802 183.958 1
701.662 183.379 1
425.592 239.321 1
477.468 184.606 1
327.93 231.247 1
